0 0.490991 0.504730 0.032072 0.240541
0 0.461982 0.513514 0.028829 0.205405
0 0.433333 0.496622 0.038559 0.240541
0 0.403063 0.503716 0.044324 0.215541
0 0.387027 0.502703 0.043964 0.181081
0 0.346847 0.474662 0.047207 0.207432
0 0.318919 0.450000 0.071351 0.175676
0 0.299279 0.385135 0.058739 0.102703
0 0.521441 0.515878 0.031712 0.222297
0 0.549910 0.518243 0.040360 0.193243
0 0.574955 0.408784 0.047207 0.236486
0 0.589910 0.495608 0.035315 0.212838
0 0.617658 0.491892 0.033153 0.190541
0 0.651712 0.474324 0.049369 0.186486
0 0.683784 0.444932 0.058739 0.170946
0 0.695495 0.366554 0.051892 0.112838
0 0.503063 0.704392 0.023784 0.168243
0 0.526306 0.710811 0.024144 0.164865
0 0.557117 0.723986 0.038919 0.216892
0 0.581261 0.708108 0.033874 0.181081
0 0.618198 0.701014 0.059459 0.191216
0 0.654234 0.667568 0.082523 0.183784
0 0.696036 0.632432 0.079640 0.181081
0 0.737477 0.613851 0.052973 0.112838
0 0.482523 0.710811 0.021622 0.158108
0 0.461802 0.710811 0.027748 0.170270
0 0.430450 0.732432 0.043604 0.206757
0 0.405225 0.716892 0.041441 0.170270
0 0.370811 0.708784 0.057658 0.171622
0 0.333874 0.674662 0.095495 0.183108
0 0.296577 0.625338 0.085766 0.175000
0 0.251892 0.595608 0.054775 0.104730