0 0.475315 0.538514 0.028829 0.254054
0 0.454595 0.502027 0.024144 0.193243
0 0.432072 0.441554 0.033153 0.119595
0 0.418739 0.516554 0.029550 0.095270
0 0.398739 0.486824 0.036396 0.095270
0 0.363063 0.527365 0.043604 0.181757
0 0.340360 0.474324 0.049369 0.097297
0 0.502342 0.545946 0.028829 0.244595
0 0.525225 0.538514 0.026306 0.136486
0 0.551351 0.454392 0.037477 0.122297
0 0.564324 0.533446 0.037477 0.091216
0 0.580180 0.496622 0.043243 0.094595
0 0.622162 0.540541 0.052252 0.175676
0 0.652793 0.481081 0.052973 0.106757
0 0.491532 0.746959 0.020901 0.172297
0 0.505405 0.764527 0.027027 0.180405
0 0.528288 0.843581 0.032432 0.123649
0 0.549369 0.726351 0.031351 0.098649
0 0.586847 0.798311 0.040721 0.096622
0 0.622883 0.725000 0.080360 0.177027
0 0.683423 0.734459 0.061622 0.105405
0 0.715135 0.653378 0.027748 0.077027
0 0.476396 0.744932 0.018739 0.166892
0 0.461802 0.755405 0.019099 0.168919
0 0.457477 0.836486 0.001081 0.004054
0 0.438018 0.842230 0.035676 0.123649
0 0.419820 0.769257 0.028829 0.095270
0 0.383784 0.788514 0.036757 0.086486
0 0.356937 0.714865 0.068829 0.174324
0 0.304865 0.727027 0.053333 0.108108
0 0.275856 0.650338 0.032793 0.072297
0 0.454054 0.615878 0.020180 0.042568
0 0.436757 0.560811 0.023784 0.152703
0 0.417838 0.591554 0.029910 0.085811
0 0.394775 0.566216 0.040000 0.118919
0 0.525045 0.623649 0.018739 0.050000
0 0.541441 0.590878 0.027027 0.120946
0 0.561622 0.612162 0.033514 0.082432
0 0.584865 0.581081 0.046847 0.129730
0 0.527928 0.742230 0.020901 0.141216
0 0.577477 0.711149 0.058739 0.127703
0 0.442342 0.734122 0.027027 0.135811
0 0.398559 0.693581 0.049009 0.115541