0 0.489189 0.551351 0.029189 0.225676
0 0.470631 0.516554 0.025946 0.258784
0 0.451351 0.506419 0.034955 0.245270
0 0.436396 0.493581 0.041802 0.230405
0 0.409730 0.480405 0.044685 0.233784
0 0.385045 0.466554 0.065946 0.227703
0 0.356216 0.446622 0.075315 0.182432
0 0.339459 0.369257 0.051892 0.099324
0 0.517117 0.554054 0.028108 0.210811
0 0.539279 0.542905 0.026306 0.215541
0 0.559820 0.509459 0.030631 0.254054
0 0.575495 0.513851 0.040360 0.193919
0 0.601261 0.493919 0.042162 0.202703
0 0.623243 0.467905 0.069550 0.218243
0 0.646847 0.440878 0.082162 0.173649
0 0.665586 0.373311 0.050450 0.093919
0 0.504324 0.750000 0.021261 0.155405
0 0.523063 0.746959 0.021982 0.152027
0 0.544505 0.767568 0.028829 0.205405
0 0.565405 0.756419 0.034595 0.202027
0 0.600721 0.737838 0.059099 0.195946
0 0.638559 0.696622 0.091532 0.190541
0 0.678919 0.638514 0.081441 0.170270
0 0.717297 0.614527 0.050090 0.103378
0 0.485586 0.742905 0.024144 0.152027
0 0.465225 0.739527 0.022342 0.153378
0 0.443604 0.747635 0.026667 0.193919
0 0.423243 0.739865 0.034234 0.206757
0 0.389369 0.720946 0.058018 0.197297
0 0.350450 0.680743 0.088288 0.191216
0 0.305225 0.634459 0.086486 0.177027
0 0.264505 0.601014 0.046126 0.099324