0 0.478378 0.513514 0.034234 0.167568
0 0.448468 0.510135 0.028468 0.151351
0 0.421081 0.485135 0.030631 0.204054
0 0.400360 0.495270 0.037477 0.163514
0 0.378378 0.500676 0.037477 0.136486
0 0.349009 0.494932 0.055135 0.141216
0 0.297658 0.479730 0.051171 0.167568
0 0.289730 0.383784 0.050450 0.090541
0 0.511892 0.512500 0.034234 0.173649
0 0.541982 0.507095 0.029550 0.165541
0 0.569910 0.485473 0.032072 0.188514
0 0.592973 0.485135 0.036396 0.185135
0 0.616577 0.492230 0.037477 0.160135
0 0.647568 0.491554 0.055495 0.152027
0 0.688108 0.487500 0.058018 0.170946
0 0.699279 0.392230 0.052252 0.096622
0 0.499820 0.703041 0.019459 0.161486
0 0.519459 0.704730 0.020541 0.166216
0 0.541081 0.719595 0.024144 0.216216
0 0.563964 0.711149 0.030991 0.191216
0 0.594955 0.702703 0.062703 0.168919
0 0.631712 0.691554 0.080000 0.166892
0 0.674775 0.672973 0.061622 0.175676
0 0.719820 0.636824 0.047928 0.087162
0 0.481441 0.704730 0.019459 0.159459
0 0.460721 0.706757 0.024144 0.162162
0 0.434054 0.715203 0.032072 0.196622
0 0.409910 0.714527 0.027027 0.184459
0 0.385225 0.698986 0.043243 0.177703
0 0.352252 0.680068 0.063063 0.165541
0 0.300360 0.650000 0.072432 0.162162