0 0.485225 0.508446 0.028468 0.204730
0 0.461622 0.501014 0.023784 0.188514
0 0.434955 0.482770 0.031712 0.222297
0 0.409550 0.483784 0.035676 0.198649
0 0.384144 0.475338 0.033153 0.193919
0 0.352973 0.475338 0.046486 0.164189
0 0.313514 0.447297 0.052613 0.159459
0 0.300000 0.371959 0.047207 0.088514
0 0.516396 0.512500 0.027387 0.199324
0 0.540000 0.500676 0.024144 0.185135
0 0.567207 0.475000 0.030270 0.235135
0 0.592793 0.481081 0.038919 0.201351
0 0.617477 0.483446 0.032793 0.170946
0 0.649730 0.456081 0.044685 0.201351
0 0.681982 0.417905 0.066667 0.202027
0 0.697477 0.331081 0.030631 0.108108
0 0.507207 0.700000 0.019099 0.145946
0 0.525586 0.697297 0.019820 0.151351
0 0.547027 0.705405 0.030991 0.193243
0 0.571351 0.688514 0.029910 0.177027
0 0.596577 0.675000 0.032793 0.198649
0 0.638559 0.664189 0.069910 0.179730
0 0.683964 0.631419 0.076396 0.177703
0 0.727387 0.603378 0.040721 0.087838
0 0.488829 0.695946 0.019099 0.143243
0 0.468829 0.698649 0.020180 0.160811
0 0.447027 0.697297 0.028468 0.189189
0 0.421441 0.677365 0.028468 0.168243
0 0.395856 0.680405 0.029910 0.190541
0 0.363964 0.661149 0.080721 0.180405
0 0.310991 0.630068 0.079279 0.180405
0 0.268288 0.594595 0.046486 0.094595