0 0.476216 0.424662 0.032793 0.231757
0 0.447748 0.427027 0.027748 0.218919
0 0.417297 0.423649 0.034595 0.251351
0 0.392432 0.427365 0.036757 0.234459
0 0.365225 0.438851 0.036396 0.196622
0 0.334775 0.436486 0.049730 0.183784
0 0.305586 0.389527 0.059099 0.147973
0 0.507748 0.415203 0.033874 0.235811
0 0.533153 0.422973 0.023423 0.210811
0 0.560000 0.406757 0.033153 0.254054
0 0.583784 0.431419 0.040360 0.191216
0 0.611712 0.419932 0.036396 0.192568
0 0.648829 0.415203 0.050090 0.191216
0 0.689550 0.404392 0.046486 0.168243
0 0.704144 0.326689 0.033874 0.064189
0 0.501081 0.655405 0.021982 0.181081
0 0.521622 0.655405 0.023423 0.191892
0 0.549189 0.660473 0.029550 0.226351
0 0.573514 0.646284 0.034234 0.200676
0 0.602523 0.634797 0.036757 0.177703
0 0.643243 0.623649 0.063423 0.185135
0 0.692973 0.588514 0.074234 0.174324
0 0.737477 0.569595 0.044324 0.100000
0 0.478378 0.663514 0.024144 0.178378
0 0.459459 0.666554 0.025225 0.188514
0 0.434955 0.669257 0.030270 0.211486
0 0.404324 0.663176 0.032432 0.192568
0 0.372432 0.663176 0.037838 0.197973
0 0.320901 0.623986 0.070991 0.168243
0 0.262523 0.605405 0.046486 0.094595