0 0.484865 0.461149 0.032072 0.160135
0 0.463964 0.466892 0.028468 0.121622
0 0.435856 0.414865 0.038559 0.108108
0 0.434775 0.491892 0.045766 0.100000
0 0.415856 0.487500 0.046126 0.091216
0 0.377838 0.512838 0.049369 0.187838
0 0.345405 0.464865 0.050811 0.087838
0 0.525586 0.473986 0.039279 0.160135
0 0.547928 0.475676 0.025586 0.105405
0 0.573874 0.410811 0.036396 0.110811
0 0.578378 0.482095 0.039640 0.093919
0 0.599279 0.476351 0.039640 0.086486
0 0.633874 0.498311 0.051171 0.196622
0 0.664685 0.445270 0.043604 0.105405
0 0.513514 0.718581 0.019459 0.202027
0 0.531351 0.770608 0.032072 0.156081
0 0.552793 0.815541 0.030991 0.106757
0 0.564324 0.755743 0.025225 0.084459
0 0.602342 0.756757 0.030631 0.079730
0 0.633514 0.691892 0.069189 0.167568
0 0.683243 0.695946 0.046847 0.098649
0 0.497838 0.726689 0.021261 0.203378
0 0.487568 0.765203 0.025225 0.147973
0 0.471171 0.830743 0.024865 0.104730
0 0.454595 0.765203 0.027027 0.083108
0 0.417297 0.765541 0.033874 0.075676
0 0.376577 0.705068 0.074955 0.169595
0 0.325405 0.713514 0.050450 0.095946
0 0.471351 0.546284 0.018739 0.127703
0 0.452973 0.521284 0.032432 0.188514
0 0.435495 0.555068 0.038559 0.126351
0 0.412793 0.561149 0.043604 0.115541
0 0.542342 0.538514 0.016577 0.132432
0 0.563063 0.520946 0.022703 0.178378
0 0.581261 0.551689 0.033153 0.111486
0 0.605586 0.551014 0.039279 0.114189
0 0.530811 0.695608 0.018739 0.157432
0 0.542883 0.697297 0.019820 0.160811
0 0.563423 0.686486 0.033514 0.128378
0 0.593514 0.684797 0.054775 0.134459
0 0.479279 0.695608 0.016577 0.137162
0 0.468649 0.712162 0.021261 0.166216
0 0.451171 0.688514 0.032432 0.116216
0 0.420180 0.710811 0.055495 0.166216