0 0.482703 0.530405 0.032793 0.160811
0 0.456757 0.516554 0.029910 0.199324
0 0.426486 0.527365 0.034234 0.172297
0 0.399459 0.546622 0.038559 0.141892
0 0.365766 0.534122 0.042523 0.165541
0 0.329369 0.505405 0.054775 0.175676
0 0.308649 0.446622 0.044324 0.098649
0 0.515135 0.530068 0.031351 0.161486
0 0.542162 0.522297 0.032072 0.198649
0 0.570270 0.517230 0.036396 0.214189
0 0.597658 0.526689 0.043604 0.192568
0 0.626126 0.508108 0.038559 0.121622
0 0.670811 0.519595 0.049369 0.147297
0 0.696757 0.446959 0.047928 0.091216
0 0.503964 0.700676 0.024865 0.150000
0 0.529550 0.716554 0.027748 0.172297
0 0.558378 0.721284 0.031351 0.183108
0 0.588829 0.705405 0.036036 0.151351
0 0.621261 0.700000 0.042523 0.136486
0 0.667027 0.678716 0.078559 0.173649
0 0.720180 0.667905 0.058739 0.106081
0 0.475315 0.700676 0.030270 0.154054
0 0.450090 0.707432 0.026667 0.156757
0 0.421622 0.713176 0.030270 0.175000
0 0.392072 0.704730 0.036036 0.159459
0 0.362162 0.696959 0.033874 0.130405
0 0.318378 0.676689 0.078919 0.164189
0 0.270450 0.660811 0.052973 0.114865
0 0.632613 0.584459 0.042162 0.068919