0 0.485405 0.545608 0.031712 0.203378
0 0.458559 0.543581 0.026306 0.189865
0 0.427928 0.471622 0.056577 0.145946
0 0.406847 0.546959 0.041802 0.180405
0 0.383063 0.552703 0.038919 0.167568
0 0.341802 0.541216 0.055856 0.175676
0 0.307387 0.478041 0.054054 0.108784
0 0.273153 0.429392 0.042523 0.047973
0 0.516937 0.548649 0.027027 0.210811
0 0.540901 0.524324 0.025225 0.218919
0 0.569550 0.449662 0.041441 0.150676
0 0.592973 0.551014 0.036396 0.153378
0 0.619279 0.536149 0.032793 0.162838
0 0.654775 0.515203 0.047568 0.196622
0 0.680541 0.455405 0.045045 0.131081
0 0.707207 0.396959 0.036396 0.054730
0 0.509369 0.753716 0.020541 0.175000
0 0.528108 0.741216 0.022703 0.181081
0 0.552072 0.771622 0.027387 0.181081
0 0.587027 0.747973 0.038919 0.132432
0 0.624685 0.728041 0.032072 0.106081
0 0.658559 0.695270 0.069550 0.177027
0 0.702342 0.689865 0.049009 0.118919
0 0.740360 0.635135 0.030631 0.082432
0 0.490450 0.754054 0.018739 0.171622
0 0.471351 0.758784 0.028829 0.191892
0 0.445405 0.751689 0.031712 0.177703
0 0.409550 0.723311 0.036396 0.154730
0 0.372072 0.763851 0.037838 0.110135
0 0.334955 0.721622 0.074595 0.191892
0 0.282883 0.726689 0.054054 0.116892
0 0.234955 0.668581 0.036757 0.083108
0 0.436036 0.582770 0.027387 0.103378
0 0.564685 0.542568 0.029550 0.112162
0 0.567568 0.605405 0.025225 0.043243
0 0.555315 0.669932 0.021622 0.062838
0 0.579640 0.670270 0.033514 0.052703