0 0.480901 0.487162 0.033514 0.245946
0 0.457117 0.487500 0.040000 0.192568
0 0.438739 0.415878 0.034955 0.143919
0 0.409189 0.463176 0.040000 0.131757
0 0.378378 0.460135 0.037477 0.117568
0 0.339820 0.465878 0.047568 0.200676
0 0.314955 0.409797 0.043964 0.120946
0 0.516577 0.479730 0.032793 0.259459
0 0.546306 0.494932 0.025946 0.219595
0 0.568468 0.433784 0.035676 0.137838
0 0.589730 0.479730 0.036396 0.133784
0 0.621622 0.479392 0.037477 0.115541
0 0.658559 0.482095 0.045766 0.196622
0 0.680000 0.424324 0.050450 0.118919
0 0.709550 0.375338 0.023784 0.046622
0 0.510631 0.707095 0.019459 0.175000
0 0.530090 0.716216 0.030270 0.195946
0 0.553333 0.747973 0.027027 0.155405
0 0.586126 0.733108 0.033514 0.112162
0 0.619279 0.736824 0.032072 0.122297
0 0.662883 0.669257 0.078919 0.196622
0 0.712252 0.660135 0.066667 0.128378
0 0.742703 0.574662 0.033153 0.081757
0 0.489189 0.715878 0.020541 0.199324
0 0.465045 0.721284 0.021982 0.197973
0 0.434595 0.713514 0.028108 0.168919
0 0.403964 0.682095 0.031712 0.142568
0 0.373153 0.675338 0.040721 0.154730
0 0.330811 0.654392 0.082883 0.177703
0 0.283784 0.637162 0.062342 0.136486
0 0.252252 0.557095 0.031712 0.073649
0 0.429189 0.513176 0.028108 0.164189
0 0.400541 0.542905 0.037117 0.081757
0 0.375676 0.540203 0.037838 0.084459
0 0.574234 0.508108 0.028468 0.200000
0 0.599459 0.562838 0.029189 0.077027
0 0.624144 0.556081 0.036757 0.078378
0 0.557297 0.650676 0.023423 0.078378
0 0.583063 0.660135 0.033874 0.079730
0 0.614595 0.652027 0.046486 0.098649