0 0.467207 0.464189 0.038559 0.227027
0 0.435315 0.469595 0.029550 0.208108
0 0.403243 0.458784 0.036757 0.254054
0 0.376577 0.467568 0.035315 0.222973
0 0.346667 0.457095 0.034595 0.220946
0 0.313153 0.441554 0.049009 0.218243
0 0.276216 0.422297 0.055135 0.197297
0 0.258198 0.377027 0.053694 0.156757
0 0.503063 0.461486 0.038198 0.228378
0 0.534595 0.439865 0.034234 0.271622
0 0.566667 0.460473 0.037117 0.230405
0 0.595135 0.460473 0.040721 0.218243
0 0.626306 0.449662 0.041081 0.220946
0 0.660000 0.427703 0.056577 0.224324
0 0.704685 0.413176 0.047207 0.203378
0 0.726667 0.364527 0.050811 0.145270
0 0.499820 0.707432 0.020180 0.218919
0 0.509189 0.680405 0.002162 0.004054
0 0.521441 0.688176 0.023063 0.181757
0 0.546667 0.706419 0.030991 0.225000
0 0.573514 0.680068 0.038559 0.187162
0 0.605045 0.682095 0.048288 0.206081
0 0.650991 0.652703 0.083964 0.200000
0 0.697297 0.617905 0.076396 0.191216
0 0.742162 0.573649 0.063063 0.160811
0 0.479099 0.694595 0.022703 0.194595
0 0.456937 0.691216 0.022342 0.201351
0 0.431171 0.704730 0.031351 0.220270
0 0.404865 0.685811 0.034955 0.198649
0 0.373153 0.696622 0.048649 0.228378
0 0.329910 0.665878 0.079640 0.208784
0 0.283784 0.625676 0.072432 0.187838
0 0.240901 0.579730 0.063784 0.150000