0 0.484865 0.425676 0.029189 0.240541
0 0.459099 0.420608 0.025946 0.234459
0 0.431892 0.412500 0.036396 0.260135
0 0.413694 0.425676 0.041802 0.195946
0 0.386667 0.418243 0.038919 0.202703
0 0.353514 0.396622 0.057658 0.218919
0 0.304324 0.369932 0.050090 0.222297
0 0.277477 0.321284 0.054775 0.107432
0 0.515315 0.423986 0.030991 0.250676
0 0.543423 0.433446 0.025946 0.220946
0 0.570991 0.418919 0.035676 0.260811
0 0.588649 0.411824 0.037838 0.235811
0 0.614054 0.411824 0.038919 0.223649
0 0.651171 0.407432 0.047568 0.217568
0 0.695135 0.403041 0.045405 0.188514
0 0.721261 0.333446 0.054414 0.107432
0 0.506306 0.640541 0.019459 0.147297
0 0.527928 0.644257 0.025946 0.146622
0 0.554775 0.664865 0.038559 0.202703
0 0.579279 0.649324 0.033514 0.181081
0 0.612613 0.645270 0.055495 0.187838
0 0.649730 0.634122 0.066306 0.202027
0 0.709009 0.611149 0.083964 0.200676
0 0.759099 0.572635 0.075315 0.147973
0 0.485225 0.638851 0.019099 0.141216
0 0.463604 0.642905 0.023423 0.152027
0 0.438919 0.657095 0.034595 0.199324
0 0.414955 0.640203 0.035676 0.184459
0 0.384685 0.630743 0.055856 0.185811
0 0.339820 0.626689 0.077838 0.214189
0 0.282523 0.603378 0.090811 0.221622
0 0.230090 0.555068 0.079640 0.152027