0 0.472432 0.448649 0.029550 0.228378
0 0.463243 0.447973 0.037117 0.191892
0 0.435315 0.422635 0.041081 0.206081
0 0.424505 0.435473 0.041802 0.214189
0 0.396757 0.432770 0.038919 0.206081
0 0.361441 0.424662 0.050450 0.187162
0 0.316577 0.400338 0.046486 0.199324
0 0.296396 0.325000 0.042883 0.122973
0 0.502523 0.447635 0.032793 0.220946
0 0.516396 0.438851 0.041081 0.208784
0 0.542162 0.402027 0.032072 0.216216
0 0.554595 0.416554 0.044685 0.219595
0 0.580180 0.404054 0.048288 0.217568
0 0.619279 0.393243 0.058018 0.198649
0 0.663604 0.374324 0.058739 0.186486
0 0.692793 0.292905 0.049369 0.126351
0 0.509550 0.651014 0.022342 0.172297
0 0.529730 0.651351 0.024505 0.183784
0 0.553874 0.652365 0.038919 0.162838
0 0.570450 0.644257 0.044685 0.192568
0 0.597477 0.620946 0.050450 0.182432
0 0.639279 0.587838 0.089369 0.185135
0 0.683063 0.542905 0.077477 0.166892
0 0.728649 0.519595 0.046847 0.100000
0 0.490631 0.659797 0.024865 0.180405
0 0.473874 0.656757 0.036757 0.174324
0 0.450811 0.680743 0.036036 0.169595
0 0.427207 0.671959 0.045766 0.206081
0 0.407568 0.640541 0.039640 0.174324
0 0.362162 0.628378 0.079279 0.198649
0 0.317838 0.579054 0.069189 0.164865