0 0.489550 0.519257 0.026306 0.239865
0 0.465405 0.512162 0.029189 0.236486
0 0.441802 0.428378 0.036036 0.136486
0 0.417658 0.505405 0.040360 0.089189
0 0.397117 0.462838 0.040360 0.108108
0 0.361261 0.492230 0.055856 0.183108
0 0.325946 0.445946 0.053694 0.106757
0 0.519820 0.516554 0.027748 0.233108
0 0.538018 0.507432 0.030991 0.200000
0 0.562342 0.439189 0.040000 0.127027
0 0.577477 0.485135 0.038559 0.145946
0 0.608288 0.474662 0.036757 0.102027
0 0.639279 0.517905 0.051892 0.169595
0 0.667928 0.453041 0.057297 0.108784
0 0.500541 0.743581 0.030991 0.169595
0 0.519099 0.740203 0.022703 0.156081
0 0.542883 0.834459 0.031351 0.124324
0 0.564324 0.777365 0.030991 0.089865
0 0.597838 0.777365 0.041081 0.080405
0 0.633153 0.698986 0.072793 0.165541
0 0.689369 0.686486 0.051892 0.101351
0 0.487568 0.740541 0.020901 0.175676
0 0.468468 0.738851 0.022342 0.169595
0 0.443964 0.811824 0.038919 0.123649
0 0.416937 0.747297 0.030991 0.090541
0 0.387207 0.741892 0.045045 0.081081
0 0.356757 0.689527 0.074234 0.177703
0 0.302342 0.680068 0.051892 0.089865
0 0.442883 0.553378 0.023784 0.127027
0 0.426486 0.572297 0.032072 0.071622
0 0.398378 0.538851 0.044324 0.116892
0 0.560901 0.568243 0.027748 0.127027
0 0.574955 0.569932 0.029910 0.093919
0 0.603063 0.564189 0.045045 0.094595
0 0.528468 0.746284 0.037117 0.166892
0 0.590811 0.698986 0.060901 0.125000
0 0.452432 0.701014 0.023423 0.126351
0 0.432613 0.677365 0.032072 0.058784
0 0.405405 0.663514 0.040360 0.077027