0 0.512432 0.471959 0.035315 0.218243
0 0.478919 0.475676 0.033874 0.195946
0 0.451171 0.472635 0.031712 0.199324
0 0.422342 0.445270 0.037477 0.245946
0 0.394775 0.464189 0.041441 0.205405
0 0.364324 0.467568 0.043964 0.175676
0 0.324324 0.466892 0.054775 0.164865
0 0.285045 0.423311 0.057658 0.145270
0 0.268829 0.341554 0.057658 0.107432
0 0.539459 0.477027 0.031712 0.197297
0 0.569730 0.459797 0.037477 0.234459
0 0.594955 0.465878 0.042523 0.207432
0 0.625586 0.466216 0.041081 0.183784
0 0.667207 0.458108 0.054414 0.191892
0 0.706486 0.440878 0.061622 0.192568
0 0.730811 0.370270 0.052613 0.118919
0 0.500541 0.676014 0.025946 0.153378
0 0.520541 0.685473 0.036396 0.166892
0 0.550450 0.698649 0.035676 0.202703
0 0.582162 0.698649 0.040721 0.204054
0 0.617658 0.689865 0.040360 0.191892
0 0.669730 0.683784 0.081081 0.201351
0 0.725225 0.671959 0.068108 0.173649
0 0.766126 0.632432 0.051171 0.109459
0 0.479279 0.673649 0.023063 0.150000
0 0.455676 0.684797 0.024865 0.168243
0 0.426486 0.688514 0.032793 0.195946
0 0.397117 0.697635 0.038919 0.199324
0 0.359459 0.663176 0.064505 0.157432
0 0.312973 0.675000 0.070991 0.206757
0 0.254955 0.649662 0.070270 0.172297
0 0.215676 0.597973 0.050090 0.108108