0 0.474775 0.485811 0.031351 0.262162
0 0.450450 0.509797 0.033153 0.218243
0 0.421982 0.468581 0.036757 0.247973
0 0.395495 0.497297 0.040000 0.213514
0 0.368108 0.500338 0.040000 0.187162
0 0.327387 0.488851 0.054414 0.192568
0 0.289369 0.464527 0.071351 0.162838
0 0.274054 0.376014 0.032793 0.061486
0 0.507748 0.492568 0.030270 0.236486
0 0.530991 0.490878 0.042883 0.216892
0 0.565586 0.438851 0.052973 0.218243
0 0.588108 0.481419 0.036757 0.184459
0 0.618018 0.470270 0.045405 0.197297
0 0.656216 0.479054 0.054775 0.191892
0 0.687748 0.429730 0.065946 0.158108
0 0.713694 0.342230 0.032793 0.068243
0 0.511171 0.715878 0.024865 0.207432
0 0.531712 0.728378 0.031351 0.212162
0 0.561081 0.767230 0.041081 0.253378
0 0.586847 0.747635 0.040721 0.215541
0 0.622342 0.716554 0.061261 0.175000
0 0.660360 0.677703 0.079640 0.197297
0 0.699459 0.635135 0.066306 0.162162
0 0.742523 0.594595 0.047928 0.100000
0 0.485946 0.714189 0.024865 0.200000
0 0.463423 0.726351 0.028108 0.209459
0 0.436036 0.752703 0.033874 0.240541
0 0.407027 0.733446 0.045045 0.202027
0 0.375676 0.714527 0.052973 0.195270
0 0.334775 0.684459 0.082162 0.197297
0 0.288468 0.645946 0.071712 0.160811
0 0.241622 0.619595 0.050090 0.094595