0 0.634823 0.793584 0.055218 0.091358
0 0.266135 0.680916 0.057229 0.121804
0 0.354483 0.790541 0.039041 0.090135
0 0.397683 0.810027 0.044886 0.124243
0 0.586395 0.593159 0.037741 0.102439
0 0.610106 0.567578 0.053986 0.114615
0 0.642912 0.517030 0.062429 0.140196
0 0.665973 0.425676 0.068277 0.118270
0 0.724440 0.677264 0.059178 0.116932
0 0.666978 0.698578 0.089647 0.183926
0 0.619559 0.697966 0.068861 0.119365
0 0.585452 0.801500 0.048721 0.099878
0 0.556870 0.858139 0.048724 0.132764
0 0.572753 0.714963 0.035142 0.104872
0 0.343115 0.506068 0.059182 0.184041
0 0.320703 0.428723 0.058530 0.119486
0 0.519485 0.751500 0.033845 0.160905
0 0.409701 0.719892 0.052036 0.119365
0 0.369748 0.704666 0.073470 0.140074
0 0.322978 0.697358 0.079968 0.188797
0 0.427888 0.865446 0.053333 0.137635
0 0.441888 0.742426 0.039625 0.154689
0 0.463944 0.778297 0.031895 0.219365
0 0.485056 0.761855 0.019553 0.174304
0 0.503894 0.748456 0.022151 0.152372
0 0.547420 0.727750 0.029946 0.118270
0 0.425941 0.435422 0.049438 0.113399
0 0.386964 0.464047 0.048133 0.100000
0 0.412625 0.498152 0.046187 0.097561
0 0.378843 0.560878 0.039690 0.120703
0 0.411000 0.575497 0.026050 0.110966
0 0.437018 0.590780 0.025986 0.095007
0 0.455175 0.499980 0.028649 0.125581
0 0.455497 0.595595 0.026699 0.102432
0 0.482458 0.554791 0.033845 0.201095
0 0.515263 0.560882 0.042288 0.186480
0 0.542546 0.521905 0.026699 0.128014
0 0.574378 0.428115 0.052685 0.113392
0 0.580223 0.507895 0.048786 0.097561
0 0.608807 0.479882 0.050083 0.095128
0 0.543196 0.615081 0.024101 0.082946
0 0.562036 0.600466 0.029297 0.114622