0 0.401254 0.607166 0.033845 0.076858
0 0.557813 0.596203 0.033845 0.118270
0 0.416845 0.580976 0.046836 0.170642
0 0.490903 0.752780 0.020854 0.182709
0 0.532477 0.559054 0.037741 0.175514
0 0.282377 0.692486 0.070223 0.125459
0 0.475636 0.557226 0.030595 0.210845
0 0.618584 0.736946 0.047423 0.097446
0 0.665649 0.444557 0.071521 0.114615
0 0.525333 0.747905 0.028649 0.172959
0 0.402555 0.530429 0.044238 0.108520
0 0.567557 0.833780 0.067625 0.196101
0 0.610106 0.580368 0.056580 0.103655
0 0.545470 0.747909 0.033845 0.187574
0 0.507142 0.757044 0.022155 0.186358
0 0.452901 0.736946 0.038393 0.143730
0 0.335027 0.514598 0.067560 0.186480
0 0.369750 0.593767 0.052681 0.120709
0 0.505195 0.551747 0.040342 0.214493
0 0.372380 0.491453 0.033128 0.132892
0 0.582822 0.732074 0.038393 0.148595
0 0.330447 0.721111 0.097506 0.180264
0 0.306086 0.453696 0.061780 0.137757
0 0.473036 0.768003 0.026699 0.186358
0 0.442506 0.548699 0.030598 0.210845
0 0.423016 0.744865 0.039690 0.144946
0 0.391836 0.747301 0.047485 0.130331
0 0.553265 0.432986 0.045535 0.162122
0 0.705600 0.688831 0.056584 0.144946
0 0.434712 0.840476 0.055283 0.148601
0 0.663733 0.703453 0.102638 0.171743
0 0.601661 0.490233 0.048786 0.115831
0 0.583796 0.604730 0.042937 0.096351
0 0.571130 0.517030 0.053986 0.130453
0 0.412950 0.438470 0.055932 0.158466
0 0.635115 0.509723 0.084515 0.181608