0 0.480000 0.454392 0.033153 0.266892
0 0.449730 0.472973 0.041802 0.100000
0 0.430090 0.372973 0.060180 0.140541
0 0.403964 0.452027 0.038919 0.112162
0 0.379640 0.440541 0.041441 0.102703
0 0.334234 0.484797 0.051532 0.202027
0 0.308288 0.429392 0.056577 0.110135
0 0.512973 0.458784 0.036396 0.243243
0 0.532613 0.447297 0.043964 0.198649
0 0.557477 0.342230 0.054054 0.149324
0 0.567748 0.412838 0.047928 0.125676
0 0.605946 0.417230 0.045045 0.107432
0 0.650991 0.466554 0.053694 0.199324
0 0.684685 0.414865 0.056216 0.110811
0 0.504505 0.695270 0.028829 0.197297
0 0.523423 0.694257 0.042162 0.212838
0 0.549550 0.784122 0.047568 0.162838
0 0.580721 0.735473 0.036396 0.112838
0 0.628468 0.742905 0.041802 0.097973
0 0.671892 0.680068 0.081081 0.200676
0 0.726847 0.678716 0.057658 0.120946
0 0.482703 0.702703 0.024144 0.193243
0 0.460901 0.709797 0.030270 0.215541
0 0.439820 0.812838 0.040000 0.175676
0 0.407387 0.762500 0.034234 0.115541
0 0.364144 0.769595 0.037117 0.095946
0 0.320360 0.702365 0.072793 0.204730
0 0.267387 0.704730 0.056216 0.117568
0 0.451892 0.536486 0.023063 0.086486
0 0.425586 0.480068 0.028829 0.203378
0 0.398739 0.521622 0.030631 0.063514
0 0.374234 0.530743 0.041441 0.115541
0 0.567568 0.476351 0.028108 0.168919
0 0.588468 0.501014 0.030270 0.111486
0 0.612252 0.504730 0.044685 0.110811
0 0.554775 0.677703 0.027748 0.171622
0 0.581802 0.655405 0.040721 0.121622
0 0.624505 0.666216 0.062703 0.150000
0 0.435495 0.698986 0.027748 0.180405
0 0.367387 0.696622 0.058739 0.172973