0 0.474955 0.550000 0.028108 0.121622
0 0.452613 0.536824 0.030270 0.116892
0 0.428468 0.463851 0.031712 0.097973
0 0.417117 0.531757 0.040000 0.089189
0 0.393694 0.496959 0.043604 0.108784
0 0.361982 0.506419 0.059459 0.134459
0 0.327027 0.436824 0.063784 0.110135
0 0.516757 0.533446 0.044685 0.116892
0 0.533514 0.553378 0.032072 0.124324
0 0.556757 0.482095 0.033874 0.104730
0 0.566306 0.542230 0.041441 0.114189
0 0.585586 0.520270 0.039640 0.101351
0 0.621622 0.516892 0.059820 0.151351
0 0.656216 0.460135 0.057658 0.116216
0 0.489369 0.790541 0.021622 0.152703
0 0.510450 0.778378 0.027027 0.135135
0 0.540541 0.838514 0.047568 0.086486
0 0.564324 0.796622 0.040360 0.086486
0 0.603423 0.800338 0.040000 0.068243
0 0.652613 0.745946 0.077838 0.158108
0 0.708288 0.709797 0.053694 0.107432
0 0.479820 0.753716 0.021982 0.165541
0 0.450450 0.785811 0.030270 0.120270
0 0.421441 0.840878 0.041441 0.107432
0 0.400901 0.792230 0.035676 0.088514
0 0.365405 0.791892 0.034595 0.067568
0 0.317658 0.744257 0.072432 0.150676
0 0.268829 0.692568 0.043964 0.108108
0 0.474775 0.605068 0.017658 0.114189
0 0.450811 0.609122 0.016577 0.122297
0 0.430450 0.591216 0.024865 0.154054
0 0.413153 0.606081 0.032793 0.104054
0 0.387027 0.593919 0.040360 0.114865
0 0.528649 0.625676 0.018018 0.124324
0 0.547387 0.609122 0.024505 0.164189
0 0.566306 0.617905 0.035676 0.099324
0 0.590811 0.605743 0.047928 0.116892
0 0.507748 0.747635 0.018018 0.145270
0 0.536937 0.750676 0.025225 0.166216
0 0.562883 0.727027 0.044685 0.125676
0 0.597477 0.712500 0.067027 0.131757
0 0.456036 0.725676 0.016937 0.125676
0 0.435315 0.742568 0.025225 0.170270
0 0.406847 0.708784 0.045405 0.120270
0 0.371351 0.703716 0.068829 0.137162