0 0.481982 0.465878 0.035676 0.257432
0 0.453694 0.443581 0.033874 0.256081
0 0.425586 0.423649 0.043243 0.279730
0 0.397117 0.438176 0.052613 0.218243
0 0.361261 0.438851 0.040721 0.195270
0 0.320901 0.426014 0.055856 0.196622
0 0.281622 0.386149 0.063784 0.161486
0 0.257297 0.290203 0.052613 0.088514
0 0.516396 0.470946 0.035315 0.259459
0 0.545766 0.463514 0.029910 0.233784
0 0.573514 0.432432 0.037838 0.281081
0 0.599279 0.443919 0.043243 0.233784
0 0.634955 0.439527 0.039640 0.220946
0 0.671712 0.415878 0.057658 0.231757
0 0.714234 0.400000 0.064144 0.198649
0 0.736396 0.325338 0.055135 0.091216
0 0.502162 0.687162 0.021261 0.179730
0 0.524505 0.693243 0.025586 0.195946
0 0.549009 0.699662 0.037117 0.225000
0 0.578378 0.695270 0.037477 0.208108
0 0.615676 0.675676 0.057297 0.195946
0 0.666126 0.657432 0.092613 0.229730
0 0.717477 0.595270 0.085045 0.175676
0 0.770811 0.570270 0.054054 0.113514
0 0.478739 0.692568 0.029189 0.187838
0 0.459099 0.691216 0.025225 0.204054
0 0.431892 0.696959 0.041441 0.246622
0 0.405405 0.684459 0.038919 0.213514
0 0.364505 0.668243 0.063784 0.205405
0 0.313153 0.653378 0.100901 0.237838
0 0.264144 0.581419 0.090811 0.192568
0 0.210270 0.540541 0.054414 0.120270