0 0.616279 0.451257 0.036443 0.191351
0 0.687411 0.428723 0.056580 0.153595
0 0.476942 0.456736 0.038404 0.219365
0 0.562359 0.426287 0.027348 0.294885
0 0.590618 0.438470 0.038389 0.207182
0 0.426915 0.665693 0.039690 0.215588
0 0.449652 0.448213 0.025402 0.212061
0 0.531178 0.451257 0.029946 0.210838
0 0.419445 0.462220 0.040339 0.215709
0 0.391186 0.446993 0.038393 0.238851
0 0.368124 0.439686 0.036443 0.214493
0 0.577984 0.681524 0.045474 0.196101
0 0.524357 0.679699 0.034494 0.216804
0 0.508766 0.677260 0.026699 0.177831
0 0.492526 0.680916 0.025398 0.197318
0 0.473038 0.673611 0.029297 0.194885
0 0.449328 0.665081 0.036443 0.224122
0 0.506818 0.453084 0.035791 0.231547
0 0.399631 0.660209 0.046187 0.207068
0 0.353834 0.660209 0.072822 0.211932
0 0.305112 0.645591 0.075420 0.231426
0 0.248272 0.612101 0.074771 0.154689
0 0.336294 0.422024 0.048133 0.232764
0 0.285948 0.408017 0.061777 0.192574
0 0.646811 0.436642 0.048137 0.181608
0 0.549724 0.675436 0.040926 0.235074
0 0.640346 0.667517 0.083150 0.221682
0 0.735514 0.604182 0.082501 0.170527
0 0.691665 0.643159 0.090948 0.214372
0 0.597796 0.674824 0.050022 0.209500