0 0.480360 0.546284 0.030270 0.183108
0 0.458018 0.502703 0.030270 0.122973
0 0.434054 0.421622 0.032793 0.128378
0 0.419640 0.487162 0.037838 0.100000
0 0.392252 0.460811 0.040721 0.095946
0 0.350811 0.495946 0.052252 0.160811
0 0.336216 0.413514 0.060541 0.108108
0 0.514955 0.551689 0.030270 0.173649
0 0.539459 0.522635 0.030991 0.133108
0 0.563063 0.412838 0.032793 0.121622
0 0.582703 0.466216 0.040360 0.131081
0 0.606486 0.448649 0.039640 0.105405
0 0.649550 0.495608 0.052252 0.162838
0 0.668288 0.419932 0.057297 0.115541
0 0.509009 0.719257 0.019820 0.137162
0 0.527027 0.720270 0.021982 0.139189
0 0.554775 0.821284 0.040000 0.115541
0 0.579640 0.764865 0.034234 0.091892
0 0.618559 0.763176 0.040721 0.089865
0 0.653153 0.668581 0.075315 0.169595
0 0.708108 0.669257 0.053333 0.107432
0 0.490811 0.721622 0.020901 0.139189
0 0.471351 0.730405 0.022342 0.141892
0 0.444144 0.825000 0.037838 0.108108
0 0.415135 0.778378 0.036757 0.093243
0 0.373694 0.771959 0.045405 0.089865
0 0.343784 0.676014 0.080721 0.180405
0 0.287568 0.670946 0.056937 0.102703
0 0.436216 0.561149 0.027027 0.127703
0 0.416036 0.562500 0.029910 0.103378
0 0.388649 0.546622 0.040000 0.109459
0 0.564685 0.553041 0.025946 0.130405
0 0.584505 0.555068 0.030991 0.104730
0 0.611712 0.525000 0.042162 0.141892
0 0.549550 0.705068 0.023063 0.125000
0 0.574414 0.696284 0.039640 0.138514
0 0.606667 0.683784 0.052973 0.150000
0 0.449189 0.710811 0.026306 0.122973
0 0.425586 0.703378 0.038919 0.132432
0 0.387928 0.689189 0.066667 0.144595