0 0.482523 0.481757 0.035315 0.255405
0 0.456577 0.469932 0.040360 0.223649
0 0.436577 0.375338 0.048649 0.147973
0 0.413333 0.476014 0.043243 0.133108
0 0.393333 0.412500 0.044324 0.120946
0 0.333874 0.448311 0.058739 0.192568
0 0.314414 0.386824 0.050090 0.111486
0 0.518919 0.489189 0.037477 0.240541
0 0.546486 0.480068 0.045045 0.216892
0 0.558919 0.384797 0.040360 0.169595
0 0.600541 0.442568 0.042883 0.129730
0 0.655315 0.462162 0.058739 0.206757
0 0.679279 0.404730 0.053333 0.121622
0 0.704865 0.328041 0.033153 0.075000
0 0.509730 0.724662 0.027748 0.188514
0 0.530090 0.736149 0.040360 0.195270
0 0.555676 0.835135 0.054054 0.163514
0 0.587928 0.768243 0.037838 0.135135
0 0.630991 0.747635 0.041802 0.119595
0 0.658919 0.676689 0.097658 0.191216
0 0.714054 0.661486 0.068108 0.137838
0 0.741441 0.566892 0.046486 0.100000
0 0.490090 0.730405 0.022342 0.200000
0 0.467387 0.746959 0.028108 0.200676
0 0.431171 0.841216 0.060180 0.170270
0 0.407027 0.749324 0.041441 0.129730
0 0.364505 0.748311 0.045045 0.116892
0 0.326847 0.661824 0.089369 0.193919
0 0.278919 0.651014 0.061261 0.125000
0 0.428108 0.555743 0.030270 0.058784
0 0.402342 0.555743 0.026306 0.061486
0 0.373514 0.504054 0.045045 0.155405
0 0.578378 0.512162 0.043243 0.147297
0 0.611351 0.537500 0.049369 0.116892
0 0.560180 0.693581 0.026306 0.137162
0 0.587027 0.671622 0.040360 0.090541
0 0.441441 0.699324 0.038919 0.151351
0 0.417297 0.653716 0.049730 0.081757
0 0.382162 0.654392 0.063063 0.083108