0 0.478378 0.556419 0.028468 0.185811
0 0.450631 0.550338 0.026306 0.172297
0 0.422703 0.537162 0.029550 0.205405
0 0.396757 0.534459 0.033874 0.185135
0 0.371351 0.525338 0.030631 0.183108
0 0.341081 0.517230 0.043604 0.168243
0 0.310270 0.477703 0.053333 0.201351
0 0.298018 0.415203 0.046847 0.092568
0 0.506126 0.550676 0.027748 0.187838
0 0.533874 0.549324 0.027748 0.171622
0 0.559820 0.530405 0.032793 0.227027
0 0.583604 0.527365 0.037838 0.218243
0 0.613333 0.528041 0.035315 0.206081
0 0.642162 0.512838 0.049009 0.198649
0 0.678739 0.491216 0.054414 0.200000
0 0.694414 0.426689 0.052613 0.100676
0 0.501261 0.739527 0.020901 0.146622
0 0.516216 0.741554 0.027027 0.160135
0 0.544505 0.751351 0.029550 0.193243
0 0.569369 0.746959 0.032432 0.177703
0 0.598018 0.746622 0.040000 0.186486
0 0.642703 0.727703 0.076757 0.190541
0 0.686126 0.684797 0.087207 0.170946
0 0.737658 0.663851 0.048288 0.103378
0 0.484324 0.737162 0.018739 0.144595
0 0.465225 0.738514 0.021622 0.151351
0 0.442162 0.751351 0.026667 0.191892
0 0.412793 0.751351 0.038559 0.200000
0 0.384144 0.744595 0.039640 0.200000
0 0.341802 0.715541 0.065225 0.185135
0 0.302703 0.676014 0.065586 0.175000
0 0.255135 0.660811 0.052613 0.102703