0 0.478739 0.537838 0.035676 0.204054
0 0.450090 0.525000 0.033153 0.186486
0 0.420721 0.483446 0.030631 0.207432
0 0.395135 0.498311 0.036396 0.173649
0 0.366486 0.477365 0.035315 0.130405
0 0.325766 0.504730 0.049730 0.174324
0 0.297838 0.439865 0.050811 0.132432
0 0.516216 0.535811 0.039279 0.216216
0 0.550450 0.512500 0.030631 0.218243
0 0.572252 0.554054 0.029550 0.163514
0 0.602342 0.504054 0.042162 0.168919
0 0.627027 0.479054 0.033874 0.124324
0 0.670450 0.502703 0.056577 0.182432
0 0.700901 0.443919 0.046126 0.121622
0 0.508649 0.721622 0.027027 0.150000
0 0.536396 0.722635 0.024865 0.161486
0 0.563784 0.734122 0.032793 0.187162
0 0.598198 0.715541 0.039640 0.172973
0 0.651351 0.755068 0.050811 0.120946
0 0.695135 0.681081 0.095856 0.191892
0 0.743423 0.652703 0.072072 0.137838
0 0.770631 0.586486 0.029910 0.074324
0 0.483423 0.715541 0.024144 0.145946
0 0.456937 0.714865 0.028108 0.144595
0 0.423604 0.728378 0.031351 0.190541
0 0.392793 0.717568 0.043964 0.177027
0 0.340180 0.748649 0.041081 0.117568
0 0.299099 0.670608 0.090090 0.195270
0 0.250090 0.647973 0.076396 0.145946
0 0.219640 0.589865 0.037117 0.094595
0 0.401441 0.595946 0.032432 0.058108
0 0.367568 0.567568 0.041081 0.090541
0 0.630450 0.560811 0.037838 0.114865
0 0.641802 0.681757 0.067027 0.140541
0 0.350991 0.672297 0.068468 0.143243