0 0.458018 0.505405 0.044685 0.140541
0 0.433694 0.524662 0.033514 0.102027
0 0.421982 0.538514 0.029550 0.259459
0 0.398559 0.518919 0.034595 0.101351
0 0.378378 0.502703 0.038919 0.090541
0 0.336577 0.546622 0.053333 0.179730
0 0.315315 0.468919 0.054054 0.112162
0 0.501622 0.525338 0.035315 0.149324
0 0.529550 0.488514 0.028468 0.133784
0 0.545766 0.526014 0.030631 0.261486
0 0.570991 0.493919 0.039279 0.102703
0 0.593874 0.487162 0.046126 0.090541
0 0.635495 0.524324 0.057297 0.189189
0 0.661802 0.450676 0.057297 0.114865
0 0.520360 0.744257 0.031712 0.177703
0 0.540901 0.767230 0.028108 0.139865
0 0.569189 0.842568 0.029910 0.108108
0 0.589189 0.778378 0.030991 0.081081
0 0.622883 0.797973 0.034234 0.079730
0 0.659279 0.692905 0.070991 0.184459
0 0.709550 0.687162 0.051892 0.106757
0 0.496757 0.740541 0.029910 0.166216
0 0.479459 0.807095 0.035676 0.133108
0 0.448108 0.852027 0.037838 0.114865
0 0.407928 0.813851 0.036757 0.084459
0 0.366306 0.729054 0.078198 0.190541
0 0.309550 0.723649 0.054775 0.102703
0 0.472793 0.603716 0.020180 0.097973
0 0.449009 0.594932 0.038919 0.115541
0 0.397477 0.604392 0.037477 0.107432
0 0.370450 0.589865 0.043964 0.120270
0 0.518018 0.587162 0.022703 0.120270
0 0.569009 0.579392 0.034595 0.111486
0 0.594775 0.571284 0.046486 0.122297
0 0.559279 0.726014 0.028829 0.170946
0 0.582703 0.697973 0.044685 0.114865
0 0.613333 0.690541 0.052613 0.120270
0 0.470631 0.711824 0.018018 0.111486
0 0.449730 0.734122 0.025225 0.161486
0 0.417117 0.728716 0.053694 0.147973