0 0.483423 0.515541 0.035676 0.239189
0 0.460901 0.516216 0.023784 0.229730
0 0.434414 0.475338 0.032793 0.260135
0 0.407928 0.529392 0.035315 0.195270
0 0.382703 0.499662 0.037477 0.112838
0 0.342523 0.512500 0.050811 0.197973
0 0.306126 0.500676 0.056577 0.168919
0 0.521081 0.514527 0.040360 0.235811
0 0.541622 0.520608 0.023063 0.223649
0 0.569730 0.461824 0.036036 0.227703
0 0.591351 0.531081 0.035315 0.198649
0 0.614595 0.495270 0.034234 0.128378
0 0.648649 0.513176 0.046126 0.188514
0 0.683423 0.501351 0.056577 0.152703
0 0.510811 0.723311 0.020541 0.176351
0 0.528829 0.723986 0.019820 0.168243
0 0.551171 0.734459 0.024865 0.200000
0 0.578559 0.723311 0.028468 0.188514
0 0.606667 0.720270 0.031351 0.186486
0 0.650450 0.703716 0.074955 0.187162
0 0.692613 0.660811 0.066306 0.154054
0 0.494595 0.725338 0.019099 0.169595
0 0.474414 0.731757 0.021261 0.181081
0 0.450631 0.738176 0.027027 0.215541
0 0.423964 0.734797 0.032072 0.207432
0 0.396937 0.731757 0.031351 0.170270
0 0.347568 0.707770 0.078919 0.187162
0 0.305225 0.669932 0.064144 0.154730
0 0.377658 0.571959 0.043964 0.100676
0 0.567568 0.607432 0.028829 0.071622
0 0.616036 0.576014 0.037838 0.084459