0 0.475315 0.440878 0.028108 0.245270
0 0.450270 0.453378 0.021982 0.200000
0 0.427387 0.418243 0.030991 0.264865
0 0.407748 0.420608 0.034234 0.226351
0 0.383964 0.419932 0.032072 0.214189
0 0.352252 0.417230 0.050090 0.195270
0 0.308649 0.392568 0.053694 0.202703
0 0.281081 0.340878 0.046126 0.111486
0 0.498919 0.441216 0.028468 0.258108
0 0.525225 0.435135 0.024144 0.251351
0 0.547748 0.426351 0.033153 0.255405
0 0.566306 0.415878 0.037117 0.229054
0 0.590270 0.408108 0.035315 0.225676
0 0.624324 0.417568 0.055135 0.189189
0 0.670631 0.389865 0.056937 0.190541
0 0.699640 0.332770 0.054414 0.114189
0 0.484324 0.657770 0.018018 0.143919
0 0.498739 0.669257 0.028108 0.156081
0 0.523243 0.671959 0.030270 0.188514
0 0.547027 0.662838 0.036757 0.182432
0 0.577477 0.657432 0.055135 0.198649
0 0.623063 0.628378 0.097297 0.193243
0 0.679640 0.592230 0.092973 0.185811
0 0.732613 0.564865 0.066306 0.109459
0 0.466667 0.661149 0.023063 0.157432
0 0.449910 0.659122 0.023423 0.146622
0 0.427748 0.667568 0.029550 0.204054
0 0.402703 0.663514 0.035676 0.193243
0 0.373333 0.659459 0.048288 0.204054
0 0.334414 0.634122 0.083604 0.197973
0 0.287387 0.600338 0.083964 0.189865
0 0.240901 0.576014 0.063784 0.126351