0 0.471712 0.448986 0.033874 0.265541
0 0.444144 0.447297 0.032072 0.255405
0 0.419099 0.426351 0.033874 0.255405
0 0.409730 0.481081 0.036036 0.208108
0 0.389730 0.476014 0.035676 0.219595
0 0.354595 0.478716 0.048288 0.206081
0 0.312252 0.480405 0.050811 0.201351
0 0.290270 0.431757 0.061622 0.097297
0 0.500541 0.456419 0.033153 0.252027
0 0.526486 0.468243 0.025946 0.221622
0 0.554595 0.456081 0.036757 0.256757
0 0.576937 0.488514 0.042523 0.200000
0 0.603243 0.479392 0.038919 0.212838
0 0.635676 0.476689 0.056937 0.223649
0 0.677297 0.483108 0.055856 0.201351
0 0.702342 0.431419 0.069189 0.112838
0 0.503784 0.699324 0.023784 0.177027
0 0.523423 0.703716 0.027027 0.185811
0 0.547207 0.718243 0.037117 0.224324
0 0.576036 0.711149 0.038559 0.203378
0 0.613153 0.712162 0.040721 0.210811
0 0.652072 0.693243 0.076036 0.185135
0 0.705766 0.679392 0.077477 0.192568
0 0.756036 0.646959 0.058378 0.108784
0 0.482523 0.696284 0.020901 0.173649
0 0.459459 0.699662 0.025225 0.177703
0 0.434955 0.720608 0.033153 0.211486
0 0.412613 0.700338 0.038198 0.199324
0 0.378739 0.701351 0.049009 0.202703
0 0.335676 0.687500 0.076757 0.192568
0 0.287027 0.658446 0.073874 0.173649
0 0.237477 0.649324 0.049009 0.101351