0 0.484865 0.513514 0.027748 0.236486
0 0.461081 0.493581 0.032072 0.250676
0 0.436216 0.467905 0.031351 0.299324
0 0.415315 0.496284 0.036396 0.216892
0 0.392252 0.501689 0.031351 0.193919
0 0.362883 0.495608 0.049730 0.196622
0 0.319099 0.480068 0.063784 0.191216
0 0.597297 0.497635 0.041441 0.081757
0 0.298378 0.448986 0.045405 0.154730
0 0.510811 0.513851 0.025586 0.218243
0 0.532793 0.511149 0.024865 0.195270
0 0.554955 0.480405 0.030991 0.245946
0 0.573153 0.487500 0.037838 0.230405
0 0.596757 0.499662 0.035315 0.247973
0 0.621441 0.482095 0.052252 0.199324
0 0.670270 0.498986 0.054054 0.216892
0 0.694414 0.440203 0.050450 0.157432
0 0.510450 0.710811 0.017658 0.141892
0 0.529369 0.712162 0.020901 0.154054
0 0.551171 0.741892 0.031351 0.225676
0 0.580541 0.729054 0.046847 0.201351
0 0.609730 0.728041 0.060541 0.207432
0 0.645405 0.693581 0.074955 0.230405
0 0.692793 0.673311 0.086847 0.181757
0 0.741441 0.652365 0.075315 0.139865
0 0.494595 0.711149 0.021261 0.141216
0 0.475856 0.715203 0.024865 0.141216
0 0.454595 0.738514 0.026306 0.198649
0 0.426126 0.747635 0.031351 0.212838
0 0.391351 0.738851 0.058378 0.203378
0 0.359640 0.721284 0.074234 0.219595
0 0.309189 0.681081 0.084324 0.210811
0 0.256577 0.669595 0.075676 0.135135