0 0.453874 0.254392 0.071712 0.208784
0 0.458198 0.414527 0.032072 0.216892
0 0.434414 0.369932 0.034234 0.226351
0 0.418559 0.400338 0.042883 0.212838
0 0.390270 0.402027 0.045405 0.189189
0 0.325225 0.358784 0.053694 0.200000
0 0.292613 0.299324 0.041802 0.162162
0 0.512072 0.404054 0.027387 0.252703
0 0.531532 0.401014 0.030270 0.241216
0 0.556396 0.386149 0.035315 0.281757
0 0.578919 0.404392 0.045045 0.202027
0 0.598919 0.386149 0.052613 0.210135
0 0.671351 0.338851 0.048288 0.218243
0 0.700000 0.289527 0.053694 0.161486
0 0.513333 0.637838 0.022703 0.183784
0 0.533514 0.647297 0.024865 0.208108
0 0.558559 0.642905 0.038198 0.239865
0 0.585946 0.631757 0.047568 0.225676
0 0.617658 0.600000 0.056937 0.195946
0 0.656036 0.577703 0.067387 0.163514
0 0.700901 0.533108 0.082883 0.187838
0 0.749369 0.495270 0.058018 0.132432
0 0.491532 0.636824 0.022342 0.179054
0 0.470631 0.639865 0.027387 0.186486
0 0.445225 0.648649 0.037117 0.240541
0 0.419640 0.629730 0.037117 0.206757
0 0.392793 0.622297 0.038198 0.210811
0 0.353514 0.581081 0.060541 0.137838
0 0.297297 0.545946 0.082162 0.185135
0 0.247207 0.520608 0.055495 0.133108
0 0.480180 0.416554 0.033514 0.175000