0 0.477658 0.562162 0.031351 0.201351
0 0.449910 0.548649 0.027027 0.175676
0 0.422703 0.452703 0.034595 0.137838
0 0.407928 0.567568 0.033153 0.128378
0 0.385045 0.489527 0.034955 0.093919
0 0.336036 0.506081 0.056577 0.187838
0 0.316396 0.443581 0.050450 0.104730
0 0.508288 0.559459 0.032072 0.206757
0 0.535676 0.543919 0.026306 0.201351
0 0.559279 0.449324 0.038919 0.141892
0 0.573694 0.522635 0.038198 0.102027
0 0.599459 0.504392 0.042162 0.092568
0 0.646126 0.516216 0.058378 0.194595
0 0.669550 0.458108 0.058378 0.109459
0 0.511892 0.758784 0.019820 0.166216
0 0.531712 0.757770 0.020541 0.150676
0 0.551351 0.841216 0.033874 0.131081
0 0.590450 0.798311 0.032793 0.106081
0 0.628288 0.788514 0.038559 0.097297
0 0.659820 0.708446 0.079279 0.183108
0 0.714234 0.696959 0.058378 0.112838
0 0.743063 0.611824 0.016577 0.068243
0 0.488108 0.757432 0.028468 0.163514
0 0.471892 0.755405 0.024865 0.163514
0 0.440721 0.821284 0.033874 0.137162
0 0.407748 0.774662 0.032072 0.095270
0 0.366486 0.769257 0.034595 0.088514
0 0.333153 0.693581 0.072432 0.180405
0 0.279099 0.679392 0.053694 0.108784
0 0.372613 0.574662 0.042523 0.099324
0 0.557658 0.584797 0.028468 0.129054
0 0.578018 0.599324 0.034595 0.081081
0 0.608829 0.585473 0.045766 0.116892
0 0.555856 0.726689 0.025586 0.104730
0 0.585586 0.719595 0.043243 0.101351
0 0.620360 0.714865 0.047928 0.083784
0 0.445045 0.730405 0.023063 0.132432
0 0.416577 0.712162 0.041081 0.094595
0 0.379820 0.685811 0.059099 0.098649