0 0.479099 0.540878 0.038559 0.229054
0 0.446847 0.535135 0.032432 0.217568
0 0.417838 0.460135 0.048649 0.190541
0 0.400000 0.493581 0.045405 0.180405
0 0.365405 0.464189 0.037477 0.195946
0 0.327027 0.496959 0.058739 0.200676
0 0.300000 0.443919 0.051532 0.152703
0 0.281982 0.380743 0.042162 0.075000
0 0.514775 0.537162 0.037117 0.233784
0 0.540901 0.531757 0.040360 0.204054
0 0.572432 0.461824 0.036396 0.246622
0 0.594595 0.536486 0.043243 0.175676
0 0.620000 0.479054 0.040721 0.162162
0 0.658739 0.505068 0.058378 0.180405
0 0.686306 0.445270 0.057297 0.164865
0 0.708288 0.397973 0.035676 0.064865
0 0.507568 0.768919 0.023423 0.189189
0 0.527748 0.772635 0.027027 0.192568
0 0.554414 0.792230 0.035676 0.179054
0 0.580000 0.755068 0.034955 0.170946
0 0.614414 0.748311 0.049730 0.172297
0 0.656216 0.714189 0.085766 0.177027
0 0.701982 0.690878 0.065586 0.143919
0 0.737658 0.627027 0.035315 0.095946
0 0.485045 0.774662 0.023063 0.199324
0 0.462523 0.778041 0.027027 0.211486
0 0.435315 0.777703 0.030991 0.185135
0 0.399640 0.758108 0.042523 0.178378
0 0.369550 0.747635 0.052973 0.170946
0 0.327387 0.716216 0.082523 0.183784
0 0.281441 0.698986 0.058378 0.134459
0 0.254595 0.626351 0.036396 0.093243
0 0.420721 0.591554 0.032072 0.087162
0 0.393874 0.589189 0.032432 0.058108
0 0.363964 0.582432 0.043964 0.079730
0 0.625045 0.581419 0.045045 0.075000