0 0.459640 0.456419 0.042162 0.253378
0 0.429910 0.452027 0.027387 0.240541
0 0.400721 0.432770 0.032432 0.279054
0 0.374595 0.433784 0.033514 0.256757
0 0.350450 0.431419 0.036396 0.230405
0 0.323423 0.407432 0.037838 0.174324
0 0.292252 0.394257 0.040360 0.208784
0 0.273153 0.343243 0.046847 0.110811
0 0.492432 0.439527 0.037117 0.275000
0 0.513874 0.429054 0.031712 0.256757
0 0.543604 0.405743 0.040000 0.300676
0 0.568108 0.410811 0.037838 0.222973
0 0.591712 0.409122 0.040360 0.245270
0 0.623243 0.378716 0.048649 0.261486
0 0.664144 0.371284 0.049730 0.222297
0 0.691892 0.319932 0.059099 0.129054
0 0.509369 0.677365 0.021261 0.173649
0 0.527387 0.676689 0.034955 0.191216
0 0.553333 0.694932 0.035676 0.253378
0 0.583423 0.670608 0.033874 0.219595
0 0.613514 0.668919 0.043604 0.236486
0 0.654595 0.627027 0.095495 0.217568
0 0.700360 0.598986 0.091171 0.219595
0 0.747207 0.568581 0.081081 0.183108
0 0.489369 0.685473 0.020901 0.191216
0 0.465586 0.687162 0.027387 0.198649
0 0.439640 0.693243 0.033874 0.236486
0 0.410811 0.676689 0.030991 0.200676
0 0.380721 0.683784 0.032793 0.170270
0 0.341622 0.644257 0.089369 0.212838
0 0.296937 0.627027 0.082162 0.198649
0 0.249730 0.590541 0.079279 0.156757