0 0.470631 0.451014 0.036757 0.152027
0 0.444505 0.454392 0.032072 0.134459
0 0.412432 0.428716 0.037117 0.114189
0 0.401802 0.496284 0.039640 0.089865
0 0.379459 0.486486 0.035315 0.087838
0 0.342342 0.514527 0.046847 0.149324
0 0.309550 0.437500 0.046847 0.084459
0 0.510631 0.457432 0.034595 0.145946
0 0.535495 0.432095 0.036757 0.142568
0 0.570450 0.408446 0.039640 0.104730
0 0.585045 0.457770 0.045045 0.119595
0 0.604505 0.475338 0.032793 0.081757
0 0.640901 0.516892 0.050090 0.156757
0 0.680901 0.444932 0.048649 0.073649
0 0.506126 0.732770 0.024865 0.138514
0 0.527027 0.764527 0.024144 0.107432
0 0.553333 0.798649 0.030631 0.101351
0 0.576216 0.749324 0.031712 0.074324
0 0.611712 0.748986 0.038559 0.064189
0 0.645766 0.670270 0.073514 0.155405
0 0.710631 0.668919 0.047568 0.082432
0 0.485586 0.702703 0.020541 0.122973
0 0.462883 0.757770 0.027748 0.110135
0 0.436036 0.802027 0.031712 0.101351
0 0.413874 0.753716 0.029910 0.075000
0 0.373694 0.746622 0.033874 0.063514
0 0.341802 0.672973 0.076036 0.151351
0 0.275135 0.650676 0.047207 0.078378
0 0.481261 0.561486 0.021982 0.087838
0 0.458018 0.548311 0.022342 0.111486
0 0.432432 0.534122 0.029550 0.147973
0 0.407027 0.559797 0.034234 0.096622
0 0.378919 0.565541 0.041441 0.108108
0 0.506126 0.561149 0.022703 0.091216
0 0.528468 0.550000 0.023423 0.112162
0 0.551532 0.525000 0.029910 0.166216
0 0.599640 0.552703 0.044685 0.125676
0 0.501802 0.652365 0.014775 0.058784
0 0.519640 0.680068 0.020180 0.118243
0 0.541622 0.685811 0.023063 0.136486
0 0.567748 0.683108 0.040721 0.125676
0 0.469189 0.680068 0.019459 0.122297
0 0.448108 0.698649 0.027027 0.160811
0 0.419459 0.679392 0.044685 0.106081