0 0.488649 0.452703 0.030270 0.260811
0 0.464324 0.467230 0.029189 0.210135
0 0.324865 0.397635 0.083964 0.162838
0 0.434775 0.448649 0.029910 0.248649
0 0.413514 0.446284 0.041441 0.249324
0 0.384144 0.460811 0.038198 0.216216
0 0.348288 0.458108 0.051532 0.209459
0 0.316937 0.429392 0.063063 0.200676
0 0.296577 0.359122 0.054054 0.135811
0 0.516577 0.452703 0.039279 0.262162
0 0.545766 0.463176 0.032072 0.202027
0 0.571712 0.440878 0.032072 0.262838
0 0.593874 0.458784 0.039640 0.241892
0 0.618198 0.464189 0.039279 0.218919
0 0.642883 0.462838 0.077117 0.217568
0 0.679459 0.449324 0.074595 0.174324
0 0.697297 0.378378 0.052613 0.109459
0 0.511171 0.705405 0.021982 0.187838
0 0.529189 0.715541 0.031351 0.205405
0 0.546486 0.729054 0.030631 0.231081
0 0.569910 0.715878 0.034234 0.185811
0 0.600541 0.719595 0.042883 0.202703
0 0.645405 0.702027 0.081441 0.189189
0 0.682342 0.676689 0.063063 0.188514
0 0.734775 0.656757 0.049730 0.114865
0 0.491171 0.704730 0.020901 0.190541
0 0.473333 0.704392 0.024144 0.196622
0 0.452252 0.714865 0.028829 0.217568
0 0.427027 0.716216 0.034595 0.198649
0 0.396577 0.734797 0.050090 0.245270
0 0.351892 0.685135 0.073874 0.221622
0 0.313333 0.661149 0.052252 0.177703
0 0.263423 0.644595 0.049009 0.106757