0 0.483784 0.499324 0.028468 0.208108
0 0.458919 0.502365 0.019820 0.196622
0 0.433694 0.490878 0.027748 0.214189
0 0.406667 0.493919 0.034955 0.209459
0 0.382883 0.495946 0.037117 0.177027
0 0.347928 0.477027 0.049369 0.195946
0 0.304505 0.461486 0.047568 0.179730
0 0.288468 0.363851 0.052252 0.097973
0 0.512252 0.505068 0.027027 0.215541
0 0.536216 0.505405 0.023063 0.213514
0 0.555315 0.430405 0.036757 0.245946
0 0.582703 0.511149 0.046847 0.189865
0 0.607027 0.507095 0.041441 0.187162
0 0.645225 0.487838 0.055135 0.193243
0 0.692252 0.475338 0.050450 0.180405
0 0.714955 0.382432 0.058378 0.106757
0 0.499820 0.703716 0.020901 0.154730
0 0.518198 0.710135 0.026667 0.174324
0 0.541081 0.713514 0.026306 0.200000
0 0.563423 0.719932 0.028468 0.200676
0 0.596577 0.714865 0.050090 0.201351
0 0.636216 0.698649 0.081081 0.190541
0 0.689369 0.668581 0.071351 0.188514
0 0.740721 0.652027 0.051532 0.116216
0 0.483964 0.706419 0.020180 0.164189
0 0.465405 0.716892 0.019820 0.178378
0 0.441441 0.721622 0.026667 0.204054
0 0.582703 0.628378 0.002162 0.004054
0 0.415315 0.710811 0.033514 0.183784
0 0.388108 0.707432 0.055495 0.193243
0 0.353514 0.684459 0.077838 0.185135
0 0.305045 0.653716 0.074595 0.176351
0 0.257297 0.638176 0.053333 0.104730
0 0.286126 0.359122 0.055495 0.111486