0 0.475495 0.504392 0.032072 0.208784
0 0.450270 0.494257 0.034955 0.203378
0 0.425586 0.482095 0.047568 0.227703
0 0.396396 0.483446 0.036757 0.206081
0 0.368108 0.479730 0.033514 0.179730
0 0.334054 0.467230 0.051892 0.168243
0 0.291712 0.433784 0.058018 0.167568
0 0.282342 0.347635 0.050811 0.106081
0 0.507387 0.499324 0.034595 0.218919
0 0.523063 0.491554 0.037117 0.226351
0 0.549189 0.468243 0.038919 0.208108
0 0.568288 0.473311 0.049730 0.227703
0 0.597658 0.481081 0.040721 0.193243
0 0.637117 0.454730 0.056937 0.208108
0 0.679640 0.429392 0.061261 0.187162
0 0.695495 0.354730 0.053333 0.098649
0 0.502703 0.685473 0.020901 0.143919
0 0.523423 0.689189 0.029189 0.158108
0 0.546306 0.699324 0.032432 0.168919
0 0.573153 0.668581 0.046486 0.158784
0 0.598378 0.661486 0.060901 0.172973
0 0.641982 0.637838 0.086126 0.179730
0 0.694234 0.600676 0.085405 0.189189
0 0.740721 0.569257 0.058018 0.107432
0 0.483604 0.678716 0.022342 0.139865
0 0.461622 0.691216 0.025946 0.152703
0 0.438198 0.703378 0.033874 0.186486
0 0.411712 0.678378 0.043604 0.179730
0 0.387027 0.662500 0.051892 0.173649
0 0.337297 0.645608 0.088649 0.192568
0 0.294054 0.608108 0.074955 0.185135
0 0.250270 0.587838 0.047928 0.102703