0 0.477117 0.478716 0.030991 0.230405
0 0.455495 0.461824 0.023784 0.235811
0 0.428288 0.430743 0.032072 0.275000
0 0.402162 0.444932 0.039640 0.229054
0 0.375676 0.444932 0.039279 0.193919
0 0.344505 0.438176 0.052613 0.192568
0 0.307568 0.413176 0.050090 0.145270
0 0.282703 0.360473 0.040721 0.077703
0 0.507387 0.480743 0.027387 0.223649
0 0.529910 0.468919 0.028468 0.209459
0 0.556036 0.429730 0.034595 0.272973
0 0.580721 0.451014 0.040000 0.220946
0 0.608829 0.464527 0.041441 0.172297
0 0.639099 0.437162 0.052973 0.218919
0 0.674414 0.413851 0.054414 0.164189
0 0.705766 0.366216 0.042162 0.077027
0 0.501622 0.684459 0.024505 0.168919
0 0.519099 0.687500 0.034955 0.175000
0 0.545766 0.709122 0.031351 0.229054
0 0.572252 0.690203 0.033153 0.183108
0 0.605225 0.683446 0.047928 0.177703
0 0.646306 0.673649 0.083243 0.198649
0 0.697838 0.662838 0.063784 0.164865
0 0.741802 0.614527 0.045045 0.097973
0 0.482703 0.681757 0.021982 0.158108
0 0.464144 0.689865 0.022342 0.185135
0 0.436036 0.709122 0.034595 0.229054
0 0.412252 0.693919 0.033874 0.195946
0 0.381622 0.692568 0.041081 0.191892
0 0.340000 0.664527 0.075315 0.196622
0 0.293694 0.656081 0.057658 0.155405
0 0.249369 0.621959 0.044685 0.096622