0 0.488288 0.497635 0.031712 0.242568
0 0.467207 0.485135 0.033514 0.229730
0 0.439279 0.424324 0.036757 0.254054
0 0.420000 0.493581 0.042883 0.191216
0 0.388829 0.436149 0.042523 0.137162
0 0.345946 0.471959 0.054775 0.180405
0 0.317297 0.406757 0.055856 0.137838
0 0.285766 0.344595 0.050450 0.075676
0 0.519640 0.497973 0.032432 0.244595
0 0.541802 0.491554 0.032793 0.238514
0 0.567207 0.446284 0.034595 0.234459
0 0.590631 0.489527 0.047568 0.223649
0 0.615676 0.422297 0.040721 0.179730
0 0.659459 0.470946 0.053333 0.193243
0 0.682883 0.397635 0.059099 0.138514
0 0.712973 0.338851 0.037117 0.068243
0 0.513333 0.734797 0.020541 0.202027
0 0.530090 0.739189 0.030991 0.191892
0 0.551712 0.769257 0.030991 0.227703
0 0.577117 0.756081 0.033514 0.178378
0 0.619820 0.777365 0.045405 0.134459
0 0.660541 0.686824 0.085766 0.195270
0 0.712432 0.671622 0.065586 0.147297
0 0.741441 0.569595 0.026306 0.082432
0 0.492252 0.735135 0.020180 0.208108
0 0.475315 0.738176 0.025946 0.185811
0 0.455856 0.755405 0.030991 0.231081
0 0.431351 0.737500 0.036757 0.185811
0 0.386306 0.764527 0.042523 0.133108
0 0.344144 0.687500 0.088649 0.195270
0 0.291712 0.673311 0.061622 0.149324
0 0.261441 0.578716 0.026306 0.070946
0 0.387027 0.531081 0.045405 0.098649
0 0.620721 0.540203 0.044324 0.092568
0 0.607748 0.690203 0.063063 0.122297
0 0.395135 0.689189 0.067387 0.114865