0 0.479640 0.549324 0.036036 0.191892
0 0.453514 0.527365 0.040000 0.143919
0 0.433333 0.439189 0.035676 0.140541
0 0.409189 0.494595 0.042883 0.144595
0 0.385586 0.475000 0.046847 0.102703
0 0.339099 0.500000 0.068468 0.168919
0 0.314414 0.426014 0.060180 0.102027
0 0.515135 0.553716 0.034955 0.179054
0 0.538198 0.509122 0.042162 0.166892
0 0.558198 0.436149 0.037477 0.150676
0 0.578018 0.500000 0.045405 0.150000
0 0.599279 0.465878 0.044685 0.114189
0 0.644505 0.508446 0.070270 0.181757
0 0.672072 0.442230 0.065586 0.103378
0 0.505946 0.737500 0.025225 0.154730
0 0.526667 0.808446 0.033514 0.138514
0 0.560901 0.782095 0.040000 0.118243
0 0.605045 0.782095 0.050450 0.089865
0 0.646486 0.697973 0.085045 0.185135
0 0.704505 0.694595 0.059099 0.108108
0 0.461622 0.721959 0.028829 0.150676
0 0.428108 0.802365 0.040360 0.141216
0 0.400541 0.756757 0.035676 0.110811
0 0.360180 0.754054 0.039279 0.097297
0 0.322342 0.681419 0.081081 0.181757
0 0.268649 0.667568 0.054414 0.112162
0 0.428288 0.549662 0.027027 0.153378
0 0.403063 0.584459 0.035676 0.087838
0 0.372973 0.559122 0.047568 0.114189
0 0.554414 0.559459 0.027748 0.139189
0 0.578559 0.590203 0.037117 0.089865
0 0.607568 0.571959 0.051171 0.108784
0 0.529369 0.707432 0.025225 0.086486
0 0.557658 0.708108 0.042883 0.091892
0 0.596396 0.703716 0.069189 0.123649
0 0.434234 0.695946 0.022342 0.097297
0 0.406667 0.702027 0.042883 0.105405
0 0.372252 0.690203 0.056216 0.126351