0 0.477117 0.541216 0.030270 0.237838
0 0.452252 0.523649 0.025946 0.244595
0 0.432432 0.446284 0.063423 0.238514
0 0.398378 0.509459 0.043604 0.240541
0 0.372613 0.496959 0.041802 0.222297
0 0.336396 0.475676 0.052973 0.208108
0 0.302883 0.436486 0.053694 0.163514
0 0.280541 0.372635 0.050811 0.087162
0 0.513153 0.537838 0.032432 0.247297
0 0.538378 0.525676 0.025946 0.217568
0 0.559099 0.457095 0.045045 0.199324
0 0.587928 0.497297 0.049369 0.237838
0 0.613694 0.457095 0.046126 0.160135
0 0.656216 0.482432 0.051171 0.204054
0 0.687207 0.439865 0.059099 0.155405
0 0.707568 0.378716 0.053694 0.093919
0 0.503964 0.757095 0.024144 0.177703
0 0.520541 0.754392 0.036396 0.177703
0 0.549910 0.800676 0.055495 0.181081
0 0.592973 0.794595 0.045045 0.129730
0 0.619640 0.735811 0.052973 0.175676
0 0.674775 0.706081 0.111351 0.204054
0 0.727027 0.684797 0.074595 0.139865
0 0.483604 0.754054 0.022342 0.166216
0 0.461081 0.758108 0.023423 0.178378
0 0.432432 0.795946 0.050450 0.181081
0 0.396757 0.769595 0.038919 0.150000
0 0.360000 0.765541 0.038198 0.137838
0 0.316036 0.713851 0.096577 0.206081
0 0.267207 0.694595 0.070270 0.143243
0 0.235495 0.630743 0.034955 0.091216
0 0.423784 0.543581 0.028108 0.183108
0 0.563784 0.562838 0.029189 0.140541
0 0.619640 0.558446 0.045045 0.088514
0 0.549910 0.701014 0.028108 0.079054
0 0.579459 0.716216 0.040360 0.133784
0 0.433514 0.716554 0.028108 0.119595