0 0.483423 0.512500 0.029910 0.234459
0 0.461261 0.518919 0.028108 0.204054
0 0.434955 0.461486 0.034595 0.217568
0 0.414595 0.533108 0.038559 0.174324
0 0.391351 0.477027 0.038198 0.155405
0 0.340000 0.509122 0.053694 0.175000
0 0.308108 0.456081 0.050450 0.140541
0 0.285766 0.381757 0.048288 0.083784
0 0.515495 0.521959 0.030631 0.215541
0 0.539279 0.516554 0.026306 0.207432
0 0.567027 0.471284 0.032072 0.206081
0 0.586126 0.528716 0.037117 0.177703
0 0.606486 0.470270 0.039640 0.155405
0 0.654414 0.502027 0.053333 0.175676
0 0.684324 0.447297 0.057658 0.159459
0 0.709550 0.382770 0.047568 0.081757
0 0.509550 0.735473 0.023063 0.153378
0 0.531712 0.743581 0.028468 0.172297
0 0.556577 0.746284 0.031351 0.206081
0 0.584324 0.727027 0.034234 0.175676
0 0.609730 0.731757 0.066306 0.160811
0 0.654234 0.707095 0.091892 0.196622
0 0.701622 0.652703 0.077117 0.162162
0 0.752432 0.635811 0.047568 0.098649
0 0.492252 0.737162 0.019459 0.151351
0 0.470631 0.736824 0.022342 0.161486
0 0.449189 0.738851 0.029910 0.176351
0 0.416937 0.793581 0.041802 0.188514
0 0.398198 0.735473 0.046126 0.170946
0 0.372793 0.726014 0.039279 0.170946
0 0.328108 0.712838 0.080360 0.201351
0 0.275495 0.675338 0.068108 0.161486
0 0.436757 0.582432 0.030991 0.063514
0 0.380180 0.542905 0.045405 0.141216
0 0.561261 0.581757 0.026306 0.045946
0 0.615676 0.548311 0.039279 0.129054
0 0.423964 0.684797 0.024144 0.047973