0 0.472793 0.423986 0.029550 0.230405
0 0.446486 0.430405 0.025946 0.190541
0 0.422883 0.416892 0.029189 0.222973
0 0.403604 0.412500 0.036757 0.215541
0 0.380721 0.427027 0.035676 0.174324
0 0.347387 0.419257 0.051892 0.226351
0 0.303063 0.402365 0.041081 0.165541
0 0.284324 0.329392 0.046126 0.166892
0 0.502342 0.432770 0.027387 0.211486
0 0.526667 0.417230 0.024865 0.199324
0 0.549550 0.429054 0.031712 0.178378
0 0.569189 0.418243 0.042883 0.189189
0 0.596577 0.417230 0.036396 0.170946
0 0.631712 0.410135 0.054775 0.167568
0 0.678378 0.387500 0.042883 0.176351
0 0.695856 0.330405 0.054775 0.132432
0 0.505225 0.655405 0.019459 0.163514
0 0.524324 0.646959 0.018739 0.143919
0 0.544865 0.659122 0.034595 0.210135
0 0.569189 0.649324 0.037838 0.185135
0 0.599279 0.639189 0.050450 0.182432
0 0.640000 0.621959 0.076396 0.183108
0 0.688468 0.585135 0.068829 0.172973
0 0.732072 0.543919 0.060180 0.152703
0 0.487748 0.655743 0.018378 0.146622
0 0.466306 0.652027 0.022342 0.151351
0 0.445405 0.659459 0.029550 0.205405
0 0.420000 0.652703 0.035676 0.187838
0 0.393694 0.640878 0.051532 0.180405
0 0.351171 0.613514 0.078198 0.229730
0 0.303604 0.601689 0.078198 0.183108
0 0.256036 0.575338 0.069550 0.172297