0 0.486126 0.500676 0.030991 0.237838
0 0.456396 0.494595 0.027748 0.244595
0 0.427027 0.476014 0.033153 0.264189
0 0.402703 0.479054 0.038559 0.227027
0 0.378018 0.480405 0.035315 0.197297
0 0.338739 0.479054 0.049009 0.195946
0 0.313694 0.438851 0.055135 0.169595
0 0.299279 0.389865 0.037838 0.066216
0 0.515676 0.506757 0.032432 0.220270
0 0.543423 0.495946 0.027387 0.225676
0 0.571171 0.459797 0.034595 0.287162
0 0.594234 0.471959 0.040360 0.229054
0 0.620901 0.466892 0.036036 0.216216
0 0.659820 0.461486 0.047568 0.213514
0 0.685586 0.425338 0.048649 0.153378
0 0.700000 0.372973 0.039279 0.078378
0 0.490991 0.725676 0.023423 0.174324
0 0.509730 0.728378 0.026306 0.181081
0 0.539459 0.732432 0.037477 0.202703
0 0.564505 0.709122 0.033514 0.168243
0 0.595135 0.693581 0.044324 0.165541
0 0.639459 0.666892 0.077477 0.168919
0 0.689009 0.636824 0.069189 0.157432
0 0.729189 0.602027 0.045766 0.090541
0 0.473333 0.721622 0.030631 0.168919
0 0.455135 0.721622 0.031712 0.172973
0 0.429910 0.726014 0.034595 0.200676
0 0.400541 0.713851 0.033514 0.173649
0 0.373874 0.703041 0.037117 0.170946
0 0.333333 0.672973 0.072793 0.159459
0 0.286486 0.651014 0.070631 0.150676
0 0.250811 0.604054 0.041081 0.094595