0 0.479640 0.553041 0.030270 0.195270
0 0.452072 0.520270 0.027748 0.158108
0 0.427748 0.440203 0.036757 0.129054
0 0.410090 0.507770 0.034595 0.102027
0 0.379640 0.481081 0.035676 0.087838
0 0.342883 0.519595 0.050811 0.178378
0 0.316036 0.461149 0.054775 0.106081
0 0.514595 0.533784 0.028108 0.198649
0 0.536757 0.526014 0.035676 0.108784
0 0.559820 0.438851 0.034234 0.123649
0 0.577838 0.504054 0.036396 0.112162
0 0.605946 0.491216 0.034234 0.091892
0 0.647387 0.523649 0.052252 0.177027
0 0.676757 0.453716 0.049730 0.104730
0 0.512613 0.794257 0.019820 0.152027
0 0.528288 0.816892 0.028108 0.135135
0 0.554054 0.865878 0.040721 0.115541
0 0.578919 0.804054 0.032072 0.089189
0 0.618198 0.794932 0.035676 0.073649
0 0.655135 0.718243 0.070631 0.166216
0 0.712432 0.706081 0.047568 0.090541
0 0.492072 0.771622 0.019820 0.145946
0 0.472072 0.813176 0.033153 0.137162
0 0.448288 0.865541 0.037477 0.112162
0 0.424505 0.804730 0.034595 0.090541
0 0.381622 0.800000 0.040360 0.070270
0 0.347207 0.726689 0.072432 0.168243
0 0.286847 0.710135 0.049009 0.087838
0 0.428649 0.562162 0.032793 0.170270
0 0.404324 0.584459 0.032432 0.100000
0 0.377658 0.555743 0.042523 0.108784
0 0.541622 0.586149 0.023063 0.104730
0 0.560000 0.556757 0.029550 0.181081
0 0.583784 0.581081 0.034595 0.101351
0 0.609009 0.565878 0.042523 0.125000
0 0.513514 0.709459 0.010090 0.041892
0 0.529550 0.735811 0.015495 0.113514
0 0.544865 0.741554 0.024505 0.145270
0 0.570811 0.734122 0.042523 0.123649
0 0.611712 0.731419 0.063784 0.150676
0 0.472793 0.738514 0.015135 0.114865
0 0.457297 0.753041 0.023063 0.172297
0 0.429009 0.730068 0.044324 0.123649
0 0.391171 0.720270 0.064505 0.135135