0 0.485766 0.533446 0.030991 0.195270
0 0.463423 0.528378 0.034595 0.193243
0 0.434595 0.506419 0.036757 0.184459
0 0.414955 0.526689 0.035676 0.183108
0 0.389369 0.516216 0.037838 0.187838
0 0.351532 0.508784 0.055135 0.175676
0 0.311171 0.465203 0.055135 0.139865
0 0.280721 0.400676 0.049009 0.086486
0 0.516396 0.528041 0.031712 0.218243
0 0.544685 0.530743 0.027748 0.202027
0 0.571351 0.520608 0.037117 0.206081
0 0.590991 0.532095 0.046126 0.206081
0 0.616036 0.513851 0.042162 0.229054
0 0.653333 0.525000 0.054054 0.186486
0 0.691712 0.479054 0.051532 0.125676
0 0.718198 0.406081 0.037477 0.086486
0 0.504865 0.719595 0.023784 0.164865
0 0.519640 0.730068 0.030991 0.161486
0 0.542162 0.735135 0.039279 0.185135
0 0.570811 0.732770 0.036757 0.179054
0 0.602342 0.727703 0.047207 0.175676
0 0.643423 0.713851 0.077477 0.202027
0 0.700901 0.683784 0.069910 0.151351
0 0.741441 0.620270 0.031351 0.085135
0 0.487207 0.721622 0.022342 0.156757
0 0.466126 0.727027 0.025586 0.187838
0 0.442342 0.731081 0.032793 0.205405
0 0.417477 0.712500 0.037117 0.172297
0 0.384505 0.700338 0.050450 0.169595
0 0.342523 0.689527 0.085405 0.197973
0 0.289730 0.666892 0.069910 0.148649
0 0.246126 0.604392 0.036757 0.100676