0 0.474234 0.514189 0.028829 0.245946
0 0.445766 0.521284 0.025946 0.207432
0 0.419640 0.505068 0.029189 0.220946
0 0.392793 0.502027 0.038198 0.206757
0 0.366486 0.518243 0.036036 0.170270
0 0.332072 0.493243 0.054414 0.201351
0 0.298559 0.437162 0.051532 0.156757
0 0.273153 0.383446 0.047568 0.084459
0 0.505405 0.539527 0.031351 0.196622
0 0.533874 0.530743 0.027748 0.179054
0 0.561441 0.497297 0.031712 0.229730
0 0.587568 0.508784 0.040721 0.198649
0 0.617297 0.520946 0.037477 0.178378
0 0.654775 0.508784 0.051171 0.181081
0 0.688468 0.443919 0.049369 0.170270
0 0.711171 0.389527 0.048649 0.080405
0 0.502162 0.737838 0.020541 0.185135
0 0.521441 0.738176 0.020180 0.189865
0 0.542523 0.744595 0.025586 0.204054
0 0.570270 0.754730 0.032072 0.204054
0 0.597477 0.773986 0.043964 0.188514
0 0.641261 0.724662 0.076036 0.181757
0 0.689189 0.684122 0.071712 0.162838
0 0.737658 0.653716 0.035315 0.099324
0 0.483063 0.735811 0.019099 0.186486
0 0.462162 0.738851 0.024144 0.189865
0 0.436937 0.750000 0.025586 0.216216
0 0.407207 0.742905 0.033153 0.187162
0 0.377297 0.736486 0.045405 0.178378
0 0.335495 0.712500 0.081441 0.187162
0 0.277297 0.715203 0.070270 0.147973
0 0.243423 0.646959 0.027027 0.097973