0 0.651503 0.461345 0.053218 0.219041
0 0.615879 0.467784 0.040342 0.225486
0 0.519312 0.464564 0.044634 0.235142
0 0.482831 0.465368 0.047211 0.233534
0 0.451501 0.470196 0.039485 0.214216
0 0.424892 0.458128 0.041200 0.231919
0 0.401715 0.473416 0.044634 0.220655
0 0.372960 0.462956 0.047211 0.206169
0 0.339912 0.471000 0.056652 0.212608
0 0.290128 0.452493 0.060083 0.223878
0 0.277683 0.351905 0.069528 0.164324
0 0.282831 0.638463 0.083261 0.206007
0 0.333905 0.657777 0.092703 0.199568
0 0.380258 0.669044 0.054937 0.189912
0 0.407295 0.678703 0.047211 0.209230
0 0.436910 0.681919 0.041200 0.228541
0 0.465234 0.687554 0.037769 0.210838
0 0.485838 0.684334 0.025751 0.220493
0 0.505150 0.675483 0.023178 0.206007
0 0.550214 0.698014 0.030901 0.247851
0 0.580258 0.697209 0.037769 0.249459
0 0.617166 0.678699 0.054937 0.193128
0 0.591416 0.468588 0.041204 0.236743
0 0.663948 0.670655 0.093560 0.212446
0 0.706867 0.635243 0.083261 0.180257
0 0.757510 0.640878 0.069528 0.146459
0 0.701286 0.362365 0.085838 0.133743
0 0.685836 0.456514 0.084119 0.196514
0 0.526609 0.688358 0.031762 0.215662
0 0.571674 0.443642 0.046353 0.231919
0 0.546780 0.460541 0.037769 0.230311
0 0.239054 0.621568 0.055795 0.130365