0 0.489009 0.470946 0.033874 0.274324
0 0.458198 0.451689 0.034955 0.268243
0 0.429189 0.378716 0.064865 0.165541
0 0.405405 0.462500 0.052613 0.099324
0 0.367568 0.441554 0.047568 0.123649
0 0.316757 0.495946 0.054775 0.200000
0 0.282883 0.449324 0.047568 0.112162
0 0.243784 0.400338 0.052973 0.076351
0 0.544505 0.468919 0.061261 0.282432
0 0.563604 0.506419 0.029550 0.173649
0 0.593694 0.390541 0.055135 0.168919
0 0.612973 0.455068 0.047568 0.160135
0 0.638739 0.446622 0.042162 0.124324
0 0.682523 0.489527 0.049009 0.206081
0 0.715856 0.438851 0.044324 0.116892
0 0.746306 0.392230 0.046847 0.075000
0 0.525045 0.712162 0.025225 0.217568
0 0.549009 0.718243 0.029189 0.232432
0 0.572072 0.760811 0.030631 0.182432
0 0.604144 0.725000 0.033514 0.152703
0 0.646667 0.769257 0.035676 0.100676
0 0.686486 0.717568 0.076396 0.209459
0 0.733153 0.705743 0.054414 0.126351
0 0.501081 0.718243 0.024144 0.227027
0 0.476577 0.718919 0.030631 0.225676
0 0.448288 0.753378 0.043243 0.177027
0 0.407928 0.736824 0.034595 0.125000
0 0.367387 0.775000 0.044324 0.109459
0 0.318198 0.719932 0.089369 0.207432
0 0.269730 0.713851 0.052973 0.134459
0 0.430811 0.505068 0.045045 0.175000
0 0.397297 0.535811 0.050090 0.106757
0 0.365405 0.536486 0.052613 0.113514
0 0.587568 0.535135 0.029189 0.141892
0 0.611712 0.552365 0.037117 0.107432
0 0.643964 0.532770 0.046126 0.135811
0 0.575315 0.652365 0.024865 0.066892
0 0.640000 0.696959 0.061982 0.139865
0 0.449189 0.645270 0.035676 0.066216
0 0.420000 0.656081 0.042162 0.074324
0 0.375856 0.700000 0.068468 0.152703