0 0.479820 0.441892 0.029189 0.231081
0 0.451351 0.435135 0.029189 0.225676
0 0.420000 0.416892 0.032793 0.270270
0 0.390991 0.431081 0.036757 0.227027
0 0.363243 0.415203 0.037477 0.214189
0 0.326667 0.417568 0.047928 0.178378
0 0.284865 0.388514 0.054414 0.178378
0 0.257477 0.323986 0.040000 0.127703
0 0.514054 0.433784 0.031351 0.244595
0 0.544324 0.438176 0.026306 0.207432
0 0.576036 0.416554 0.035676 0.256081
0 0.603604 0.412500 0.037477 0.254730
0 0.633333 0.418243 0.037117 0.221622
0 0.667748 0.396959 0.047568 0.234459
0 0.706667 0.391554 0.048288 0.153378
0 0.739820 0.345608 0.039640 0.134459
0 0.501441 0.640541 0.021261 0.172973
0 0.523243 0.655405 0.021622 0.177027
0 0.547207 0.668581 0.027027 0.216892
0 0.580541 0.656419 0.035315 0.206081
0 0.612613 0.640541 0.044685 0.197297
0 0.662162 0.626014 0.081081 0.216892
0 0.715315 0.574662 0.085766 0.189865
0 0.760901 0.526689 0.068108 0.130405
0 0.482162 0.642568 0.021622 0.160811
0 0.458378 0.647297 0.022342 0.170270
0 0.430450 0.657770 0.029910 0.203378
0 0.397297 0.645270 0.034234 0.200000
0 0.367207 0.633108 0.040360 0.198649
0 0.318559 0.614189 0.080000 0.205405
0 0.266486 0.570270 0.087568 0.186486
0 0.223243 0.520270 0.065946 0.122973