0 0.472973 0.516892 0.034234 0.216216
0 0.448108 0.509459 0.032793 0.208108
0 0.422883 0.471284 0.031351 0.247973
0 0.399279 0.478378 0.035315 0.213514
0 0.371171 0.462500 0.040360 0.116892
0 0.328829 0.461149 0.047928 0.184459
0 0.299820 0.398649 0.049009 0.122973
0 0.503604 0.496959 0.032072 0.250676
0 0.525946 0.500000 0.032793 0.220270
0 0.550450 0.471284 0.033514 0.265541
0 0.572072 0.486149 0.046486 0.214189
0 0.607207 0.444932 0.054054 0.214189
0 0.641622 0.456081 0.070270 0.198649
0 0.682162 0.411149 0.069910 0.133108
0 0.501441 0.723986 0.021261 0.166892
0 0.514595 0.737162 0.025225 0.200000
0 0.538198 0.754392 0.032793 0.239865
0 0.562342 0.735135 0.040721 0.197297
0 0.608108 0.742568 0.076036 0.171622
0 0.653694 0.689189 0.092252 0.198649
0 0.710450 0.666554 0.078198 0.162838
0 0.482883 0.716892 0.022342 0.182432
0 0.464324 0.728041 0.025586 0.208784
0 0.439820 0.738851 0.029189 0.233108
0 0.415315 0.717230 0.029910 0.187162
0 0.373874 0.714189 0.052973 0.191892
0 0.329550 0.681081 0.086126 0.186486
0 0.289009 0.650676 0.058378 0.168919
0 0.367207 0.541892 0.040360 0.068919
0 0.592252 0.645270 0.057297 0.070270