0 0.472252 0.445946 0.032793 0.244595
0 0.447928 0.407770 0.035315 0.302027
0 0.430991 0.371622 0.033153 0.286486
0 0.404144 0.418581 0.039279 0.212838
0 0.376937 0.420608 0.039640 0.179054
0 0.340721 0.385811 0.054414 0.232432
0 0.324324 0.328378 0.063423 0.154054
0 0.506486 0.434122 0.034955 0.273649
0 0.525225 0.434122 0.040721 0.273649
0 0.546847 0.385473 0.032793 0.280405
0 0.572793 0.442230 0.039279 0.195270
0 0.599640 0.418581 0.043964 0.210135
0 0.632252 0.413851 0.068829 0.218243
0 0.650270 0.354730 0.071712 0.155405
0 0.504505 0.684122 0.023063 0.227703
0 0.523604 0.702365 0.027387 0.242568
0 0.545045 0.714189 0.032793 0.272973
0 0.572613 0.674324 0.035315 0.206757
0 0.610631 0.684797 0.040000 0.165541
0 0.652252 0.633446 0.081441 0.211486
0 0.694414 0.581419 0.064144 0.177703
0 0.747568 0.512838 0.045045 0.094595
0 0.484505 0.687500 0.024144 0.223649
0 0.464324 0.691216 0.023423 0.225676
0 0.439459 0.700338 0.035676 0.266892
0 0.410270 0.668243 0.045045 0.221622
0 0.375495 0.675000 0.038919 0.160811
0 0.333333 0.615878 0.084324 0.210135
0 0.289550 0.563176 0.057297 0.170946