0 0.478378 0.451014 0.034234 0.234459
0 0.448649 0.428378 0.031712 0.259459
0 0.417117 0.425676 0.039279 0.271622
0 0.391712 0.431419 0.041081 0.256081
0 0.361802 0.429730 0.036757 0.250000
0 0.322883 0.429392 0.055495 0.225000
0 0.282883 0.384797 0.051892 0.173649
0 0.247568 0.338514 0.046847 0.090541
0 0.514414 0.443243 0.036396 0.241892
0 0.539279 0.422297 0.040721 0.266216
0 0.566667 0.358784 0.038559 0.283784
0 0.594775 0.435473 0.050090 0.235811
0 0.620000 0.431419 0.040721 0.235811
0 0.659099 0.425676 0.054775 0.220270
0 0.695495 0.379054 0.046126 0.162162
0 0.733333 0.333108 0.048288 0.064865
0 0.507568 0.679054 0.019820 0.190541
0 0.526667 0.680743 0.022703 0.207432
0 0.549910 0.709459 0.030991 0.272973
0 0.572072 0.673986 0.035676 0.210135
0 0.604685 0.678378 0.045405 0.202703
0 0.649189 0.664865 0.078198 0.208108
0 0.699279 0.653378 0.074595 0.179730
0 0.744324 0.619595 0.050811 0.109459
0 0.490450 0.673649 0.015856 0.172973
0 0.473694 0.678378 0.027748 0.195946
0 0.447928 0.714189 0.026667 0.266216
0 0.422883 0.667905 0.030631 0.192568
0 0.395856 0.671284 0.042162 0.204730
0 0.347928 0.665541 0.084685 0.205405
0 0.297658 0.642230 0.083604 0.192568
0 0.245586 0.623311 0.047928 0.107432