0 0.481622 0.480405 0.032072 0.200000
0 0.455315 0.479730 0.028468 0.181081
0 0.431712 0.473986 0.033874 0.184459
0 0.410991 0.468919 0.037838 0.190541
0 0.382342 0.468919 0.033153 0.175676
0 0.355495 0.447297 0.051532 0.200000
0 0.327748 0.430743 0.068108 0.176351
0 0.511712 0.486824 0.029550 0.195270
0 0.537477 0.479054 0.027748 0.183784
0 0.561441 0.464865 0.032432 0.183784
0 0.583604 0.456757 0.035676 0.186486
0 0.607928 0.453041 0.031712 0.169595
0 0.634955 0.436824 0.053333 0.189865
0 0.668288 0.427027 0.060180 0.178378
0 0.507387 0.689189 0.018739 0.177027
0 0.526847 0.697635 0.019459 0.195270
0 0.549910 0.689189 0.026667 0.193243
0 0.576577 0.676689 0.028829 0.176351
0 0.609910 0.670270 0.040721 0.177027
0 0.701441 0.610135 0.045045 0.139189
0 0.487928 0.697973 0.020180 0.197297
0 0.467928 0.699324 0.023423 0.190541
0 0.447928 0.707432 0.030991 0.186486
0 0.419820 0.703041 0.030991 0.175000
0 0.386126 0.695270 0.047928 0.174324
0 0.349189 0.675338 0.072793 0.181757
0 0.310631 0.632095 0.056216 0.153378