0 0.470270 0.466216 0.031712 0.239189
0 0.444505 0.462162 0.023423 0.218919
0 0.422162 0.408108 0.032793 0.214865
0 0.406486 0.468243 0.036036 0.202703
0 0.379820 0.397973 0.045405 0.179730
0 0.342162 0.443243 0.049369 0.194595
0 0.308829 0.418919 0.051171 0.181081
0 0.290811 0.315541 0.038198 0.078378
0 0.496216 0.465878 0.030270 0.252027
0 0.520000 0.452027 0.029550 0.243243
0 0.544685 0.374324 0.037117 0.243243
0 0.558919 0.437500 0.053333 0.239865
0 0.579640 0.451689 0.043604 0.202027
0 0.614414 0.434797 0.061982 0.202027
0 0.661802 0.431081 0.050811 0.163514
0 0.684685 0.330743 0.044685 0.062838
0 0.488288 0.701014 0.024505 0.184459
0 0.505045 0.697973 0.036396 0.195946
0 0.528468 0.726689 0.037838 0.231757
0 0.556216 0.683784 0.039279 0.194595
0 0.584505 0.688514 0.042523 0.218919
0 0.636577 0.669595 0.102703 0.231081
0 0.696577 0.651689 0.086486 0.172297
0 0.741261 0.596959 0.047568 0.116892
0 0.474595 0.696959 0.021622 0.181757
0 0.456036 0.696622 0.020541 0.194595
0 0.430270 0.728378 0.030270 0.201351
0 0.407207 0.694257 0.030991 0.195270
0 0.377658 0.683446 0.049730 0.214189
0 0.332432 0.673649 0.080360 0.217568
0 0.282703 0.644257 0.067387 0.164189
0 0.247027 0.589189 0.044324 0.112162
0 0.379279 0.509459 0.037838 0.091892