0 0.486031 0.582196 0.044890 0.212054
0 0.515263 0.574885 0.046187 0.236419
0 0.412299 0.602294 0.052036 0.123142
0 0.611081 0.607166 0.057232 0.098777
0 0.383099 0.596203 0.054566 0.115838
0 0.408402 0.532257 0.066324 0.121919
0 0.545468 0.571841 0.036443 0.166993
0 0.561710 0.614473 0.039045 0.140189
0 0.354807 0.810027 0.066977 0.133986
0 0.251843 0.729027 0.098807 0.162000
0 0.560768 0.845959 0.068209 0.188797
0 0.573436 0.724764 0.059766 0.080392
0 0.672470 0.466483 0.070872 0.126791
0 0.613387 0.725983 0.064310 0.109628
0 0.427240 0.853878 0.058530 0.172959
0 0.543553 0.727807 0.029881 0.096223
0 0.373523 0.722889 0.041186 0.115601
0 0.317780 0.475618 0.069571 0.149939
0 0.400281 0.768615 0.063077 0.175392
0 0.460045 0.562706 0.040991 0.214493
0 0.644211 0.553571 0.080616 0.184047
0 0.348670 0.531649 0.067560 0.188919
0 0.528905 0.780794 0.034494 0.197318
0 0.727686 0.729639 0.070876 0.155912
0 0.395409 0.811855 0.053333 0.130331
0 0.312584 0.736334 0.091661 0.186358
0 0.466218 0.780794 0.031247 0.202196
0 0.441207 0.737554 0.033196 0.110838
0 0.615953 0.512770 0.059178 0.126797
0 0.599420 0.824645 0.062364 0.141291
0 0.586721 0.626044 0.033196 0.068331
0 0.576977 0.530429 0.039690 0.137764
0 0.431461 0.464655 0.056580 0.201095
0 0.507142 0.777750 0.035142 0.198541
0 0.678998 0.748517 0.096793 0.203412
0 0.639371 0.810639 0.069510 0.123020
0 0.484730 0.778970 0.026699 0.196101
0 0.433411 0.616909 0.040991 0.115831
0 0.563335 0.487797 0.050086 0.137757