0 0.469189 0.565203 0.035315 0.237162
0 0.449730 0.570946 0.032432 0.232432
0 0.418018 0.519257 0.035315 0.288514
0 0.392432 0.536486 0.041802 0.255405
0 0.368649 0.533784 0.038919 0.243243
0 0.335676 0.542568 0.050811 0.195946
0 0.299640 0.509122 0.062342 0.156081
0 0.283243 0.442905 0.046847 0.085811
0 0.498018 0.559122 0.038198 0.258784
0 0.530631 0.557095 0.030631 0.245270
0 0.558739 0.517568 0.039279 0.287838
0 0.580000 0.539527 0.047207 0.241216
0 0.609910 0.539527 0.044324 0.215541
0 0.646486 0.526689 0.054054 0.215541
0 0.684144 0.513851 0.068829 0.181757
0 0.705946 0.445608 0.050450 0.088514
0 0.504324 0.741216 0.027748 0.202703
0 0.522703 0.739189 0.045766 0.200000
0 0.559279 0.769595 0.040360 0.228378
0 0.590991 0.765541 0.043964 0.225676
0 0.628468 0.751689 0.048288 0.215541
0 0.677838 0.732432 0.089369 0.214865
0 0.727928 0.693243 0.076396 0.202703
0 0.767748 0.669257 0.052973 0.107432
0 0.478739 0.743243 0.028468 0.195946
0 0.453874 0.751689 0.030631 0.231757
0 0.425405 0.760473 0.042883 0.241216
0 0.399279 0.747297 0.040360 0.221622
0 0.360360 0.754054 0.041802 0.201351
0 0.309730 0.728378 0.088288 0.220270
0 0.258919 0.691554 0.077477 0.199324
0 0.219820 0.651351 0.046126 0.100000