0 0.482523 0.470946 0.026667 0.275676
0 0.462162 0.463176 0.021982 0.279054
0 0.440541 0.445270 0.029910 0.300000
0 0.423063 0.461149 0.036757 0.223649
0 0.400000 0.467905 0.036036 0.187162
0 0.368468 0.415541 0.047928 0.239189
0 0.339099 0.410473 0.060541 0.157432
0 0.504865 0.471622 0.029550 0.266216
0 0.521622 0.468581 0.024865 0.265541
0 0.541441 0.434459 0.024865 0.324324
0 0.561081 0.466892 0.037477 0.218919
0 0.579640 0.466216 0.037838 0.225676
0 0.611351 0.460473 0.053694 0.218243
0 0.645766 0.437500 0.056937 0.183108
0 0.658018 0.361824 0.049730 0.089865
0 0.495495 0.710135 0.015856 0.158108
0 0.513333 0.723311 0.029189 0.184459
0 0.532432 0.732432 0.026306 0.227027
0 0.552793 0.731757 0.030991 0.209459
0 0.626667 0.680068 0.087207 0.202027
0 0.675495 0.635811 0.083964 0.194595
0 0.481622 0.726351 0.021261 0.186486
0 0.464144 0.719595 0.027387 0.183784
0 0.442883 0.729730 0.027387 0.232432
0 0.415495 0.711486 0.032432 0.210811
0 0.370270 0.678716 0.083243 0.191216
0 0.330090 0.625000 0.082883 0.170270
0 0.282162 0.604392 0.047568 0.112838
0 0.583604 0.698649 0.053694 0.139189