0 0.468468 0.484459 0.033874 0.251351
0 0.437117 0.479392 0.028108 0.238514
0 0.406847 0.454392 0.036036 0.265541
0 0.389369 0.505405 0.042162 0.193243
0 0.359459 0.482432 0.034234 0.220270
0 0.319820 0.489865 0.050090 0.193243
0 0.287207 0.421622 0.054775 0.182432
0 0.503423 0.476351 0.034595 0.271622
0 0.529550 0.479054 0.033514 0.227027
0 0.563243 0.446959 0.037477 0.277703
0 0.580541 0.481419 0.046847 0.208784
0 0.612613 0.498311 0.040360 0.193919
0 0.652613 0.483784 0.057658 0.205405
0 0.695856 0.447635 0.051892 0.165541
0 0.492973 0.705743 0.027387 0.165541
0 0.509730 0.716216 0.037117 0.189189
0 0.538378 0.726351 0.036757 0.237838
0 0.567387 0.718919 0.040721 0.197297
0 0.592432 0.745270 0.043243 0.189189
0 0.643063 0.700000 0.087568 0.198649
0 0.698559 0.663514 0.082523 0.183784
0 0.750811 0.633784 0.034955 0.093243
0 0.467928 0.711149 0.029910 0.172297
0 0.450270 0.709459 0.024865 0.193243
0 0.422342 0.722973 0.030991 0.236486
0 0.396937 0.722973 0.036396 0.200000
0 0.360360 0.721622 0.043243 0.191892
0 0.315856 0.698986 0.080360 0.193919
0 0.263243 0.674662 0.074595 0.164189
0 0.230090 0.615878 0.047207 0.106081