0 0.496577 0.602703 0.030991 0.182432
0 0.470090 0.589527 0.025586 0.192568
0 0.445225 0.568919 0.035676 0.221622
0 0.428829 0.576014 0.049730 0.208784
0 0.401261 0.578378 0.044324 0.168919
0 0.363063 0.575676 0.049369 0.171622
0 0.334054 0.514189 0.046126 0.137838
0 0.312072 0.463176 0.051171 0.080405
0 0.527748 0.591554 0.033514 0.199324
0 0.547928 0.590541 0.043604 0.179730
0 0.566306 0.504054 0.032793 0.193243
0 0.577117 0.578041 0.039279 0.192568
0 0.600901 0.573986 0.037838 0.180405
0 0.635135 0.562500 0.047928 0.176351
0 0.660901 0.502703 0.041081 0.131081
0 0.688649 0.454730 0.044685 0.075676
0 0.510270 0.795946 0.020901 0.166216
0 0.524505 0.794595 0.024865 0.185135
0 0.552793 0.794257 0.033874 0.204730
0 0.576036 0.776014 0.032793 0.166892
0 0.621081 0.802027 0.042883 0.132432
0 0.650811 0.741216 0.075676 0.182432
0 0.697117 0.719932 0.061622 0.135811
0 0.740000 0.664189 0.045045 0.100000
0 0.492252 0.790878 0.023063 0.166892
0 0.471892 0.794595 0.029189 0.177027
0 0.452432 0.801351 0.030631 0.212162
0 0.424865 0.777365 0.036757 0.162838
0 0.383604 0.808108 0.040000 0.133784
0 0.344324 0.750676 0.081802 0.172973
0 0.298559 0.732770 0.065225 0.145270
0 0.252973 0.699662 0.042523 0.099324
0 0.607928 0.731081 0.061982 0.122973
0 0.394955 0.737162 0.058378 0.129730