0 0.482703 0.535811 0.032793 0.229730
0 0.455856 0.526014 0.032432 0.219595
0 0.428649 0.508784 0.037117 0.268919
0 0.403423 0.527027 0.045766 0.220270
0 0.376577 0.508108 0.044685 0.233784
0 0.338559 0.513851 0.053694 0.192568
0 0.293514 0.493581 0.055135 0.187162
0 0.514414 0.529054 0.032072 0.240541
0 0.542703 0.528041 0.030270 0.220946
0 0.568468 0.498311 0.034234 0.266892
0 0.591532 0.518581 0.047207 0.220946
0 0.620000 0.516216 0.045045 0.206757
0 0.654234 0.512500 0.053694 0.196622
0 0.701441 0.493581 0.056577 0.189865
0 0.711892 0.391216 0.042162 0.070270
0 0.514054 0.746622 0.024865 0.170270
0 0.534955 0.746959 0.027027 0.187162
0 0.556937 0.762838 0.032793 0.245946
0 0.583964 0.753041 0.035676 0.219595
0 0.612613 0.736486 0.045405 0.194595
0 0.663964 0.706757 0.094775 0.191892
0 0.713514 0.666554 0.082883 0.172297
0 0.493874 0.748986 0.022703 0.168243
0 0.471351 0.751014 0.026667 0.184459
0 0.449730 0.770608 0.033153 0.249324
0 0.420901 0.750676 0.034595 0.216216
0 0.387027 0.755068 0.052613 0.202027
0 0.340000 0.713176 0.087568 0.193919
0 0.284865 0.671284 0.078919 0.169595