0 0.484324 0.454054 0.034595 0.233784
0 0.453153 0.463851 0.030631 0.212838
0 0.422342 0.462162 0.033874 0.241892
0 0.393333 0.487162 0.049369 0.194595
0 0.363063 0.483784 0.036396 0.183784
0 0.320541 0.467230 0.052973 0.187162
0 0.278198 0.440541 0.042523 0.105405
0 0.518378 0.441216 0.032793 0.258108
0 0.546847 0.444257 0.032072 0.227703
0 0.578018 0.442905 0.034595 0.241216
0 0.601081 0.455068 0.041081 0.195270
0 0.634054 0.464189 0.038559 0.187838
0 0.673153 0.449662 0.049730 0.195270
0 0.716757 0.430743 0.044685 0.107432
0 0.516036 0.681757 0.023063 0.213514
0 0.538378 0.685473 0.023784 0.229054
0 0.560721 0.707095 0.033874 0.268243
0 0.594775 0.702703 0.035676 0.225676
0 0.642883 0.701689 0.075676 0.215541
0 0.690811 0.660135 0.077117 0.182432
0 0.736036 0.640203 0.049369 0.099324
0 0.496937 0.685135 0.023063 0.217568
0 0.477117 0.694257 0.034595 0.227703
0 0.456216 0.691216 0.048288 0.214865
0 0.424685 0.723311 0.041441 0.235811
0 0.344685 0.718919 0.089730 0.212162
0 0.304505 0.677027 0.081441 0.197297
0 0.254234 0.653716 0.058739 0.106081
0 0.395856 0.700000 0.048649 0.124324