0 0.470811 0.495270 0.032793 0.229730
0 0.441261 0.482770 0.029910 0.204730
0 0.418378 0.398649 0.037477 0.145946
0 0.400541 0.466216 0.037838 0.118919
0 0.374054 0.463851 0.032432 0.093919
0 0.335676 0.463514 0.057297 0.156757
0 0.303243 0.414189 0.050090 0.101351
0 0.505405 0.495946 0.029910 0.245946
0 0.530631 0.498986 0.030631 0.208784
0 0.549910 0.397635 0.039640 0.141216
0 0.571532 0.466892 0.040360 0.108108
0 0.596036 0.447635 0.036757 0.092568
0 0.633874 0.448986 0.065586 0.172297
0 0.670450 0.393919 0.047928 0.110811
0 0.502162 0.723986 0.020541 0.187162
0 0.520721 0.720946 0.025946 0.177027
0 0.539820 0.796622 0.040360 0.140541
0 0.566306 0.742230 0.033514 0.092568
0 0.601081 0.760135 0.038198 0.075676
0 0.640000 0.685135 0.077838 0.190541
0 0.694234 0.668581 0.055135 0.099324
0 0.483423 0.720608 0.019099 0.180405
0 0.463423 0.725000 0.021622 0.167568
0 0.448108 0.820946 0.034234 0.135135
0 0.423784 0.772297 0.033153 0.093243
0 0.382162 0.778716 0.036396 0.079054
0 0.338739 0.708446 0.075676 0.185811
0 0.287748 0.702365 0.054414 0.092568
0 0.419099 0.530743 0.030270 0.153378
0 0.398018 0.554054 0.032072 0.097297
0 0.368468 0.543581 0.039279 0.102027
0 0.557658 0.513514 0.028468 0.174324
0 0.574234 0.528041 0.025586 0.056081
0 0.601802 0.516216 0.043243 0.136486
0 0.540541 0.690878 0.021622 0.141216
0 0.563604 0.663176 0.038919 0.085811
0 0.594234 0.675676 0.061261 0.133784
0 0.444685 0.706757 0.021622 0.148649
0 0.424144 0.688851 0.034595 0.112838
0 0.390631 0.693581 0.057658 0.135811