0 0.471532 0.488176 0.032072 0.234459
0 0.449009 0.489189 0.036757 0.197297
0 0.419279 0.462162 0.032793 0.224324
0 0.401802 0.496284 0.038919 0.183108
0 0.375315 0.468581 0.035676 0.220946
0 0.341622 0.464189 0.057658 0.193243
0 0.305405 0.434459 0.064505 0.187838
0 0.287387 0.354392 0.055856 0.099324
0 0.501982 0.496284 0.031712 0.227703
0 0.525946 0.479392 0.036396 0.227703
0 0.559279 0.465541 0.036757 0.240541
0 0.580541 0.486824 0.041802 0.215541
0 0.610270 0.474662 0.041441 0.223649
0 0.646847 0.467568 0.058378 0.208108
0 0.679459 0.438176 0.074595 0.189865
0 0.698919 0.351689 0.052973 0.095270
0 0.509550 0.704392 0.022342 0.180405
0 0.533333 0.706757 0.026667 0.179730
0 0.559820 0.722635 0.040000 0.204730
0 0.581622 0.707095 0.043243 0.206081
0 0.612252 0.686824 0.049009 0.185811
0 0.659459 0.666554 0.083604 0.196622
0 0.706306 0.616892 0.073514 0.178378
0 0.751171 0.602703 0.058739 0.117568
0 0.489910 0.695946 0.024865 0.156757
0 0.467568 0.703716 0.027748 0.180405
0 0.442342 0.712500 0.034955 0.195270
0 0.418198 0.699324 0.041441 0.205405
0 0.381982 0.678378 0.049730 0.181081
0 0.335495 0.660811 0.092973 0.206757
0 0.288108 0.613851 0.085405 0.185811
0 0.241441 0.599662 0.054775 0.100676