0 0.559099 0.541892 0.031351 0.198649
0 0.495676 0.551689 0.030631 0.196622
0 0.466306 0.548986 0.023063 0.199324
0 0.441081 0.534459 0.031712 0.206757
0 0.416757 0.533784 0.040000 0.175676
0 0.391351 0.510473 0.035315 0.181757
0 0.363063 0.487162 0.060901 0.201351
0 0.331351 0.457095 0.067387 0.170946
0 0.587027 0.536824 0.032432 0.177703
0 0.609730 0.529054 0.038198 0.156757
0 0.585225 0.408784 0.001441 0.002703
0 0.640721 0.482432 0.052613 0.210811
0 0.639459 0.479730 0.052973 0.217568
0 0.664685 0.423986 0.063063 0.204730
0 0.497117 0.752703 0.017658 0.155405
0 0.516577 0.747297 0.021261 0.178378
0 0.546847 0.759122 0.037838 0.199324
0 0.572613 0.736486 0.039640 0.216216
0 0.599099 0.712162 0.045045 0.160811
0 0.638018 0.688176 0.078198 0.183108
0 0.684144 0.649662 0.069550 0.146622
0 0.478739 0.751351 0.018378 0.159459
0 0.458919 0.752703 0.022703 0.177027
0 0.428288 0.743581 0.039279 0.183108
0 0.404144 0.724662 0.044324 0.169595
0 0.379099 0.705405 0.049730 0.170270
0 0.340180 0.684459 0.084324 0.190541
0 0.300180 0.625338 0.077838 0.152027