0 0.493153 0.425338 0.031351 0.264189
0 0.469910 0.421284 0.028108 0.253378
0 0.442523 0.390203 0.033153 0.250676
0 0.419279 0.418243 0.035676 0.243243
0 0.391171 0.422635 0.039279 0.219595
0 0.356757 0.421622 0.051892 0.227027
0 0.314414 0.396622 0.050090 0.204054
0 0.286126 0.347973 0.053333 0.145946
0 0.523964 0.419932 0.030991 0.280405
0 0.550090 0.426014 0.023423 0.241216
0 0.575315 0.413514 0.030631 0.286486
0 0.596757 0.422297 0.036757 0.237838
0 0.623964 0.419257 0.038559 0.220946
0 0.656577 0.411824 0.049730 0.211486
0 0.701081 0.402027 0.049369 0.186486
0 0.728108 0.341554 0.045766 0.152027
0 0.517838 0.677027 0.021622 0.206757
0 0.539820 0.673986 0.023784 0.214189
0 0.567027 0.669932 0.029189 0.226351
0 0.595315 0.659122 0.031712 0.203378
0 0.629730 0.644595 0.040000 0.197297
0 0.712793 0.596959 0.085045 0.177703
0 0.760901 0.544932 0.081802 0.157432
0 0.497477 0.672635 0.021261 0.207432
0 0.474054 0.683446 0.024865 0.226351
0 0.446847 0.677703 0.029550 0.233784
0 0.418739 0.663176 0.039640 0.204730
0 0.387027 0.657432 0.057658 0.201351
0 0.291712 0.593581 0.093333 0.179054
0 0.233694 0.544932 0.090450 0.137162