0 0.482523 0.466892 0.037477 0.258108
0 0.454955 0.440541 0.040000 0.287838
0 0.424144 0.411149 0.037477 0.311486
0 0.399099 0.468919 0.037117 0.216216
0 0.371712 0.457432 0.037838 0.224324
0 0.330811 0.449324 0.056937 0.209459
0 0.299279 0.416892 0.065225 0.193243
0 0.268468 0.356757 0.058378 0.098649
0 0.513874 0.476351 0.036036 0.248649
0 0.543243 0.475000 0.029910 0.227027
0 0.571892 0.436486 0.033874 0.313514
0 0.593874 0.485473 0.045405 0.195270
0 0.620000 0.470608 0.040721 0.193919
0 0.661261 0.459797 0.056216 0.195270
0 0.696757 0.396622 0.060180 0.183784
0 0.723243 0.342230 0.059820 0.103378
0 0.511171 0.695608 0.024144 0.185811
0 0.531532 0.702027 0.025946 0.202703
0 0.558739 0.712500 0.031351 0.214189
0 0.581081 0.694932 0.037117 0.216892
0 0.612973 0.684122 0.051171 0.211486
0 0.652432 0.655743 0.072432 0.195270
0 0.707568 0.622635 0.067387 0.187162
0 0.757477 0.583784 0.056216 0.097297
0 0.487568 0.695608 0.024505 0.188514
0 0.467928 0.702027 0.029189 0.201351
0 0.438378 0.716554 0.037117 0.220946
0 0.415676 0.696959 0.038559 0.220946
0 0.383243 0.686486 0.053694 0.221622
0 0.341261 0.657770 0.074955 0.206081
0 0.286486 0.618581 0.071351 0.187162
0 0.234595 0.592230 0.057658 0.099324