0 0.493694 0.486149 0.031712 0.252027
0 0.472072 0.478716 0.038919 0.223649
0 0.450631 0.436149 0.042162 0.254730
0 0.431712 0.472635 0.041081 0.192568
0 0.403243 0.464527 0.041802 0.199324
0 0.366306 0.462162 0.051532 0.175676
0 0.346126 0.406419 0.067387 0.154730
0 0.325045 0.345608 0.052613 0.092568
0 0.524505 0.481757 0.031351 0.263514
0 0.545225 0.482770 0.029550 0.230405
0 0.573153 0.476351 0.031351 0.250000
0 0.597297 0.530068 0.042883 0.127703
0 0.597477 0.442568 0.043964 0.113514
0 0.638198 0.477027 0.049009 0.191892
0 0.661622 0.447635 0.061982 0.156081
0 0.679820 0.381757 0.051532 0.085135
0 0.500721 0.725000 0.022703 0.208108
0 0.515676 0.725676 0.035315 0.195946
0 0.536937 0.745946 0.028108 0.233784
0 0.562883 0.740541 0.032432 0.217568
0 0.589550 0.740203 0.048288 0.207432
0 0.631532 0.717905 0.078919 0.211486
0 0.672973 0.701689 0.059459 0.157432
0 0.710991 0.662500 0.036036 0.095270
0 0.485766 0.722635 0.021622 0.203378
0 0.467027 0.710135 0.023784 0.201351
0 0.444865 0.720270 0.026306 0.245946
0 0.421622 0.710473 0.034595 0.215541
0 0.398198 0.712162 0.067027 0.185135
0 0.351351 0.677703 0.097297 0.193243
0 0.314054 0.658108 0.063784 0.158108
0 0.276757 0.610473 0.039640 0.095270