0 0.477117 0.484122 0.032432 0.264189
0 0.456577 0.478378 0.046847 0.244595
0 0.427568 0.430068 0.036396 0.279054
0 0.404144 0.459122 0.042162 0.226351
0 0.373153 0.451351 0.041441 0.217568
0 0.342162 0.439189 0.060901 0.204054
0 0.303243 0.408784 0.073874 0.200000
0 0.288288 0.332770 0.059820 0.107432
0 0.507207 0.477365 0.029189 0.276351
0 0.532252 0.481419 0.034595 0.243919
0 0.558919 0.440878 0.032432 0.284459
0 0.578198 0.459122 0.043604 0.242568
0 0.612072 0.452365 0.039279 0.230405
0 0.648108 0.454054 0.060901 0.200000
0 0.685766 0.425000 0.072793 0.178378
0 0.699820 0.345270 0.059820 0.108108
0 0.505405 0.694595 0.019099 0.133784
0 0.524144 0.708108 0.021982 0.152703
0 0.550631 0.723649 0.032432 0.213514
0 0.574775 0.696284 0.033153 0.166892
0 0.652793 0.667905 0.088288 0.196622
0 0.700901 0.616554 0.080000 0.185811
0 0.745405 0.620946 0.055856 0.106757
0 0.486126 0.692568 0.018018 0.131081
0 0.466306 0.710135 0.023784 0.159459
0 0.439640 0.723649 0.038198 0.201351
0 0.416216 0.691216 0.038198 0.172973
0 0.335856 0.655068 0.092973 0.192568
0 0.288649 0.614527 0.077838 0.187162
0 0.240901 0.602365 0.055135 0.107432
0 0.602162 0.640878 0.059099 0.115541
0 0.385045 0.647635 0.058018 0.142568