0 0.397679 0.421324 0.056814 0.134514
0 0.473328 0.509936 0.042195 0.205912
0 0.350948 0.589909 0.042840 0.108439
0 0.276486 0.468179 0.054400 0.121128
0 0.307937 0.529666 0.060177 0.197047
0 0.349910 0.508024 0.040836 0.101358
0 0.383739 0.518861 0.038454 0.097534
0 0.486775 0.702456 0.027539 0.170209
0 0.532508 0.707247 0.034674 0.192534
0 0.555285 0.790432 0.036040 0.157459
0 0.508705 0.697676 0.024479 0.170851
0 0.562425 0.668990 0.027877 0.103277
0 0.435249 0.515990 0.031996 0.144074
0 0.462295 0.710747 0.031618 0.182966
0 0.358086 0.792348 0.034681 0.100088
0 0.638245 0.782466 0.044879 0.109649
0 0.590968 0.676642 0.046274 0.102000
0 0.318986 0.720946 0.082959 0.189338
0 0.434076 0.678233 0.026861 0.093709
0 0.256768 0.711064 0.055077 0.107101
0 0.644178 0.489855 0.042533 0.096899
0 0.643346 0.587676 0.042159 0.100149
0 0.589510 0.525432 0.035250 0.164324
0 0.590733 0.405635 0.062180 0.137703
0 0.382566 0.604284 0.032641 0.092432
0 0.613011 0.494679 0.044061 0.102818
0 0.412146 0.571770 0.036040 0.097541
0 0.592668 0.772902 0.045596 0.114750
0 0.554993 0.516713 0.030843 0.168912
0 0.520232 0.506155 0.038677 0.212054
0 0.692135 0.531260 0.057459 0.167088
0 0.727818 0.455747 0.054771 0.093709
0 0.740908 0.700226 0.056476 0.099453
0 0.678195 0.714892 0.081939 0.193797
0 0.402796 0.788520 0.038422 0.120486
0 0.439007 0.796490 0.034000 0.163196