0 0.497838 0.492905 0.024865 0.225000
0 0.480360 0.492905 0.023784 0.204730
0 0.457297 0.462162 0.025946 0.213514
0 0.445946 0.490541 0.039279 0.205405
0 0.420901 0.485135 0.034595 0.205405
0 0.391171 0.482770 0.047207 0.184459
0 0.353874 0.467230 0.050450 0.166892
0 0.332793 0.388851 0.040000 0.107432
0 0.521622 0.500338 0.024144 0.212838
0 0.539459 0.498649 0.022342 0.197297
0 0.562523 0.481757 0.026667 0.206757
0 0.579459 0.493581 0.040360 0.203378
0 0.601441 0.489865 0.035315 0.194595
0 0.627928 0.493581 0.049369 0.180405
0 0.653333 0.467905 0.065586 0.176351
0 0.680901 0.395946 0.036396 0.109459
0 0.523423 0.695608 0.016216 0.176351
0 0.536757 0.700676 0.026306 0.183784
0 0.556577 0.740878 0.027748 0.210135
0 0.570991 0.703716 0.033514 0.181757
0 0.593153 0.701014 0.041081 0.187162
0 0.627207 0.685473 0.062342 0.172297
0 0.668108 0.659122 0.063423 0.172297
0 0.714595 0.626689 0.059099 0.096622
0 0.506126 0.692905 0.018378 0.181757
0 0.492432 0.694257 0.027748 0.184459
0 0.474234 0.726689 0.025946 0.191216
0 0.461441 0.698311 0.030631 0.189865
0 0.438739 0.703716 0.047207 0.197973
0 0.401081 0.684122 0.075676 0.187162
0 0.357658 0.654054 0.072432 0.179730
0 0.308108 0.634122 0.057658 0.108784