0 0.478378 0.528378 0.032793 0.241892
0 0.452793 0.537500 0.036396 0.188514
0 0.431171 0.455068 0.035676 0.157432
0 0.422883 0.561149 0.036396 0.153378
0 0.394234 0.522297 0.037477 0.121622
0 0.357838 0.526689 0.054054 0.185811
0 0.331712 0.455068 0.054414 0.115541
0 0.304324 0.378716 0.042883 0.060135
0 0.511171 0.537162 0.032793 0.228378
0 0.536036 0.532432 0.029189 0.182432
0 0.556216 0.456419 0.034234 0.161486
0 0.572072 0.544932 0.040721 0.115541
0 0.598559 0.495946 0.038198 0.136486
0 0.635135 0.500000 0.059459 0.190541
0 0.660000 0.426689 0.058018 0.119595
0 0.688288 0.356419 0.030991 0.052027
0 0.502162 0.741554 0.021261 0.164189
0 0.537838 0.681419 0.001081 0.003378
0 0.520541 0.742568 0.032793 0.171622
0 0.546667 0.809122 0.047568 0.145270
0 0.565946 0.744932 0.040721 0.120946
0 0.611351 0.747973 0.042883 0.104054
0 0.638919 0.690541 0.087928 0.182432
0 0.692793 0.662162 0.065225 0.133784
0 0.717477 0.572973 0.021622 0.081081
0 0.484685 0.743581 0.019459 0.164189
0 0.466486 0.741892 0.022703 0.172973
0 0.449550 0.826689 0.001081 0.002027
0 0.454234 0.821284 0.001081 0.002027
0 0.434054 0.817905 0.055135 0.138514
0 0.414775 0.751689 0.033153 0.119595
0 0.367568 0.756081 0.042523 0.094595
0 0.294414 0.681419 0.061261 0.126351
0 0.552432 0.564865 0.029550 0.159459
0 0.598559 0.587162 0.044685 0.098649
0 0.443964 0.716216 0.022342 0.131081