0 0.453218 0.714108 0.029182 0.125541
0 0.586267 0.807456 0.061802 0.141628
0 0.297423 0.722155 0.054076 0.135189
0 0.261371 0.650534 0.057510 0.098176
0 0.347638 0.715716 0.072105 0.189919
0 0.395277 0.718132 0.055795 0.152899
0 0.381973 0.806649 0.054937 0.146459
0 0.430041 0.710084 0.039485 0.123926
0 0.424892 0.806652 0.034332 0.143236
0 0.448068 0.868615 0.051503 0.151284
0 0.472103 0.736642 0.029186 0.164162
0 0.492274 0.739054 0.018025 0.162554
0 0.512016 0.743078 0.023175 0.170601
0 0.554077 0.724571 0.031759 0.172209
0 0.573389 0.702841 0.039485 0.119101
0 0.606867 0.702037 0.054937 0.136804
0 0.561373 0.853324 0.049787 0.149676
0 0.531330 0.747905 0.022321 0.193135
0 0.625750 0.794578 0.058368 0.122318
0 0.660515 0.714108 0.102148 0.196351
0 0.734333 0.628807 0.050641 0.103007
0 0.682404 0.454101 0.061802 0.136959
0 0.656650 0.515264 0.065236 0.214216
0 0.621886 0.584470 0.057510 0.124088
0 0.593132 0.473419 0.061802 0.175595
0 0.594849 0.610220 0.041200 0.069372
0 0.618454 0.477443 0.045492 0.157885
0 0.572960 0.429963 0.055795 0.156277
0 0.546780 0.555497 0.044638 0.204561
0 0.518454 0.524111 0.039488 0.219047
0 0.483259 0.535382 0.048068 0.238358
0 0.439914 0.585274 0.036908 0.122480
0 0.416737 0.576419 0.031759 0.114432
0 0.408155 0.473416 0.069528 0.143399
0 0.570814 0.584466 0.029182 0.143405
0 0.437768 0.417892 0.042915 0.151446
0 0.461802 0.524919 0.046350 0.239973
0 0.713303 0.708476 0.082404 0.127142
0 0.391416 0.468588 0.046350 0.136959
0 0.393133 0.587686 0.041200 0.107993
0 0.343777 0.516872 0.062659 0.214216
0 0.315020 0.447662 0.068670 0.165932