0 0.481982 0.537500 0.036396 0.122297
0 0.454414 0.518581 0.038919 0.118243
0 0.444144 0.595608 0.031351 0.188514
0 0.427928 0.480405 0.034955 0.116216
0 0.398198 0.538514 0.034595 0.104054
0 0.358919 0.520608 0.052613 0.134459
0 0.330270 0.460811 0.032793 0.070270
0 0.525045 0.532095 0.037477 0.143919
0 0.556216 0.519932 0.028468 0.108784
0 0.576757 0.459122 0.034955 0.106081
0 0.586847 0.540203 0.039279 0.102027
0 0.605225 0.485135 0.034955 0.105405
0 0.641802 0.483108 0.056216 0.132432
0 0.666667 0.423986 0.040360 0.077703
0 0.526847 0.798986 0.032432 0.118243
0 0.553333 0.803041 0.037117 0.108784
0 0.586847 0.832432 0.040000 0.089189
0 0.602162 0.773649 0.036757 0.072973
0 0.641261 0.757095 0.040721 0.069595
0 0.669009 0.662500 0.070991 0.141216
0 0.719279 0.642568 0.053333 0.090541
0 0.497658 0.795946 0.034595 0.120270
0 0.476757 0.811149 0.036757 0.110135
0 0.440901 0.839865 0.040000 0.089189
0 0.421622 0.784459 0.043964 0.086486
0 0.377477 0.762500 0.042162 0.072297
0 0.344505 0.683446 0.082162 0.149324
0 0.278919 0.664865 0.054054 0.101351
0 0.468108 0.619257 0.028108 0.095270
0 0.420180 0.571959 0.038198 0.095270
0 0.393514 0.620946 0.051892 0.108108
0 0.543964 0.607095 0.021261 0.085811
0 0.567387 0.610135 0.025586 0.143243
0 0.587568 0.596622 0.034234 0.078378
0 0.618378 0.579054 0.044685 0.110811
0 0.519640 0.741216 0.018018 0.082432
0 0.540541 0.736824 0.027387 0.095270
0 0.562703 0.741216 0.033514 0.141892
0 0.587387 0.713176 0.055495 0.120946
0 0.621982 0.686486 0.079279 0.147297
0 0.496396 0.744932 0.019099 0.093919
0 0.475676 0.741216 0.018018 0.093243
0 0.455135 0.741554 0.025946 0.122297
0 0.427387 0.711149 0.046847 0.091216