0 0.484144 0.472297 0.029910 0.225676
0 0.458559 0.461149 0.024865 0.220946
0 0.438018 0.460473 0.034955 0.223649
0 0.411171 0.459459 0.046126 0.204054
0 0.386306 0.461824 0.033874 0.183108
0 0.351532 0.460811 0.048649 0.163514
0 0.306486 0.441892 0.048649 0.177027
0 0.295315 0.361486 0.054414 0.118919
0 0.512432 0.471959 0.028108 0.227703
0 0.536216 0.464527 0.025225 0.214189
0 0.560360 0.440203 0.030270 0.246622
0 0.583423 0.448649 0.037477 0.233784
0 0.610450 0.455068 0.033874 0.206081
0 0.643063 0.445946 0.045766 0.201351
0 0.677838 0.441892 0.057658 0.166216
0 0.695135 0.353716 0.054054 0.133108
0 0.515856 0.694595 0.019099 0.193243
0 0.532973 0.700338 0.027387 0.206081
0 0.555495 0.712500 0.027027 0.210135
0 0.582523 0.692230 0.040721 0.200676
0 0.605405 0.688851 0.044685 0.208784
0 0.643063 0.671959 0.075315 0.203378
0 0.688468 0.633446 0.071712 0.187162
0 0.736396 0.617230 0.055135 0.125000
0 0.496937 0.681757 0.021622 0.179730
0 0.475856 0.693919 0.023423 0.200000
0 0.455495 0.690878 0.029550 0.210135
0 0.429009 0.691554 0.036396 0.219595
0 0.396396 0.688514 0.054775 0.220270
0 0.356937 0.671622 0.076036 0.205405
0 0.315495 0.635811 0.070991 0.191892
0 0.264505 0.620946 0.052613 0.124324