0 0.478739 0.426351 0.030631 0.263514
0 0.452432 0.429730 0.029189 0.227027
0 0.426847 0.393919 0.035676 0.277027
0 0.407928 0.410135 0.041081 0.243243
0 0.378919 0.420946 0.040000 0.221622
0 0.345586 0.411149 0.057658 0.199324
0 0.313514 0.362838 0.052613 0.151351
0 0.503604 0.438851 0.028468 0.238514
0 0.527207 0.432770 0.033153 0.218243
0 0.553874 0.380405 0.039640 0.302703
0 0.576036 0.417230 0.042883 0.235811
0 0.600901 0.432770 0.043604 0.195270
0 0.638018 0.395946 0.059459 0.239189
0 0.683604 0.380743 0.054054 0.166892
0 0.486847 0.670608 0.041081 0.191216
0 0.504865 0.672297 0.052613 0.193243
0 0.527568 0.704054 0.046847 0.268919
0 0.565766 0.716216 0.038919 0.239189
0 0.598198 0.691216 0.061261 0.222973
0 0.658919 0.651689 0.109910 0.214189
0 0.702703 0.584122 0.088649 0.170946
0 0.466847 0.676351 0.027748 0.204054
0 0.442162 0.680743 0.028108 0.208784
0 0.418018 0.703716 0.038198 0.250676
0 0.393333 0.691892 0.035676 0.224324
0 0.352432 0.678378 0.057658 0.212162
0 0.310090 0.643581 0.084685 0.207432
0 0.272072 0.578378 0.069910 0.175676
0 0.235676 0.514189 0.020901 0.067568