0 0.473694 0.547973 0.031351 0.213514
0 0.445946 0.546959 0.029189 0.196622
0 0.433153 0.443919 0.034595 0.171622
0 0.407387 0.500000 0.042883 0.133784
0 0.374054 0.536486 0.031712 0.137838
0 0.339820 0.512162 0.054054 0.181081
0 0.319640 0.438851 0.055495 0.112838
0 0.508468 0.551689 0.034595 0.208784
0 0.535315 0.540541 0.034955 0.154054
0 0.551712 0.437838 0.037477 0.178378
0 0.575676 0.535135 0.044324 0.152703
0 0.601802 0.499662 0.040360 0.172297
0 0.629550 0.512162 0.062703 0.185135
0 0.664144 0.441554 0.061261 0.126351
0 0.500721 0.742568 0.024865 0.197297
0 0.517477 0.754730 0.025946 0.174324
0 0.535135 0.835811 0.035315 0.129730
0 0.560541 0.796622 0.040000 0.113514
0 0.600901 0.778041 0.040721 0.104730
0 0.638919 0.704054 0.090811 0.179730
0 0.704685 0.687838 0.063784 0.110811
0 0.479640 0.741554 0.022342 0.195270
0 0.458198 0.763514 0.025586 0.170270
0 0.431171 0.839865 0.047928 0.139189
0 0.412613 0.788176 0.050450 0.111486
0 0.374054 0.782432 0.038198 0.108108
0 0.337297 0.713514 0.077838 0.185135
0 0.283423 0.686486 0.055856 0.113514
0 0.420901 0.587162 0.028829 0.113514
0 0.401982 0.584122 0.032793 0.068243
0 0.554234 0.573649 0.027387 0.110811
0 0.541261 0.720608 0.024505 0.131757
0 0.556216 0.705405 0.032072 0.075676
0 0.583784 0.691216 0.049009 0.090541
0 0.438198 0.719257 0.021622 0.112838
0 0.413874 0.722297 0.037117 0.079730
0 0.387387 0.699662 0.056937 0.111486