0 0.481081 0.549324 0.032432 0.218919
0 0.451171 0.531757 0.028829 0.216216
0 0.433333 0.439865 0.040721 0.136486
0 0.408829 0.497973 0.035676 0.110811
0 0.380000 0.473986 0.033514 0.095270
0 0.336577 0.531419 0.050450 0.173649
0 0.305946 0.470270 0.051171 0.097297
0 0.517477 0.526351 0.032432 0.258108
0 0.545225 0.516892 0.033153 0.222973
0 0.565946 0.441554 0.043604 0.139865
0 0.589730 0.497973 0.037117 0.144595
0 0.620360 0.476689 0.034234 0.104730
0 0.665586 0.526689 0.051171 0.184459
0 0.693333 0.456081 0.047568 0.098649
0 0.512613 0.757095 0.022703 0.179054
0 0.534955 0.765203 0.023423 0.187162
0 0.561261 0.840878 0.046486 0.129054
0 0.584865 0.778716 0.034595 0.093919
0 0.621802 0.782095 0.034234 0.083108
0 0.659820 0.698311 0.069189 0.184459
0 0.712432 0.692230 0.051892 0.096622
0 0.490631 0.755068 0.021982 0.172297
0 0.468649 0.763514 0.024144 0.191892
0 0.439279 0.841216 0.051892 0.129730
0 0.414414 0.779054 0.034595 0.093243
0 0.377297 0.778041 0.034595 0.081757
0 0.344144 0.702703 0.073514 0.182432
0 0.287027 0.704054 0.052252 0.095946
0 0.423964 0.552703 0.027748 0.187838
0 0.400360 0.582432 0.030991 0.120270
0 0.374414 0.564189 0.039640 0.120270
0 0.574595 0.555405 0.026306 0.183784
0 0.589189 0.584459 0.014414 0.039189
0 0.625946 0.561824 0.043964 0.141216
0 0.558559 0.729054 0.022342 0.160811
0 0.584685 0.706419 0.037838 0.116892
0 0.615315 0.691554 0.051532 0.120946
0 0.444324 0.728378 0.021622 0.154054
0 0.419459 0.699324 0.042523 0.110811
0 0.386667 0.691892 0.056216 0.122973