0 0.485045 0.526689 0.035315 0.257432
0 0.458198 0.522635 0.040000 0.226351
0 0.442703 0.447973 0.041441 0.155405
0 0.414234 0.502365 0.042162 0.135811
0 0.379279 0.489865 0.037117 0.106757
0 0.336937 0.501351 0.054775 0.193243
0 0.318378 0.455743 0.058739 0.111486
0 0.519640 0.548986 0.032432 0.220946
0 0.546306 0.531419 0.038198 0.225000
0 0.568468 0.461824 0.035676 0.172297
0 0.591351 0.526014 0.040360 0.157432
0 0.621622 0.498986 0.041081 0.112838
0 0.658919 0.507770 0.052973 0.193919
0 0.677658 0.459459 0.055135 0.101351
0 0.503784 0.762162 0.023784 0.166216
0 0.523784 0.768919 0.026306 0.160811
0 0.561081 0.850000 0.060541 0.152703
0 0.583063 0.793919 0.045405 0.117568
0 0.627387 0.778716 0.049730 0.106081
0 0.666306 0.714865 0.091532 0.190541
0 0.714054 0.684122 0.060180 0.116892
0 0.480541 0.768243 0.022703 0.166216
0 0.456937 0.772297 0.027387 0.167568
0 0.425405 0.847635 0.067387 0.147973
0 0.399820 0.791892 0.045045 0.121622
0 0.357658 0.781081 0.045766 0.110811
0 0.318559 0.712838 0.088649 0.190541
0 0.270991 0.682432 0.055495 0.116216
0 0.431712 0.560473 0.031712 0.154730
0 0.405586 0.578378 0.038559 0.106757
0 0.373514 0.571959 0.044324 0.097973
0 0.575135 0.601351 0.030991 0.064865
0 0.623063 0.575676 0.042523 0.082432
0 0.547207 0.740878 0.024865 0.126351
0 0.574054 0.718919 0.043964 0.109459
0 0.612613 0.711824 0.064144 0.137162
0 0.435676 0.738514 0.023784 0.127027
0 0.406847 0.717905 0.041081 0.111486
0 0.372793 0.711824 0.057297 0.139865