0 0.483964 0.551014 0.031712 0.210135
0 0.458018 0.527027 0.030270 0.222973
0 0.428829 0.522635 0.032432 0.230405
0 0.401622 0.538514 0.040721 0.172973
0 0.374054 0.531419 0.035315 0.168243
0 0.337117 0.509122 0.050090 0.176351
0 0.314054 0.447635 0.053694 0.145270
0 0.296036 0.376689 0.048649 0.083108
0 0.514955 0.545608 0.031712 0.214189
0 0.542162 0.532432 0.030631 0.217568
0 0.572973 0.514189 0.035315 0.233784
0 0.599640 0.528716 0.046847 0.193919
0 0.603063 0.456081 0.047928 0.148649
0 0.643604 0.514189 0.049730 0.181081
0 0.672072 0.454392 0.058378 0.166892
0 0.507748 0.750338 0.021622 0.160135
0 0.528829 0.750338 0.024144 0.175000
0 0.553514 0.751689 0.029550 0.197973
0 0.579459 0.736824 0.035315 0.172297
0 0.613333 0.723311 0.044685 0.161486
0 0.662523 0.707095 0.084685 0.196622
0 0.710991 0.684122 0.072072 0.158784
0 0.747027 0.617568 0.043243 0.095946
0 0.488468 0.752365 0.020541 0.162838
0 0.467387 0.758784 0.027387 0.172973
0 0.443604 0.761486 0.028829 0.200000
0 0.415495 0.744257 0.036036 0.165541
0 0.381261 0.729054 0.042523 0.148649
0 0.332432 0.715203 0.089009 0.202027
0 0.281802 0.690203 0.072793 0.157432
0 0.248829 0.618243 0.045045 0.098649