0 0.496577 0.459459 0.028829 0.264865
0 0.473874 0.462162 0.026667 0.210811
0 0.442883 0.434797 0.037477 0.257432
0 0.420901 0.469595 0.041802 0.213514
0 0.394775 0.443581 0.040721 0.252027
0 0.358739 0.450676 0.055856 0.220270
0 0.312613 0.432770 0.054414 0.199324
0 0.527568 0.457432 0.030270 0.271622
0 0.548468 0.444932 0.041802 0.264189
0 0.571532 0.372297 0.089369 0.231081
0 0.600180 0.477365 0.036396 0.189865
0 0.624685 0.447635 0.032793 0.225000
0 0.658018 0.430743 0.051892 0.245270
0 0.700541 0.427365 0.050450 0.203378
0 0.493333 0.703041 0.020901 0.200676
0 0.514234 0.708446 0.022342 0.214189
0 0.537658 0.720270 0.028108 0.255405
0 0.563063 0.698311 0.030631 0.208784
0 0.592793 0.701014 0.046847 0.227703
0 0.629189 0.670946 0.069910 0.204054
0 0.679459 0.636149 0.071712 0.184459
0 0.725946 0.603041 0.046486 0.100676
0 0.474414 0.708446 0.020541 0.218243
0 0.449730 0.714527 0.028829 0.246622
0 0.423604 0.708784 0.032072 0.220270
0 0.400541 0.704392 0.041441 0.220946
0 0.355676 0.675000 0.072793 0.201351
0 0.303423 0.641892 0.079279 0.195946
0 0.256396 0.614527 0.052252 0.108784