0 0.470450 0.562500 0.037117 0.225000
0 0.442703 0.576014 0.032793 0.181757
0 0.404144 0.469595 0.056577 0.156757
0 0.387748 0.557432 0.041802 0.135135
0 0.351351 0.544595 0.035315 0.128378
0 0.314595 0.561486 0.049009 0.194595
0 0.284685 0.510135 0.054054 0.121622
0 0.506126 0.577027 0.037117 0.208108
0 0.532252 0.576014 0.041802 0.188514
0 0.565586 0.489865 0.061622 0.154054
0 0.582703 0.535811 0.052613 0.158108
0 0.609910 0.522297 0.047207 0.141892
0 0.661441 0.559797 0.063063 0.196622
0 0.685586 0.509797 0.079640 0.137162
0 0.493694 0.762838 0.029550 0.172973
0 0.518378 0.764865 0.039279 0.182432
0 0.541261 0.802027 0.046847 0.150000
0 0.582703 0.814865 0.037477 0.122973
0 0.623423 0.811149 0.049009 0.112838
0 0.654955 0.759122 0.092613 0.199324
0 0.716396 0.746959 0.072793 0.162838
0 0.475135 0.751689 0.024865 0.165541
0 0.450991 0.757095 0.023423 0.179054
0 0.419459 0.815878 0.043964 0.165541
0 0.390270 0.787838 0.035315 0.122973
0 0.353153 0.801351 0.043243 0.114865
0 0.326486 0.751351 0.075676 0.195946
0 0.277117 0.727365 0.064144 0.146622
0 0.415856 0.595270 0.032432 0.162162
0 0.387928 0.632095 0.032793 0.065541
0 0.358018 0.628716 0.038559 0.080405
0 0.556937 0.623311 0.036396 0.131757
0 0.583243 0.628716 0.039279 0.087162
0 0.615495 0.617568 0.051171 0.114865
0 0.557297 0.719595 0.028468 0.089189
0 0.584324 0.732770 0.047928 0.096622
0 0.420721 0.706757 0.027027 0.093243
0 0.389369 0.714865 0.040721 0.098649