0 0.662400 0.493280 0.061132 0.114615
0 0.577982 0.704057 0.038977 0.095007
0 0.577333 0.811247 0.035077 0.104750
0 0.356432 0.496932 0.061132 0.109743
0 0.413272 0.565142 0.066977 0.156027
0 0.441205 0.533476 0.040991 0.078074
0 0.461668 0.453693 0.044238 0.120709
0 0.464593 0.545047 0.044890 0.108527
0 0.500647 0.515814 0.026050 0.106088
0 0.525007 0.520686 0.027996 0.113399
0 0.566582 0.464047 0.039694 0.107311
0 0.570481 0.542000 0.051384 0.092689
0 0.613353 0.554791 0.065676 0.174297
0 0.551674 0.853267 0.039629 0.123020
0 0.464593 0.867307 0.056580 0.124304
0 0.438283 0.813682 0.041640 0.090135
0 0.407425 0.799672 0.046187 0.086480
0 0.320052 0.707713 0.055932 0.119372
0 0.368450 0.729030 0.087762 0.159561
0 0.442831 0.715628 0.044241 0.118149
0 0.469465 0.711368 0.023449 0.124236
0 0.486679 0.688834 0.021503 0.047507
0 0.501004 0.735730 0.026634 0.126676
0 0.517245 0.729027 0.021438 0.135203
0 0.536732 0.738774 0.024036 0.132764
0 0.556220 0.700405 0.033132 0.119365
0 0.606241 0.696142 0.042227 0.088919
0 0.614360 0.794801 0.044173 0.096223
0 0.654638 0.725372 0.083150 0.191230
0 0.703002 0.702841 0.052685 0.090128