0 0.476396 0.473311 0.028829 0.211486
0 0.453694 0.473649 0.027387 0.200000
0 0.421982 0.453378 0.030270 0.250000
0 0.395315 0.469595 0.034595 0.200000
0 0.372973 0.440878 0.028829 0.235811
0 0.343063 0.447973 0.049730 0.206757
0 0.303964 0.443919 0.038559 0.190541
0 0.275856 0.397635 0.040000 0.137162
0 0.506126 0.480068 0.029189 0.200676
0 0.529910 0.477703 0.021982 0.189189
0 0.557297 0.465878 0.031351 0.225000
0 0.582342 0.471959 0.038198 0.199324
0 0.609369 0.467905 0.036757 0.193919
0 0.640360 0.447297 0.047568 0.206757
0 0.683423 0.429730 0.043604 0.221622
0 0.705045 0.366216 0.052252 0.125676
0 0.496577 0.698311 0.019459 0.229054
0 0.513874 0.702027 0.023063 0.233784
0 0.536396 0.698649 0.027748 0.250000
0 0.562162 0.680743 0.033874 0.206081
0 0.588829 0.686486 0.043243 0.233784
0 0.628288 0.662838 0.073874 0.195946
0 0.673694 0.645608 0.060901 0.191216
0 0.726306 0.615541 0.067387 0.136486
0 0.477838 0.693919 0.020901 0.227027
0 0.461441 0.691892 0.021982 0.209459
0 0.436937 0.710135 0.029910 0.267568
0 0.409910 0.696284 0.031351 0.243919
0 0.375495 0.676014 0.054775 0.220946
0 0.346306 0.658784 0.069189 0.195946
0 0.303063 0.641554 0.064865 0.191216
0 0.254955 0.617905 0.060901 0.133108