0 0.494955 0.457095 0.028468 0.210135
0 0.474414 0.435811 0.025586 0.159459
0 0.446486 0.412162 0.030270 0.222973
0 0.425586 0.419595 0.039640 0.218919
0 0.403964 0.419932 0.037477 0.193919
0 0.371532 0.409122 0.046126 0.176351
0 0.330270 0.384459 0.047928 0.164865
0 0.523243 0.455068 0.025946 0.219595
0 0.547928 0.448986 0.017658 0.137162
0 0.573153 0.435811 0.027748 0.189189
0 0.596757 0.437500 0.036757 0.216892
0 0.621982 0.443243 0.039640 0.191892
0 0.657297 0.428041 0.040360 0.196622
0 0.695856 0.387838 0.045405 0.152703
0 0.511351 0.673311 0.014414 0.152027
0 0.527748 0.667568 0.019820 0.168919
0 0.544324 0.672973 0.027748 0.208108
0 0.574234 0.664189 0.032793 0.170270
0 0.602703 0.655068 0.036396 0.188514
0 0.643604 0.635811 0.067027 0.168919
0 0.687568 0.595946 0.078559 0.167568
0 0.499099 0.660135 0.020180 0.156757
0 0.481261 0.661824 0.020541 0.166892
0 0.461622 0.663176 0.024505 0.199324
0 0.435135 0.649662 0.032793 0.183108
0 0.409189 0.645270 0.040000 0.190541
0 0.369369 0.630405 0.073514 0.164865
0 0.330090 0.577027 0.080000 0.168919