0 0.475315 0.495270 0.034595 0.229730
0 0.445946 0.478716 0.029189 0.231757
0 0.415315 0.459797 0.034955 0.275000
0 0.387748 0.476351 0.036757 0.228378
0 0.361081 0.468919 0.036757 0.197297
0 0.322883 0.473311 0.047568 0.184459
0 0.280000 0.450676 0.047568 0.190541
0 0.259640 0.401689 0.054414 0.095270
0 0.508468 0.496284 0.032432 0.223649
0 0.537658 0.481757 0.027387 0.231081
0 0.566847 0.469932 0.038198 0.269595
0 0.598378 0.478041 0.040000 0.222297
0 0.621802 0.486486 0.038559 0.172973
0 0.664324 0.480068 0.052252 0.181757
0 0.705225 0.461149 0.058378 0.185811
0 0.723604 0.389189 0.059820 0.106757
0 0.500901 0.725338 0.024505 0.203378
0 0.521802 0.726351 0.025946 0.217568
0 0.543423 0.749662 0.030270 0.257432
0 0.573333 0.716554 0.036036 0.187162
0 0.612973 0.718919 0.054775 0.210811
0 0.646486 0.693581 0.081441 0.191216
0 0.695676 0.656757 0.073153 0.174324
0 0.752973 0.649662 0.057297 0.116892
0 0.480180 0.716892 0.022703 0.194595
0 0.458378 0.713176 0.022342 0.187162
0 0.433514 0.717905 0.028829 0.203378
0 0.405225 0.707770 0.031351 0.188514
0 0.373694 0.701014 0.045405 0.179054
0 0.332613 0.686149 0.076396 0.188514
0 0.288829 0.648649 0.070270 0.160811
0 0.235315 0.645270 0.061261 0.120270