0 0.481622 0.494595 0.027027 0.202703
0 0.454775 0.475338 0.032432 0.175000
0 0.414054 0.390878 0.069189 0.146622
0 0.388108 0.460473 0.040360 0.118243
0 0.355676 0.464865 0.034595 0.117568
0 0.328108 0.536486 0.055135 0.179730
0 0.284324 0.493243 0.043964 0.117568
0 0.254595 0.453378 0.040000 0.045946
0 0.523063 0.491216 0.038559 0.218919
0 0.553514 0.489527 0.041081 0.219595
0 0.586126 0.407095 0.063063 0.161486
0 0.610811 0.461149 0.056216 0.133108
0 0.642342 0.484797 0.034955 0.118243
0 0.668649 0.540878 0.049369 0.187162
0 0.713153 0.499324 0.050450 0.109459
0 0.512072 0.702703 0.023784 0.185135
0 0.530450 0.707432 0.030991 0.191892
0 0.546667 0.814865 0.036036 0.171622
0 0.578559 0.768919 0.031351 0.117568
0 0.614955 0.793581 0.038559 0.087162
0 0.656216 0.745608 0.066306 0.191216
0 0.705225 0.758446 0.054775 0.112838
0 0.490991 0.704730 0.020541 0.195946
0 0.475495 0.708446 0.027748 0.183108
0 0.460721 0.797973 0.035676 0.189189
0 0.427207 0.756081 0.042883 0.125676
0 0.387928 0.769595 0.032072 0.100000
0 0.343243 0.735135 0.064505 0.204054
0 0.295315 0.753716 0.052973 0.115541
0 0.422883 0.527027 0.042883 0.128378
0 0.394955 0.546959 0.040360 0.097973
0 0.367387 0.553041 0.049369 0.108784
0 0.583063 0.535473 0.027387 0.142568
0 0.601261 0.553716 0.028468 0.115541
0 0.634054 0.566892 0.042162 0.125676
0 0.555676 0.694595 0.028108 0.136486
0 0.578919 0.689865 0.041441 0.113514
0 0.611171 0.702365 0.046847 0.118243
0 0.455315 0.671959 0.024865 0.145270
0 0.426667 0.670270 0.051171 0.112162
0 0.388288 0.684122 0.042883 0.133108