0 0.471892 0.484459 0.027748 0.275676
0 0.445766 0.477027 0.023063 0.254054
0 0.421441 0.455068 0.028468 0.266892
0 0.395676 0.475338 0.037477 0.202027
0 0.369369 0.474662 0.031712 0.191216
0 0.333874 0.472973 0.044324 0.170270
0 0.297117 0.456419 0.049369 0.145270
0 0.281081 0.378716 0.043243 0.081757
0 0.503784 0.504392 0.030270 0.235811
0 0.528468 0.491892 0.025586 0.235135
0 0.554775 0.461824 0.029910 0.281757
0 0.580541 0.451351 0.041081 0.274324
0 0.603243 0.466892 0.037477 0.214865
0 0.642162 0.471284 0.049009 0.188514
0 0.679640 0.463176 0.059099 0.153378
0 0.705586 0.378716 0.046847 0.108784
0 0.495495 0.715878 0.017297 0.168243
0 0.514234 0.721622 0.025225 0.186486
0 0.536757 0.726014 0.029189 0.223649
0 0.559820 0.711486 0.035676 0.198649
0 0.590450 0.694932 0.039279 0.184459
0 0.640180 0.681419 0.073874 0.196622
0 0.689730 0.648649 0.080721 0.186486
0 0.744144 0.631757 0.056216 0.113514
0 0.477297 0.718581 0.020541 0.176351
0 0.458559 0.718919 0.021982 0.193243
0 0.434595 0.717905 0.028829 0.208784
0 0.407027 0.715541 0.029910 0.206757
0 0.381622 0.691554 0.038919 0.179054
0 0.335135 0.675338 0.074955 0.183108
0 0.293694 0.629392 0.082162 0.166892
0 0.248108 0.609797 0.040721 0.089865