0 0.485045 0.433446 0.034595 0.222297
0 0.456396 0.438851 0.027748 0.187162
0 0.427928 0.411486 0.032793 0.247297
0 0.401081 0.422297 0.037477 0.205405
0 0.378198 0.418581 0.039279 0.195270
0 0.344144 0.415541 0.056937 0.197297
0 0.303964 0.394932 0.058739 0.173649
0 0.300721 0.307432 0.037838 0.093243
0 0.518919 0.432095 0.033874 0.226351
0 0.547928 0.438851 0.026306 0.195270
0 0.576396 0.423986 0.031351 0.218243
0 0.598919 0.435135 0.031712 0.179730
0 0.616036 0.431419 0.049369 0.173649
0 0.654414 0.408784 0.052613 0.198649
0 0.687387 0.394932 0.059459 0.168243
0 0.698919 0.316554 0.043604 0.107432
0 0.514054 0.651689 0.019820 0.172297
0 0.538919 0.647973 0.030631 0.170270
0 0.569369 0.658446 0.049009 0.208784
0 0.586306 0.640541 0.037477 0.189189
0 0.615135 0.626014 0.049009 0.189865
0 0.652432 0.604730 0.081081 0.186486
0 0.694775 0.554730 0.072793 0.172973
0 0.733694 0.526351 0.043964 0.094595
0 0.493694 0.654054 0.019459 0.167568
0 0.473333 0.654730 0.023423 0.175676
0 0.444865 0.650338 0.036396 0.193919
0 0.423964 0.646284 0.029910 0.197973
0 0.396036 0.633108 0.041081 0.195946
0 0.353153 0.609122 0.078559 0.189865
0 0.311532 0.565203 0.065946 0.166892
0 0.268108 0.536149 0.053333 0.104730