0 0.590294 0.437250 0.052032 0.209622
0 0.478234 0.425071 0.042292 0.214493
0 0.388587 0.445166 0.042292 0.186480
0 0.426914 0.713196 0.040991 0.244824
0 0.689715 0.673000 0.087049 0.220459
0 0.400279 0.704669 0.040991 0.218027
0 0.738730 0.652291 0.056580 0.118149
0 0.617252 0.444561 0.064378 0.219365
0 0.684488 0.370260 0.065027 0.102439
0 0.551317 0.440294 0.037741 0.232764
0 0.508117 0.429943 0.037092 0.224236
0 0.456150 0.700405 0.026699 0.255784
0 0.658503 0.450037 0.074123 0.166993
0 0.473688 0.676652 0.026699 0.220466
0 0.645867 0.702838 0.092894 0.236297
0 0.456148 0.420807 0.044886 0.244939
0 0.490252 0.676047 0.022155 0.236297
0 0.595164 0.705885 0.048786 0.220459
0 0.521434 0.426287 0.039041 0.221804
0 0.358705 0.448821 0.051384 0.203534
0 0.505519 0.675436 0.027996 0.220466
0 0.567881 0.707713 0.038393 0.231426
0 0.409701 0.433595 0.044238 0.219365
0 0.434710 0.434814 0.044886 0.221804
0 0.522733 0.687007 0.032544 0.219243
0 0.358706 0.701014 0.081268 0.215595
0 0.546443 0.694922 0.039690 0.220466
0 0.265519 0.647422 0.057164 0.130331
0 0.306411 0.363014 0.062429 0.082824
0 0.566256 0.439078 0.044238 0.215709
0 0.303813 0.654122 0.091013 0.199757
0 0.317456 0.441514 0.049434 0.198662