0 0.593216 0.560270 0.044890 0.121919
0 0.325250 0.544436 0.063726 0.202318
0 0.394436 0.590111 0.038393 0.103655
0 0.444778 0.817338 0.042941 0.136419
0 0.697153 0.697358 0.063077 0.120581
0 0.566582 0.565753 0.031895 0.096345
0 0.499022 0.689443 0.025402 0.165655
0 0.384041 0.779574 0.050086 0.099878
0 0.503245 0.503024 0.042937 0.209628
0 0.418470 0.780182 0.044890 0.118149
0 0.635766 0.687007 0.072822 0.192446
0 0.592892 0.468311 0.042937 0.115838
0 0.528256 0.482318 0.029297 0.124365
0 0.548717 0.392186 0.042941 0.158466
0 0.278804 0.726595 0.064375 0.118149
0 0.588020 0.676652 0.055283 0.130331
0 0.540923 0.546875 0.039041 0.141412
0 0.340191 0.713801 0.072822 0.148601
0 0.568532 0.474399 0.046187 0.137757
0 0.679941 0.455520 0.066324 0.124365
0 0.639663 0.513986 0.074123 0.173081
0 0.387613 0.688831 0.054634 0.108405
0 0.387288 0.508503 0.046187 0.106088
0 0.517211 0.696753 0.024101 0.168088
0 0.426915 0.497544 0.034494 0.113399
0 0.421393 0.582196 0.036443 0.100000
0 0.600362 0.772878 0.047485 0.101095
0 0.362277 0.490236 0.044238 0.145068
0 0.424641 0.677872 0.052036 0.103527
0 0.370724 0.595595 0.040339 0.102432
0 0.538973 0.671780 0.029946 0.140074
0 0.459396 0.500588 0.056580 0.224243
0 0.283351 0.495716 0.057881 0.109743
0 0.560735 0.759480 0.043589 0.103527
0 0.538973 0.796020 0.039041 0.142514
0 0.556838 0.658993 0.040991 0.099878
0 0.477584 0.701622 0.021503 0.180270
0 0.460695 0.685791 0.030595 0.153473