0 0.478739 0.545270 0.035676 0.204054
0 0.446847 0.546959 0.030270 0.191216
0 0.417117 0.530743 0.032793 0.225000
0 0.392252 0.544257 0.040721 0.197973
0 0.378198 0.541216 0.040000 0.185135
0 0.338018 0.546284 0.051892 0.176351
0 0.297297 0.530405 0.056937 0.166216
0 0.274234 0.448649 0.046847 0.132432
0 0.512252 0.546284 0.034955 0.208784
0 0.541261 0.552027 0.028829 0.190541
0 0.571892 0.537838 0.036757 0.221622
0 0.599459 0.544932 0.036396 0.203378
0 0.625225 0.551351 0.037477 0.189189
0 0.659820 0.554392 0.052613 0.176351
0 0.702523 0.548649 0.055856 0.164865
0 0.717117 0.446622 0.051171 0.141892
0 0.513333 0.741892 0.021982 0.191892
0 0.533874 0.750000 0.024144 0.187838
0 0.557658 0.755068 0.028468 0.196622
0 0.583784 0.750000 0.034595 0.186486
0 0.614414 0.746284 0.041081 0.187162
0 0.655676 0.737500 0.065225 0.179054
0 0.701802 0.729392 0.054414 0.165541
0 0.757477 0.710811 0.068468 0.100000
0 0.492613 0.742568 0.021622 0.177027
0 0.471171 0.752027 0.024144 0.189189
0 0.443964 0.743243 0.032432 0.191892
0 0.420180 0.737838 0.034595 0.183784
0 0.390270 0.740541 0.041081 0.201351
0 0.350090 0.730405 0.060901 0.183784
0 0.304144 0.708784 0.056216 0.174324
0 0.249009 0.684459 0.061261 0.125676