0 0.477117 0.394595 0.037477 0.248649
0 0.460360 0.507770 0.001081 0.002027
0 0.449009 0.395946 0.028108 0.231081
0 0.412613 0.361486 0.054054 0.344595
0 0.392613 0.405068 0.041441 0.241216
0 0.364324 0.387838 0.039640 0.271622
0 0.325766 0.406757 0.051892 0.217568
0 0.277658 0.395946 0.047207 0.200000
0 0.250450 0.341554 0.050450 0.104730
0 0.515856 0.382770 0.034234 0.257432
0 0.537838 0.363176 0.039279 0.265541
0 0.576216 0.356419 0.040360 0.314189
0 0.603063 0.393919 0.037838 0.235135
0 0.634414 0.390541 0.037838 0.241892
0 0.672072 0.383784 0.050450 0.235135
0 0.716036 0.375000 0.050450 0.225676
0 0.509910 0.635473 0.023063 0.218243
0 0.530991 0.641554 0.025586 0.219595
0 0.557117 0.657770 0.030270 0.246622
0 0.583964 0.633784 0.033514 0.208108
0 0.616216 0.641216 0.044685 0.222973
0 0.655676 0.614189 0.078198 0.204054
0 0.703423 0.586149 0.074955 0.191216
0 0.756577 0.597297 0.050811 0.098649
0 0.489730 0.638514 0.022342 0.218919
0 0.468288 0.641892 0.030631 0.229730
0 0.445766 0.660811 0.030991 0.268919
0 0.414054 0.645946 0.034595 0.250000
0 0.387748 0.646622 0.041802 0.240541
0 0.345946 0.622635 0.076396 0.210135
0 0.292613 0.606081 0.077838 0.201351
0 0.238739 0.600676 0.055856 0.113514