0 0.473874 0.490203 0.041081 0.276351
0 0.441622 0.505743 0.035676 0.202027
0 0.419099 0.402365 0.038198 0.183108
0 0.395315 0.468919 0.036757 0.098649
0 0.365766 0.456419 0.033153 0.084459
0 0.324144 0.473986 0.055135 0.160135
0 0.306306 0.383784 0.059820 0.125676
0 0.515135 0.494595 0.035676 0.260811
0 0.547748 0.476351 0.036757 0.183784
0 0.580541 0.397973 0.041081 0.183784
0 0.592432 0.462162 0.044685 0.109459
0 0.619279 0.435811 0.043604 0.109459
0 0.671351 0.458108 0.061982 0.172973
0 0.692072 0.376014 0.063784 0.127703
0 0.515135 0.725676 0.029189 0.175676
0 0.539279 0.736149 0.030631 0.212838
0 0.567027 0.812162 0.041441 0.158108
0 0.603784 0.728041 0.032793 0.126351
0 0.644144 0.729392 0.040000 0.095270
0 0.689189 0.654392 0.092613 0.185811
0 0.744685 0.623986 0.068108 0.116892
0 0.492252 0.734797 0.028108 0.188514
0 0.466126 0.741554 0.027027 0.204730
0 0.432793 0.822973 0.050450 0.163514
0 0.403604 0.753716 0.041802 0.116892
0 0.354054 0.740878 0.037838 0.093919
0 0.312252 0.664527 0.093333 0.191216
0 0.260721 0.635811 0.054414 0.108108
0 0.410631 0.523986 0.028468 0.145270
0 0.387207 0.542905 0.034234 0.096622
0 0.355135 0.527703 0.040000 0.101351
0 0.575676 0.522297 0.029910 0.166216
0 0.602342 0.537500 0.038559 0.100676
0 0.636036 0.519257 0.043964 0.095270
0 0.562883 0.698649 0.027387 0.160811
0 0.590090 0.662838 0.042162 0.089189
0 0.635135 0.652365 0.072432 0.120946
0 0.438378 0.705068 0.028468 0.143919
0 0.408829 0.677703 0.047207 0.106757
0 0.367568 0.676351 0.069189 0.145946