0 0.485045 0.523649 0.033153 0.233784
0 0.469009 0.493243 0.037838 0.186486
0 0.446126 0.419595 0.042523 0.174324
0 0.422523 0.478716 0.041441 0.143919
0 0.396216 0.483108 0.040000 0.117568
0 0.354595 0.515541 0.055495 0.185135
0 0.324144 0.458446 0.054414 0.100676
0 0.293874 0.401351 0.029910 0.039189
0 0.516757 0.526014 0.030270 0.227703
0 0.539099 0.504054 0.030991 0.191892
0 0.564144 0.439189 0.042162 0.162162
0 0.583063 0.490203 0.040360 0.143919
0 0.607928 0.501014 0.045405 0.096622
0 0.647387 0.529392 0.051532 0.188514
0 0.682523 0.473311 0.053333 0.104730
0 0.708649 0.404392 0.030631 0.037162
0 0.513694 0.739527 0.019099 0.175000
0 0.526847 0.773649 0.026667 0.186486
0 0.558919 0.845946 0.046847 0.136486
0 0.578919 0.787500 0.033514 0.111486
0 0.621441 0.787162 0.037117 0.083784
0 0.660000 0.725338 0.075315 0.187162
0 0.711532 0.715203 0.056577 0.112838
0 0.494775 0.736486 0.018018 0.178378
0 0.476577 0.747635 0.029189 0.187162
0 0.444865 0.850676 0.001081 0.008108
0 0.458919 0.837162 0.035676 0.152703
0 0.432252 0.772973 0.034234 0.113514
0 0.390450 0.778716 0.041441 0.087162
0 0.346126 0.711824 0.082523 0.188514
0 0.292432 0.718919 0.058018 0.113514
0 0.444505 0.552365 0.027748 0.157432
0 0.421802 0.578378 0.037117 0.098649
0 0.394414 0.570608 0.045045 0.100676
0 0.563243 0.570608 0.025225 0.142568
0 0.584685 0.592230 0.034234 0.091216
0 0.611351 0.583446 0.042883 0.093919
0 0.549550 0.732095 0.023063 0.149324
0 0.574775 0.708108 0.036757 0.091892
0 0.612613 0.721622 0.059099 0.144595
0 0.455676 0.719257 0.021982 0.152027
0 0.430991 0.697297 0.038919 0.098649
0 0.396577 0.692230 0.057297 0.114189