0 0.499459 0.423649 0.028829 0.266216
0 0.479640 0.420608 0.030991 0.252027
0 0.452072 0.411824 0.030631 0.273649
0 0.436036 0.428041 0.039640 0.235811
0 0.416577 0.435473 0.044685 0.223649
0 0.378018 0.420608 0.053333 0.230405
0 0.336216 0.405405 0.062703 0.205405
0 0.306126 0.336824 0.055135 0.156081
0 0.526667 0.415878 0.027748 0.280405
0 0.541982 0.422297 0.041081 0.237838
0 0.569730 0.385473 0.025946 0.272297
0 0.578559 0.433784 0.045045 0.208108
0 0.597117 0.430743 0.036757 0.210135
0 0.630991 0.420608 0.052613 0.227703
0 0.666486 0.406081 0.056577 0.213514
0 0.692793 0.320608 0.049369 0.184459
0 0.514234 0.647297 0.019459 0.204054
0 0.532252 0.642905 0.025946 0.199324
0 0.552613 0.662838 0.032072 0.206757
0 0.572252 0.641892 0.037477 0.198649
0 0.594234 0.642905 0.046847 0.193919
0 0.639640 0.638514 0.084324 0.204054
0 0.680360 0.606081 0.077117 0.194595
0 0.732793 0.557095 0.081802 0.114189
0 0.496937 0.646622 0.018739 0.200000
0 0.477838 0.648311 0.024505 0.197973
0 0.457838 0.668919 0.029910 0.227027
0 0.436757 0.654730 0.033874 0.210811
0 0.407207 0.653716 0.037477 0.214189
0 0.362523 0.629392 0.092973 0.200676
0 0.314775 0.601351 0.086126 0.194595
0 0.261982 0.547297 0.074955 0.118919