0 0.481261 0.536824 0.029910 0.214189
0 0.458018 0.530068 0.023784 0.173649
0 0.433514 0.477703 0.030991 0.268919
0 0.413694 0.518919 0.037477 0.181081
0 0.385946 0.518581 0.039640 0.173649
0 0.352072 0.498986 0.049730 0.195270
0 0.322342 0.459459 0.052973 0.166216
0 0.307027 0.400000 0.043964 0.081081
0 0.509009 0.528716 0.027027 0.231757
0 0.531712 0.532770 0.026306 0.185811
0 0.554054 0.487500 0.029189 0.223649
0 0.574234 0.505743 0.040000 0.204730
0 0.598378 0.476689 0.042883 0.162838
0 0.640180 0.492905 0.051532 0.200676
0 0.673694 0.454392 0.052252 0.160135
0 0.687568 0.392905 0.050450 0.088514
0 0.506306 0.749324 0.018739 0.189189
0 0.520541 0.754392 0.023423 0.191216
0 0.540901 0.763176 0.028108 0.227703
0 0.565766 0.741892 0.035315 0.172973
0 0.590811 0.725338 0.037838 0.154730
0 0.640541 0.711824 0.084685 0.184459
0 0.686847 0.685135 0.079279 0.164865
0 0.729369 0.645608 0.050450 0.096622
0 0.488649 0.749324 0.016577 0.190541
0 0.470631 0.743581 0.020180 0.179054
0 0.449910 0.759459 0.024865 0.210811
0 0.424685 0.746622 0.030631 0.183784
0 0.398919 0.731757 0.039640 0.178378
0 0.352973 0.714865 0.081081 0.178378
0 0.312793 0.678716 0.068468 0.165541
0 0.270450 0.653041 0.037117 0.080405
0 0.618919 0.555068 0.001081 0.002027
0 0.601982 0.575000 0.045045 0.066216