0 0.486126 0.532770 0.038198 0.225000
0 0.451892 0.535135 0.034595 0.214865
0 0.415315 0.536486 0.038559 0.194595
0 0.378198 0.537162 0.039279 0.178378
0 0.350991 0.523311 0.041081 0.183108
0 0.309369 0.508108 0.051532 0.182432
0 0.279820 0.445608 0.052973 0.099324
0 0.524685 0.530068 0.038198 0.230405
0 0.556577 0.506419 0.037838 0.266892
0 0.589910 0.528041 0.036036 0.199324
0 0.619099 0.519595 0.034595 0.220270
0 0.647568 0.512838 0.037477 0.213514
0 0.683423 0.502365 0.051532 0.188514
0 0.707928 0.437838 0.058739 0.106757
0 0.520180 0.751014 0.027748 0.175000
0 0.545405 0.751351 0.028468 0.181081
0 0.578018 0.750676 0.040360 0.187838
0 0.607928 0.733446 0.036757 0.157432
0 0.652072 0.720608 0.052252 0.150676
0 0.692613 0.685135 0.074955 0.179730
0 0.744505 0.670270 0.055495 0.121622
0 0.494414 0.753378 0.024505 0.183784
0 0.467928 0.752365 0.028468 0.183108
0 0.432613 0.753716 0.040000 0.195270
0 0.396577 0.728716 0.042162 0.181757
0 0.360000 0.702703 0.051892 0.164865
0 0.314054 0.681081 0.083243 0.160811
0 0.255676 0.666216 0.056577 0.117568