0 0.483964 0.439865 0.037477 0.251351
0 0.454054 0.437162 0.031712 0.233784
0 0.422703 0.415878 0.033874 0.273649
0 0.400000 0.438176 0.051892 0.230405
0 0.375135 0.430068 0.036757 0.237162
0 0.337297 0.455405 0.051171 0.168919
0 0.292793 0.428378 0.056577 0.166216
0 0.274955 0.331757 0.057658 0.109459
0 0.521441 0.442905 0.034595 0.237162
0 0.552252 0.441554 0.030631 0.223649
0 0.580000 0.419595 0.032072 0.240541
0 0.600721 0.437162 0.046847 0.224324
0 0.621622 0.429392 0.037477 0.218243
0 0.658018 0.429730 0.050450 0.191892
0 0.703063 0.404730 0.045405 0.175676
0 0.720721 0.312838 0.056216 0.093243
0 0.512072 0.662162 0.023063 0.162162
0 0.536757 0.667568 0.028468 0.193243
0 0.564324 0.680405 0.031712 0.235135
0 0.589730 0.672297 0.040000 0.212162
0 0.616396 0.693243 0.038559 0.166216
0 0.662883 0.644595 0.086126 0.193243
0 0.707568 0.596959 0.076036 0.168243
0 0.758559 0.578716 0.046847 0.110135
0 0.489550 0.665878 0.024144 0.164189
0 0.466667 0.678716 0.033153 0.185811
0 0.436757 0.692568 0.037477 0.232432
0 0.403243 0.680743 0.038919 0.203378
0 0.346667 0.655068 0.077117 0.185811
0 0.292252 0.623986 0.074234 0.225000
0 0.296036 0.116892 0.001081 0.002703
0 0.237297 0.595946 0.049369 0.129730