0 0.488288 0.509122 0.032432 0.210135
0 0.461802 0.490878 0.027748 0.229054
0 0.431351 0.468919 0.036036 0.270270
0 0.405405 0.471622 0.050450 0.225676
0 0.393514 0.437500 0.046847 0.126351
0 0.361982 0.470946 0.054414 0.189189
0 0.315315 0.448311 0.046126 0.191216
0 0.291351 0.409459 0.028468 0.060811
0 0.521261 0.500000 0.032793 0.229730
0 0.547027 0.497973 0.036757 0.209459
0 0.583063 0.493243 0.033153 0.218919
0 0.565946 0.436149 0.047207 0.149324
0 0.607748 0.478716 0.037117 0.230405
0 0.644505 0.475676 0.048649 0.198649
0 0.681802 0.437162 0.049730 0.205405
0 0.695676 0.399662 0.027748 0.073649
0 0.512252 0.711824 0.025586 0.193919
0 0.532973 0.710135 0.023784 0.189189
0 0.556577 0.704392 0.029189 0.207432
0 0.582162 0.696284 0.034234 0.203378
0 0.607207 0.703378 0.045405 0.202703
0 0.652793 0.665203 0.083964 0.199324
0 0.700901 0.616554 0.081441 0.184459
0 0.738739 0.581419 0.046126 0.103378
0 0.490631 0.712838 0.021982 0.200000
0 0.469730 0.714527 0.024865 0.200676
0 0.445225 0.713514 0.027748 0.216216
0 0.418198 0.699324 0.032793 0.198649
0 0.388108 0.698311 0.036757 0.169595
0 0.346847 0.664527 0.082523 0.210135
0 0.296937 0.628716 0.091532 0.196622
0 0.248649 0.601351 0.055495 0.101351