0 0.469910 0.456757 0.033874 0.243243
0 0.441622 0.458446 0.034234 0.218243
0 0.415315 0.431419 0.034955 0.169595
0 0.382703 0.450338 0.049730 0.222297
0 0.356216 0.442230 0.039279 0.239865
0 0.320180 0.426689 0.052973 0.237162
0 0.278919 0.417230 0.053333 0.204730
0 0.254595 0.350338 0.045766 0.125000
0 0.504865 0.456081 0.035315 0.245946
0 0.536937 0.448311 0.033153 0.238514
0 0.563784 0.441216 0.036396 0.235135
0 0.594414 0.457432 0.045766 0.205405
0 0.631351 0.447973 0.039640 0.218919
0 0.667568 0.448986 0.055135 0.192568
0 0.705225 0.429730 0.067027 0.177027
0 0.732252 0.346622 0.046847 0.120270
0 0.493694 0.684459 0.023784 0.206757
0 0.516216 0.686824 0.026306 0.196622
0 0.540180 0.697635 0.028829 0.229054
0 0.566667 0.672297 0.035676 0.187838
0 0.650450 0.656419 0.072793 0.208784
0 0.705405 0.622973 0.073874 0.190541
0 0.756757 0.605405 0.063423 0.131081
0 0.472613 0.687162 0.026306 0.197297
0 0.449910 0.682770 0.028468 0.181757
0 0.424324 0.691554 0.032793 0.207432
0 0.402703 0.676689 0.034234 0.200676
0 0.375676 0.674662 0.046486 0.212838
0 0.332252 0.657770 0.074234 0.208784
0 0.279459 0.622973 0.078919 0.179730
0 0.225766 0.598311 0.063784 0.122297
0 0.603604 0.643919 0.061982 0.152703