0 0.475856 0.505743 0.031351 0.238514
0 0.449009 0.512500 0.027387 0.199324
0 0.423063 0.492230 0.033153 0.247973
0 0.398559 0.501014 0.039640 0.226351
0 0.370811 0.517905 0.032432 0.175000
0 0.334054 0.518581 0.051171 0.170946
0 0.294595 0.487162 0.058018 0.189189
0 0.277117 0.430068 0.045405 0.083108
0 0.504865 0.499662 0.031712 0.237162
0 0.526667 0.508446 0.031351 0.191216
0 0.554054 0.481757 0.037117 0.260811
0 0.578739 0.510473 0.039640 0.191216
0 0.609189 0.508446 0.032793 0.181757
0 0.642162 0.496622 0.062703 0.195946
0 0.681982 0.470608 0.060180 0.189865
0 0.694414 0.407770 0.054775 0.088514
0 0.500721 0.722973 0.019099 0.178378
0 0.518198 0.725676 0.026667 0.189189
0 0.538739 0.753378 0.032432 0.228378
0 0.557477 0.726014 0.036757 0.188514
0 0.589730 0.728378 0.045766 0.189189
0 0.634414 0.710473 0.076036 0.183108
0 0.685946 0.673311 0.065946 0.175000
0 0.733153 0.644932 0.047928 0.104730
0 0.481982 0.722973 0.019099 0.182432
0 0.465766 0.732432 0.034234 0.194595
0 0.440541 0.758446 0.031351 0.241216
0 0.419279 0.740878 0.032072 0.215541
0 0.392613 0.740203 0.045045 0.210135
0 0.350991 0.711486 0.067748 0.172973
0 0.291351 0.674662 0.082523 0.161486
0 0.247387 0.660135 0.047207 0.098649