0 0.484144 0.565541 0.027748 0.201351
0 0.458919 0.559459 0.023423 0.198649
0 0.436216 0.536486 0.029189 0.236486
0 0.417297 0.531757 0.036757 0.218919
0 0.395856 0.531757 0.037838 0.189189
0 0.367207 0.522297 0.059099 0.181081
0 0.332793 0.492905 0.063063 0.143919
0 0.324685 0.396284 0.041802 0.079054
0 0.511892 0.560811 0.024865 0.197297
0 0.536216 0.552703 0.025946 0.206757
0 0.558018 0.535135 0.029910 0.213514
0 0.575676 0.530068 0.034955 0.192568
0 0.601802 0.521284 0.035315 0.180405
0 0.622883 0.482770 0.069550 0.218243
0 0.658198 0.468919 0.069550 0.148649
0 0.671171 0.385811 0.044324 0.086486
0 0.501802 0.739527 0.020541 0.153378
0 0.519099 0.743243 0.018378 0.160811
0 0.538198 0.759797 0.024144 0.187162
0 0.560000 0.747635 0.024505 0.164189
0 0.583243 0.743581 0.037838 0.172297
0 0.621441 0.708784 0.083964 0.186486
0 0.659459 0.653041 0.080000 0.161486
0 0.711171 0.625000 0.048649 0.100000
0 0.486486 0.747635 0.025225 0.166892
0 0.467568 0.752027 0.030631 0.167568
0 0.452072 0.766892 0.038559 0.198649
0 0.429369 0.764189 0.036396 0.179730
0 0.400180 0.759459 0.032793 0.191892
0 0.350631 0.698311 0.081441 0.154730
0 0.297658 0.665541 0.042523 0.097297