0 0.505551 0.740601 0.018836 0.182703
0 0.443155 0.517030 0.033193 0.230331
0 0.395766 0.504243 0.048721 0.238851
0 0.368805 0.486581 0.036378 0.237635
0 0.506818 0.517642 0.031899 0.236419
0 0.525688 0.757652 0.021438 0.214372
0 0.336944 0.719284 0.088411 0.210716
0 0.470764 0.520686 0.042941 0.235196
0 0.555539 0.512767 0.039690 0.238858
0 0.648432 0.490841 0.057881 0.214493
0 0.612378 0.496932 0.039041 0.238851
0 0.578883 0.505459 0.040339 0.226676
0 0.287897 0.690051 0.099456 0.222899
0 0.248921 0.641943 0.066973 0.121804
0 0.299622 0.459176 0.063013 0.197446
0 0.334378 0.475618 0.057168 0.223020
0 0.419319 0.515814 0.034097 0.249818
0 0.705600 0.399490 0.069571 0.134101
0 0.284032 0.381831 0.057816 0.130446
0 0.488335 0.735726 0.020786 0.185142
0 0.687086 0.475618 0.066324 0.188912
0 0.549694 0.749733 0.029297 0.215588
0 0.571780 0.750953 0.039690 0.208284
0 0.607171 0.755091 0.058378 0.228736
0 0.653989 0.728419 0.092245 0.226554
0 0.710829 0.699797 0.107186 0.227770
0 0.755004 0.663253 0.076004 0.132764
0 0.531505 0.510943 0.031895 0.232764
0 0.471739 0.758260 0.026699 0.222899
0 0.444454 0.754608 0.030595 0.225338
0 0.417822 0.753997 0.037092 0.228993
0 0.380467 0.743034 0.055932 0.216811