0 0.480721 0.494932 0.029550 0.223649
0 0.456216 0.494932 0.036757 0.203378
0 0.440541 0.398986 0.035676 0.243919
0 0.404505 0.484459 0.035676 0.204054
0 0.380180 0.483446 0.035315 0.200676
0 0.335676 0.421284 0.045766 0.189865
0 0.295315 0.384459 0.041441 0.156757
0 0.512613 0.505405 0.030631 0.216216
0 0.539279 0.499324 0.023423 0.217568
0 0.563604 0.500000 0.031712 0.236486
0 0.587568 0.491216 0.037117 0.241892
0 0.616036 0.495270 0.042883 0.182432
0 0.661622 0.469932 0.051171 0.181757
0 0.694054 0.416554 0.041081 0.141216
0 0.503784 0.702703 0.019459 0.166216
0 0.522342 0.710811 0.021261 0.183784
0 0.544505 0.714189 0.026667 0.197297
0 0.567207 0.706757 0.030270 0.185135
0 0.594775 0.772635 0.047207 0.195270
0 0.634234 0.698649 0.086486 0.225676
0 0.684324 0.642905 0.082883 0.191216
0 0.737838 0.632770 0.062342 0.087162
0 0.487928 0.696284 0.015856 0.157432
0 0.470450 0.690541 0.019099 0.162162
0 0.440541 0.697297 0.025586 0.202703
0 0.419640 0.677703 0.029910 0.193243
0 0.388829 0.763851 0.056216 0.188514
0 0.349910 0.673649 0.077838 0.204054
0 0.287027 0.687500 0.083243 0.137162
0 0.260901 0.619932 0.055495 0.102027