0 0.487027 0.522973 0.026306 0.214865
0 0.438018 0.497297 0.029189 0.218919
0 0.438919 0.501351 0.029550 0.217568
0 0.416396 0.496959 0.033514 0.200676
0 0.388288 0.475338 0.034234 0.229054
0 0.356036 0.495608 0.046847 0.176351
0 0.312973 0.468581 0.047207 0.193919
0 0.290450 0.413176 0.043964 0.108784
0 0.516036 0.523311 0.031712 0.220946
0 0.538018 0.516892 0.023784 0.216216
0 0.562523 0.505068 0.027387 0.247973
0 0.581982 0.502703 0.036036 0.231081
0 0.608468 0.500338 0.038559 0.208784
0 0.646306 0.493243 0.059459 0.185135
0 0.681982 0.476014 0.047928 0.220946
0 0.705045 0.405068 0.050090 0.097973
0 0.498198 0.725000 0.020541 0.160811
0 0.515135 0.729054 0.029189 0.162162
0 0.537117 0.731757 0.025586 0.178378
0 0.558919 0.737162 0.036036 0.205405
0 0.584865 0.730405 0.046126 0.194595
0 0.629369 0.702365 0.078919 0.203378
0 0.682162 0.674662 0.080721 0.179054
0 0.740000 0.643243 0.060180 0.132432
0 0.480360 0.721959 0.020180 0.146622
0 0.461802 0.730068 0.020541 0.170946
0 0.440000 0.748986 0.023784 0.207432
0 0.414775 0.735135 0.037477 0.197297
0 0.380721 0.724324 0.060180 0.208108
0 0.349009 0.704392 0.068829 0.195270
0 0.295676 0.680743 0.077477 0.197973
0 0.247027 0.642568 0.055856 0.113514