0 0.566582 0.384875 0.033193 0.255912
0 0.522409 0.612706 0.031895 0.197318
0 0.703650 0.406801 0.066977 0.219372
0 0.693908 0.615142 0.060479 0.224122
0 0.736458 0.313010 0.058530 0.158466
0 0.752371 0.599307 0.068274 0.202196
0 0.607832 0.626105 0.036443 0.216804
0 0.642587 0.627932 0.064375 0.227770
0 0.574052 0.618797 0.037741 0.211932
0 0.545470 0.623669 0.032548 0.224122
0 0.243723 0.311186 0.048786 0.130453
0 0.378193 0.625497 0.046187 0.230209
0 0.464267 0.603574 0.023452 0.191230
0 0.504220 0.624277 0.033196 0.208284
0 0.484405 0.623669 0.027348 0.214378
0 0.412623 0.629149 0.035791 0.235081
0 0.232032 0.603571 0.077369 0.186358
0 0.338568 0.616361 0.074771 0.221682
0 0.289196 0.601135 0.066977 0.205851
0 0.441530 0.613926 0.036443 0.211932
0 0.270065 0.387922 0.057168 0.230331
0 0.535400 0.401318 0.037092 0.208405
0 0.316157 0.392791 0.055932 0.218149
0 0.385047 0.401318 0.036378 0.201095
0 0.352566 0.397662 0.029881 0.208405
0 0.622449 0.396446 0.040991 0.230324
0 0.414573 0.381828 0.043589 0.249818
0 0.504218 0.402537 0.046187 0.220588
0 0.450333 0.390358 0.034432 0.208405
0 0.664998 0.404973 0.054631 0.215716
0 0.477259 0.401929 0.035146 0.204750
0 0.596141 0.402537 0.039041 0.213277