0 0.477658 0.486486 0.027027 0.271622
0 0.455135 0.481081 0.029550 0.251351
0 0.430270 0.450676 0.036036 0.291892
0 0.405045 0.477027 0.041081 0.225676
0 0.378739 0.469595 0.035315 0.208108
0 0.345045 0.462162 0.058739 0.210811
0 0.319820 0.412500 0.069550 0.164189
0 0.302883 0.345270 0.048649 0.086486
0 0.505586 0.486824 0.028829 0.273649
0 0.530811 0.486486 0.025225 0.252703
0 0.556577 0.440541 0.032072 0.329730
0 0.577838 0.494595 0.036396 0.206757
0 0.606667 0.477365 0.037117 0.229054
0 0.643964 0.472297 0.050450 0.224324
0 0.681622 0.461149 0.058739 0.180405
0 0.690450 0.384797 0.050450 0.085811
0 0.498739 0.727365 0.021622 0.193919
0 0.510811 0.737162 0.037838 0.206757
0 0.533514 0.751351 0.042162 0.236486
0 0.566847 0.755743 0.030991 0.215541
0 0.590811 0.760811 0.040721 0.158108
0 0.645946 0.729054 0.101261 0.183784
0 0.680360 0.674324 0.080721 0.160811
0 0.724865 0.662838 0.040721 0.093243
0 0.483063 0.719257 0.016216 0.179054
0 0.464865 0.730068 0.025946 0.206081
0 0.449369 0.752027 0.039640 0.263514
0 0.416396 0.739527 0.033514 0.206081
0 0.336216 0.694932 0.100180 0.172297
0 0.294234 0.664527 0.074595 0.158784
0 0.254775 0.614189 0.038198 0.100000
0 0.388468 0.755405 0.059820 0.166216