0 0.469910 0.509122 0.033153 0.233108
0 0.439279 0.493919 0.032432 0.241892
0 0.404865 0.469257 0.044324 0.234459
0 0.386667 0.523311 0.049730 0.200676
0 0.361081 0.521959 0.038198 0.218243
0 0.325045 0.515541 0.054054 0.204054
0 0.289550 0.451351 0.054414 0.159459
0 0.253333 0.418243 0.041081 0.072973
0 0.505586 0.505743 0.038198 0.234459
0 0.538018 0.492568 0.030270 0.236486
0 0.572793 0.463514 0.042162 0.298649
0 0.596577 0.512162 0.046486 0.224324
0 0.629730 0.506081 0.040721 0.236486
0 0.668108 0.498311 0.057658 0.233108
0 0.700721 0.437838 0.060180 0.166216
0 0.735856 0.397297 0.046126 0.078378
0 0.508108 0.737162 0.023784 0.182432
0 0.534595 0.738176 0.029189 0.195270
0 0.563964 0.763851 0.037477 0.252027
0 0.596036 0.752703 0.041802 0.206757
0 0.637117 0.739527 0.059099 0.185811
0 0.688649 0.718243 0.094414 0.194595
0 0.750090 0.715878 0.073153 0.143919
0 0.483784 0.743581 0.024144 0.196622
0 0.457477 0.744932 0.027027 0.195270
0 0.427027 0.765878 0.032432 0.245270
0 0.397658 0.746959 0.033514 0.193919
0 0.360360 0.750000 0.056216 0.194595
0 0.313694 0.729730 0.086847 0.201351
0 0.256396 0.728378 0.067387 0.152703
0 0.222523 0.665203 0.046486 0.097973