0 0.595726 0.674865 0.046977 0.157473
0 0.692168 0.637497 0.114591 0.208182
0 0.657292 0.411226 0.125978 0.236345
0 0.348395 0.507980 0.047686 0.112230
0 0.433802 0.377196 0.047712 0.184257
0 0.361919 0.388541 0.050533 0.172284
0 0.297506 0.344503 0.059784 0.158939
0 0.308539 0.435916 0.069041 0.218993
0 0.392881 0.394547 0.045553 0.178959
0 0.512097 0.512649 0.057650 0.233676
0 0.409250 0.524662 0.034162 0.156270
0 0.378290 0.526666 0.044840 0.112236
0 0.443771 0.519324 0.036299 0.225662
0 0.469393 0.517321 0.050533 0.218993
0 0.565834 0.347838 0.051243 0.200311
0 0.540923 0.525997 0.064058 0.169615
0 0.583984 0.422571 0.069041 0.154939
0 0.616724 0.393878 0.064771 0.134919
0 0.662987 0.775618 0.077578 0.158804
0 0.585762 0.521993 0.039856 0.161608
0 0.635229 0.491301 0.059077 0.121574
0 0.504978 0.728912 0.039146 0.190838
0 0.609607 0.523997 0.037723 0.144264
0 0.753735 0.612807 0.062634 0.145466
0 0.638431 0.640166 0.085409 0.133453
0 0.556582 0.817655 0.074022 0.162811
0 0.599998 0.768946 0.042706 0.169486
0 0.566546 0.693547 0.051247 0.168149
0 0.533449 0.709561 0.034876 0.178824
0 0.481494 0.720236 0.024912 0.162811
0 0.384339 0.759605 0.054090 0.158804
0 0.455870 0.709557 0.043416 0.170818
0 0.427043 0.678868 0.044126 0.138791
0 0.409962 0.822324 0.085409 0.185500
0 0.252312 0.647503 0.074735 0.148128
0 0.348751 0.660848 0.074022 0.172155
0 0.339499 0.752932 0.055517 0.124108
0 0.393593 0.676865 0.064058 0.140122
0 0.302133 0.665520 0.093240 0.237541
0 0.688609 0.317811 0.087546 0.172284