0 0.480541 0.518243 0.038559 0.245946
0 0.451892 0.497297 0.053333 0.241892
0 0.419099 0.425338 0.059099 0.172297
0 0.390450 0.480405 0.047928 0.122973
0 0.351532 0.475676 0.045766 0.113514
0 0.280360 0.439527 0.056216 0.122297
0 0.522342 0.520946 0.040000 0.237838
0 0.554414 0.511824 0.041441 0.227703
0 0.586847 0.418243 0.060180 0.167568
0 0.611351 0.477703 0.044324 0.132432
0 0.647568 0.475338 0.039640 0.120946
0 0.716577 0.447635 0.060180 0.119595
0 0.516216 0.762162 0.025586 0.195946
0 0.538198 0.763851 0.030631 0.214189
0 0.561081 0.808108 0.038198 0.154054
0 0.596396 0.787838 0.040360 0.104054
0 0.684324 0.723311 0.080721 0.195270
0 0.730811 0.691554 0.058378 0.115541
0 0.493514 0.761824 0.024865 0.202027
0 0.471892 0.753041 0.033514 0.203378
0 0.446126 0.813176 0.041081 0.161486
0 0.413333 0.776689 0.038919 0.115541
0 0.370811 0.781757 0.046126 0.085135
0 0.330090 0.723649 0.093694 0.195946
0 0.273514 0.691216 0.058378 0.112162
0 0.413153 0.539189 0.037117 0.148649
0 0.391712 0.558784 0.044685 0.105405
0 0.352793 0.551014 0.055495 0.108784
0 0.588468 0.532095 0.033153 0.172297
0 0.613153 0.563514 0.042883 0.101351
0 0.644865 0.556757 0.052252 0.112162
0 0.562342 0.708108 0.029910 0.082432
0 0.589550 0.711149 0.043243 0.091216
0 0.627387 0.730405 0.059099 0.129730
0 0.447568 0.705743 0.028829 0.095270
0 0.421081 0.700676 0.045766 0.102703
0 0.380000 0.702703 0.068829 0.094595