0 0.486126 0.531081 0.028108 0.244595
0 0.469369 0.533784 0.034234 0.212162
0 0.449189 0.486486 0.036396 0.197297
0 0.427928 0.563514 0.039279 0.159459
0 0.402342 0.513514 0.037117 0.159459
0 0.366486 0.535135 0.056216 0.190541
0 0.337658 0.492568 0.046126 0.116216
0 0.512432 0.526014 0.028108 0.258784
0 0.528649 0.534459 0.023784 0.225676
0 0.545225 0.482770 0.042523 0.179054
0 0.565045 0.560811 0.035315 0.170270
0 0.588468 0.526351 0.036036 0.147297
0 0.625766 0.537838 0.050811 0.200000
0 0.652432 0.496959 0.046486 0.129054
0 0.521802 0.750338 0.017297 0.172297
0 0.535315 0.754730 0.023423 0.172973
0 0.551892 0.775000 0.032793 0.195946
0 0.578739 0.770270 0.027387 0.160811
0 0.601081 0.744257 0.043243 0.158784
0 0.630450 0.739189 0.061622 0.191892
0 0.676577 0.715541 0.062342 0.131081
0 0.504685 0.747973 0.017658 0.167568
0 0.490631 0.753041 0.023423 0.189865
0 0.473153 0.763851 0.031712 0.207432
0 0.451171 0.749324 0.032432 0.171622
0 0.426667 0.743919 0.050450 0.171622
0 0.386847 0.729054 0.076757 0.179730
0 0.338198 0.714865 0.068829 0.143243
0 0.444324 0.598649 0.026667 0.090541
0 0.401802 0.609459 0.041081 0.063514
0 0.550270 0.585135 0.029550 0.131081
0 0.589369 0.617905 0.042162 0.060135