0 0.489730 0.462162 0.034595 0.220270
0 0.466306 0.434122 0.030270 0.243919
0 0.439820 0.426351 0.031351 0.245946
0 0.420541 0.430405 0.042523 0.235135
0 0.390811 0.430743 0.040000 0.206081
0 0.360541 0.433784 0.053694 0.171622
0 0.323063 0.407432 0.056577 0.178378
0 0.305225 0.326351 0.052613 0.105405
0 0.519099 0.450338 0.030631 0.233108
0 0.539459 0.443243 0.036757 0.209459
0 0.565405 0.407770 0.039640 0.241216
0 0.580360 0.433108 0.042883 0.214865
0 0.599820 0.422297 0.034955 0.212162
0 0.639640 0.433784 0.050450 0.175676
0 0.673153 0.407432 0.061982 0.178378
0 0.688829 0.325676 0.050090 0.114865
0 0.500901 0.670270 0.020180 0.174324
0 0.519279 0.673986 0.030270 0.173649
0 0.541261 0.682432 0.032432 0.229730
0 0.566486 0.671284 0.036036 0.214189
0 0.590450 0.663851 0.060901 0.199324
0 0.635676 0.647973 0.083604 0.212162
0 0.678018 0.619257 0.070991 0.188514
0 0.725405 0.598311 0.048288 0.104730
0 0.482523 0.672635 0.021622 0.180405
0 0.466667 0.685473 0.025946 0.160135
0 0.450991 0.687162 0.040000 0.222973
0 0.424865 0.672635 0.044685 0.203378
0 0.390270 0.675000 0.057658 0.216216
0 0.355315 0.647973 0.081441 0.208108
0 0.312072 0.616892 0.072793 0.210811
0 0.265225 0.589527 0.043964 0.110135
0 0.605766 0.437162 0.025946 0.200000