0 0.466667 0.489189 0.036036 0.202703
0 0.436036 0.476689 0.028108 0.197973
0 0.389910 0.464527 0.041081 0.206081
0 0.359459 0.464527 0.039279 0.153378
0 0.321441 0.437162 0.056937 0.155405
0 0.296396 0.357432 0.044324 0.091892
0 0.501081 0.490541 0.034234 0.209459
0 0.529369 0.461486 0.028829 0.217568
0 0.554414 0.469257 0.033514 0.207432
0 0.587387 0.478041 0.046126 0.173649
0 0.603063 0.455068 0.042162 0.153378
0 0.646667 0.444595 0.058739 0.178378
0 0.661622 0.360473 0.067027 0.134459
0 0.694054 0.306081 0.036757 0.047297
0 0.487748 0.692230 0.023423 0.156081
0 0.509009 0.692568 0.022703 0.172973
0 0.531351 0.697635 0.029910 0.208784
0 0.559099 0.684797 0.037117 0.180405
0 0.613514 0.685473 0.043604 0.153378
0 0.661982 0.631419 0.092973 0.180405
0 0.720000 0.581081 0.058378 0.117568
0 0.466486 0.694932 0.021982 0.152027
0 0.442342 0.703378 0.027748 0.177027
0 0.403243 0.693919 0.042523 0.189189
0 0.364505 0.662500 0.059459 0.153378
0 0.327928 0.632770 0.091532 0.188514
0 0.286306 0.583784 0.070991 0.150000