0 0.532616 0.731010 0.042061 0.172209
0 0.429184 0.824355 0.058368 0.172209
0 0.389268 0.805848 0.052360 0.173818
0 0.342919 0.813088 0.060944 0.133581
0 0.253647 0.699622 0.062659 0.141635
0 0.303434 0.727787 0.078112 0.207615
0 0.354505 0.698818 0.051503 0.130365
0 0.398712 0.690770 0.045495 0.094959
0 0.426178 0.695601 0.030043 0.101392
0 0.452359 0.722155 0.039485 0.183473
0 0.482402 0.721348 0.029186 0.188304
0 0.504721 0.728591 0.029182 0.173818
0 0.555364 0.825159 0.041200 0.173818
0 0.560515 0.693186 0.025751 0.090128
0 0.603861 0.792973 0.040342 0.144851
0 0.592703 0.696402 0.048930 0.090128
0 0.632618 0.706061 0.058368 0.128757
0 0.653647 0.813895 0.064375 0.138412
0 0.692703 0.733422 0.097852 0.202791
0 0.740342 0.712500 0.067813 0.128757
0 0.697854 0.447666 0.084119 0.156277
0 0.669099 0.532159 0.071243 0.202953
0 0.624892 0.578834 0.054937 0.112818
0 0.592703 0.578030 0.045492 0.104777
0 0.612016 0.444446 0.065236 0.191689
0 0.587124 0.472611 0.051503 0.164318
0 0.563948 0.571591 0.037769 0.107993
0 0.556223 0.435591 0.060086 0.190074
0 0.531328 0.541818 0.048068 0.177203
0 0.503861 0.545037 0.048068 0.206169
0 0.468668 0.550669 0.041200 0.220649
0 0.440773 0.541818 0.031759 0.212608
0 0.408153 0.580443 0.038627 0.141791
0 0.388840 0.578030 0.034335 0.120872
0 0.351501 0.562740 0.059225 0.125696
0 0.419741 0.427544 0.051503 0.222264
0 0.382832 0.457321 0.049787 0.188466
0 0.351072 0.448466 0.048068 0.180419
0 0.308153 0.508020 0.049784 0.215824
0 0.281973 0.445250 0.062663 0.148230