0 0.469550 0.571622 0.023784 0.204054
0 0.443423 0.597297 0.027748 0.140541
0 0.414054 0.500000 0.033153 0.124324
0 0.396757 0.558108 0.033153 0.089189
0 0.363964 0.546959 0.036757 0.092568
0 0.330090 0.570270 0.044685 0.171622
0 0.298198 0.529392 0.060180 0.110135
0 0.502883 0.568919 0.034955 0.212162
0 0.529910 0.585811 0.034955 0.147297
0 0.558919 0.483108 0.044685 0.136486
0 0.577658 0.530743 0.049730 0.118243
0 0.607027 0.525676 0.048649 0.090541
0 0.653514 0.554054 0.055856 0.170270
0 0.688649 0.494595 0.057658 0.116216
0 0.493694 0.767230 0.023063 0.183108
0 0.513333 0.769932 0.027027 0.176351
0 0.538198 0.847297 0.037838 0.125676
0 0.564324 0.811486 0.041081 0.085135
0 0.603243 0.804730 0.040360 0.087838
0 0.645586 0.735473 0.089009 0.177703
0 0.700901 0.723311 0.056216 0.100676
0 0.476757 0.767905 0.018739 0.183108
0 0.461982 0.764527 0.020901 0.161486
0 0.439459 0.850000 0.035676 0.127027
0 0.416937 0.813176 0.032432 0.097973
0 0.385946 0.809797 0.033874 0.091216
0 0.347027 0.746959 0.067748 0.175000
0 0.298919 0.742568 0.057297 0.098649
0 0.416577 0.592568 0.025225 0.170270
0 0.394234 0.628716 0.035315 0.088514
0 0.368108 0.617230 0.042162 0.104730
0 0.558198 0.582432 0.031712 0.164865
0 0.581802 0.615203 0.042883 0.093919
0 0.612432 0.600338 0.046486 0.114189
0 0.540180 0.753041 0.025225 0.149324
0 0.561802 0.726014 0.038919 0.097973
0 0.593874 0.726689 0.056937 0.130405
0 0.441802 0.755068 0.020901 0.139865
0 0.418919 0.731081 0.031351 0.102703
0 0.387207 0.745608 0.051532 0.145270