0 0.473874 0.515203 0.033874 0.233108
0 0.450631 0.499324 0.027748 0.204054
0 0.428649 0.418581 0.045045 0.187162
0 0.402342 0.503041 0.061622 0.156081
0 0.376036 0.476014 0.056577 0.169595
0 0.341622 0.504054 0.054775 0.217568
0 0.303784 0.472973 0.046126 0.141892
0 0.276036 0.417230 0.050450 0.079054
0 0.507207 0.519595 0.032072 0.224324
0 0.532432 0.513514 0.030631 0.214865
0 0.558739 0.427027 0.037838 0.231081
0 0.581081 0.523649 0.042162 0.185135
0 0.607748 0.513514 0.042883 0.185135
0 0.649730 0.502365 0.049009 0.199324
0 0.679099 0.462500 0.048649 0.145270
0 0.506667 0.745608 0.022342 0.191216
0 0.526486 0.745608 0.026667 0.204730
0 0.548468 0.770608 0.028108 0.230405
0 0.578198 0.760811 0.037117 0.155405
0 0.621441 0.772297 0.037838 0.136486
0 0.658378 0.710473 0.074234 0.207432
0 0.706306 0.685135 0.066306 0.163514
0 0.744685 0.625000 0.041441 0.090541
0 0.700000 0.407432 0.050811 0.078378
0 0.487207 0.748649 0.021622 0.205405
0 0.464685 0.744595 0.027027 0.204054
0 0.440901 0.769257 0.029910 0.237162
0 0.411532 0.758784 0.036036 0.183784
0 0.367748 0.786486 0.050090 0.127027
0 0.327387 0.714189 0.083964 0.216216
0 0.275495 0.693919 0.068108 0.152703
0 0.237297 0.621622 0.041441 0.091892
0 0.430811 0.559797 0.027748 0.142568
0 0.413694 0.578716 0.039640 0.081757
0 0.386667 0.572635 0.044685 0.085811
0 0.558559 0.559797 0.026667 0.133108
0 0.576757 0.674324 0.045766 0.081081
0 0.613514 0.688514 0.058018 0.125676
0 0.376396 0.695608 0.067387 0.141216