0 0.478198 0.530405 0.037477 0.109459
0 0.451532 0.560135 0.036036 0.074324
0 0.428649 0.493581 0.040721 0.092568
0 0.408108 0.556081 0.034955 0.089189
0 0.373153 0.531757 0.039279 0.085135
0 0.344685 0.538176 0.051532 0.116892
0 0.309550 0.489527 0.043243 0.076351
0 0.517658 0.526014 0.039279 0.115541
0 0.544685 0.549662 0.037838 0.091216
0 0.565405 0.493581 0.041081 0.087162
0 0.587928 0.557095 0.034955 0.083108
0 0.616396 0.542230 0.032072 0.076351
0 0.646306 0.536486 0.050811 0.108108
0 0.681081 0.478716 0.046126 0.097973
0 0.503423 0.822297 0.024505 0.118919
0 0.524685 0.819257 0.025946 0.112838
0 0.554414 0.846622 0.040000 0.095946
0 0.575495 0.795946 0.034595 0.064865
0 0.614955 0.795270 0.030631 0.050000
0 0.657658 0.759122 0.058378 0.122297
0 0.705045 0.706419 0.046486 0.085811
0 0.479099 0.815541 0.021261 0.116216
0 0.458739 0.823986 0.025946 0.112838
0 0.432613 0.855068 0.036396 0.096622
0 0.412613 0.798986 0.029550 0.068243
0 0.370631 0.798986 0.030631 0.064189
0 0.330811 0.767568 0.060541 0.128378
0 0.284144 0.722297 0.047928 0.085135
0 0.488288 0.614865 0.023784 0.125676
0 0.464144 0.617905 0.020180 0.104730
0 0.440541 0.602703 0.026306 0.143243
0 0.411712 0.623311 0.034955 0.093919
0 0.382703 0.609459 0.041081 0.108108
0 0.511171 0.614527 0.025586 0.118243
0 0.533874 0.600676 0.020541 0.137838
0 0.558919 0.584122 0.028108 0.170946
0 0.587928 0.619257 0.037117 0.089865
0 0.616937 0.611486 0.041081 0.106757
0 0.501261 0.735473 0.015856 0.100676
0 0.520541 0.736149 0.015495 0.112838
0 0.540180 0.742568 0.024505 0.136486
0 0.569369 0.735135 0.039640 0.110811
0 0.607748 0.739189 0.058018 0.147297
0 0.480000 0.736824 0.014414 0.102027
0 0.462342 0.745608 0.014414 0.112838
0 0.442162 0.753041 0.021622 0.143919
0 0.413514 0.734459 0.034955 0.108108
0 0.378739 0.742905 0.052613 0.146622