0 0.483063 0.493243 0.037838 0.225676
0 0.458378 0.488176 0.040360 0.211486
0 0.437477 0.422973 0.033874 0.181081
0 0.420000 0.496284 0.040000 0.179054
0 0.389369 0.452027 0.046486 0.135135
0 0.351351 0.480068 0.052613 0.175000
0 0.324144 0.415878 0.058739 0.125000
0 0.294234 0.355405 0.032793 0.064865
0 0.519459 0.489865 0.032793 0.236486
0 0.549189 0.486824 0.029550 0.225000
0 0.568649 0.429054 0.028108 0.201351
0 0.613514 0.444932 0.042883 0.125000
0 0.651351 0.492905 0.050811 0.162838
0 0.677117 0.416216 0.051892 0.114865
0 0.510811 0.726351 0.027027 0.177027
0 0.526306 0.721959 0.041441 0.191216
0 0.549910 0.779392 0.033874 0.181757
0 0.568468 0.723311 0.041441 0.158784
0 0.605766 0.759122 0.041081 0.127703
0 0.638739 0.685473 0.076757 0.170946
0 0.692973 0.706419 0.067027 0.149324
0 0.733874 0.626351 0.045766 0.089189
0 0.491712 0.728716 0.022703 0.181757
0 0.471532 0.723311 0.029189 0.183108
0 0.449189 0.764527 0.031351 0.195270
0 0.423063 0.737500 0.033153 0.158784
0 0.384505 0.764527 0.038919 0.125000
0 0.350991 0.690878 0.074955 0.185811
0 0.291712 0.697635 0.071712 0.149324
0 0.252252 0.623311 0.042523 0.097973
0 0.389910 0.542905 0.044685 0.077703
0 0.591351 0.516892 0.034595 0.100000
0 0.614775 0.537500 0.039640 0.089865
0 0.594955 0.670946 0.050450 0.108108
0 0.394955 0.673311 0.056216 0.108784