0 0.479640 0.504392 0.036036 0.256081
0 0.453333 0.507770 0.036036 0.231757
0 0.419279 0.490203 0.042883 0.261486
0 0.394595 0.498311 0.047568 0.220946
0 0.361261 0.491892 0.044324 0.202703
0 0.319279 0.470946 0.054775 0.204054
0 0.280360 0.443581 0.067748 0.187162
0 0.272613 0.363176 0.057297 0.103378
0 0.515135 0.510811 0.035676 0.244595
0 0.543243 0.506757 0.041441 0.237838
0 0.576937 0.477027 0.043243 0.266216
0 0.603423 0.503378 0.043604 0.197297
0 0.633874 0.489189 0.039640 0.200000
0 0.674595 0.463514 0.049730 0.205405
0 0.711892 0.437162 0.062342 0.190541
0 0.722523 0.347973 0.054054 0.098649
0 0.506306 0.738514 0.025225 0.171622
0 0.531892 0.747635 0.030991 0.187162
0 0.562883 0.769932 0.036757 0.226351
0 0.592252 0.737162 0.052973 0.212162
0 0.649910 0.821622 0.002523 0.002703
0 0.627027 0.720608 0.060541 0.203378
0 0.678378 0.694595 0.089009 0.214865
0 0.730270 0.644932 0.081081 0.189865
0 0.769189 0.600000 0.049369 0.114865
0 0.481441 0.744257 0.023784 0.185811
0 0.458919 0.739527 0.037838 0.188514
0 0.425405 0.753716 0.044324 0.212838
0 0.401261 0.729730 0.052252 0.200000
0 0.367928 0.721622 0.069910 0.208108
0 0.314595 0.694932 0.099459 0.216892
0 0.258739 0.650338 0.096577 0.193919
0 0.211712 0.605068 0.058018 0.110135