0 0.672470 0.395838 0.099456 0.190135
0 0.517861 0.721111 0.044890 0.226547
0 0.394142 0.468307 0.042872 0.240074
0 0.320378 0.666301 0.092959 0.214372
0 0.266459 0.623669 0.083867 0.172959
0 0.458422 0.720500 0.044238 0.227770
0 0.477910 0.713801 0.044238 0.204628
0 0.498049 0.471355 0.036443 0.265655
0 0.505245 0.712652 0.035795 0.210723
0 0.365559 0.461611 0.046771 0.224236
0 0.467225 0.473179 0.034429 0.259561
0 0.573728 0.483537 0.030598 0.221804
0 0.440265 0.467699 0.040277 0.248601
0 0.603286 0.454912 0.062429 0.240068
0 0.642912 0.439074 0.071524 0.227892
0 0.394434 0.705277 0.061777 0.216811
0 0.710796 0.328236 0.072173 0.103649
0 0.419445 0.739382 0.068923 0.265534
0 0.713427 0.614534 0.092894 0.193662
0 0.329505 0.446385 0.070807 0.208405
0 0.765364 0.595047 0.061777 0.110838
0 0.666330 0.676044 0.109135 0.202196
0 0.577982 0.715628 0.054566 0.191230
0 0.615986 0.696750 0.078602 0.190014
0 0.541249 0.745473 0.055283 0.243608
0 0.545144 0.456128 0.060479 0.264432
0 0.232031 0.564595 0.055283 0.110838
0 0.515587 0.454304 0.046836 0.263216
0 0.306443 0.400101 0.077953 0.169432
0 0.415903 0.438466 0.043524 0.253473
0 0.354809 0.708321 0.060479 0.225331