0 0.481261 0.512838 0.030631 0.231081
0 0.455856 0.495608 0.028108 0.245270
0 0.427387 0.489189 0.034595 0.267568
0 0.399820 0.511824 0.042883 0.231757
0 0.370270 0.467905 0.042883 0.199324
0 0.328468 0.519595 0.050811 0.172973
0 0.303243 0.459122 0.058739 0.134459
0 0.277117 0.400676 0.047568 0.086486
0 0.517117 0.516216 0.030991 0.227027
0 0.541802 0.505068 0.025586 0.226351
0 0.570450 0.495608 0.033153 0.257432
0 0.595495 0.523649 0.045045 0.216216
0 0.625045 0.482770 0.045766 0.157432
0 0.663964 0.503041 0.057297 0.203378
0 0.690811 0.459459 0.057658 0.136486
0 0.717477 0.401689 0.043243 0.084459
0 0.510811 0.730068 0.021982 0.188514
0 0.532973 0.724662 0.021622 0.180405
0 0.561622 0.738514 0.027748 0.216216
0 0.589550 0.725000 0.032432 0.204054
0 0.619279 0.719595 0.035676 0.193243
0 0.666486 0.707770 0.073874 0.207432
0 0.716937 0.698311 0.062342 0.158784
0 0.756937 0.643919 0.050090 0.104054
0 0.491351 0.727027 0.020541 0.177027
0 0.468649 0.726351 0.021982 0.183784
0 0.440721 0.738176 0.030991 0.226351
0 0.412613 0.722297 0.035315 0.206757
0 0.380901 0.727703 0.041802 0.204054
0 0.333153 0.711149 0.075315 0.214189
0 0.280000 0.707770 0.066306 0.157432
0 0.237117 0.654730 0.047568 0.102703
0 0.367027 0.581757 0.042883 0.072973
0 0.631171 0.583446 0.040000 0.069595