0 0.478739 0.461149 0.034234 0.262838
0 0.448829 0.462838 0.034234 0.221622
0 0.420901 0.414527 0.036036 0.226351
0 0.385225 0.468581 0.038919 0.203378
0 0.366306 0.418243 0.038559 0.160811
0 0.316036 0.427365 0.052613 0.206081
0 0.286486 0.370270 0.046847 0.162162
0 0.258378 0.326689 0.043964 0.072297
0 0.513694 0.474662 0.035676 0.238514
0 0.544865 0.461486 0.031712 0.262162
0 0.575135 0.432432 0.036757 0.222973
0 0.607027 0.445608 0.037838 0.266892
0 0.626667 0.428716 0.045405 0.154730
0 0.676216 0.438176 0.055856 0.225000
0 0.709189 0.397635 0.055495 0.141216
0 0.738739 0.336824 0.046847 0.077703
0 0.502162 0.717568 0.020541 0.163514
0 0.518919 0.719595 0.033153 0.170270
0 0.549910 0.719257 0.031712 0.192568
0 0.577117 0.697973 0.034955 0.164865
0 0.621982 0.736824 0.044685 0.126351
0 0.673514 0.682770 0.090811 0.214189
0 0.716396 0.652027 0.068468 0.156757
0 0.756757 0.597635 0.041081 0.100676
0 0.480541 0.715541 0.025586 0.164865
0 0.461261 0.709797 0.024505 0.176351
0 0.432252 0.716554 0.033514 0.206081
0 0.405946 0.687500 0.033514 0.162838
0 0.365405 0.719932 0.040360 0.130405
0 0.315315 0.672973 0.083604 0.221622
0 0.276036 0.634459 0.067027 0.158108
0 0.238018 0.580068 0.034234 0.092568
0 0.412973 0.540541 0.030270 0.066216
0 0.354054 0.495608 0.046486 0.129054
0 0.639099 0.523311 0.042883 0.083108
0 0.612793 0.654392 0.055135 0.102027
0 0.392973 0.656081 0.001081 0.002703
0 0.375315 0.633446 0.051532 0.076351