0 0.480180 0.505068 0.028468 0.212838
0 0.461081 0.487162 0.029189 0.162162
0 0.436937 0.436486 0.033514 0.163514
0 0.414595 0.509797 0.037838 0.172297
0 0.387387 0.499662 0.036757 0.187162
0 0.350270 0.502027 0.049009 0.186486
0 0.326486 0.436149 0.047568 0.108784
0 0.507387 0.515878 0.026667 0.207432
0 0.529189 0.519257 0.027027 0.169595
0 0.545225 0.423649 0.033153 0.150000
0 0.566847 0.454392 0.038198 0.199324
0 0.598378 0.451014 0.042162 0.175000
0 0.621982 0.486149 0.059099 0.189865
0 0.650991 0.423986 0.051532 0.114189
0 0.509009 0.718243 0.016937 0.170270
0 0.527027 0.716216 0.019820 0.171622
0 0.546306 0.793919 0.031712 0.137838
0 0.569910 0.744595 0.026306 0.106757
0 0.609009 0.733108 0.045405 0.137838
0 0.641982 0.666892 0.083243 0.179730
0 0.692973 0.654392 0.051892 0.103378
0 0.491892 0.720608 0.018018 0.170946
0 0.474414 0.718581 0.023423 0.173649
0 0.459820 0.797635 0.034595 0.149324
0 0.429369 0.751689 0.031351 0.110135
0 0.385586 0.773311 0.036757 0.106081
0 0.347387 0.679730 0.078559 0.190541
0 0.296757 0.665541 0.055856 0.105405
0 0.441261 0.572297 0.026306 0.071622
0 0.545946 0.564189 0.020180 0.089189
0 0.560901 0.570608 0.027748 0.065541
0 0.580360 0.562500 0.032793 0.068243
0 0.546667 0.688851 0.025946 0.129054
0 0.568829 0.665541 0.037117 0.095946
0 0.593514 0.648986 0.051892 0.097973
0 0.452432 0.691216 0.019820 0.128378
0 0.429550 0.682095 0.041081 0.116892
0 0.395315 0.677703 0.049730 0.106757