0 0.480901 0.515878 0.029189 0.215541
0 0.456216 0.503378 0.029550 0.220270
0 0.430450 0.465203 0.032793 0.272297
0 0.409910 0.495608 0.036396 0.211486
0 0.384685 0.491554 0.036396 0.197973
0 0.352432 0.482432 0.054775 0.202703
0 0.320721 0.448649 0.064865 0.166216
0 0.296757 0.390203 0.052252 0.095270
0 0.506847 0.507432 0.028468 0.216216
0 0.530991 0.502365 0.032072 0.216892
0 0.558919 0.444257 0.036757 0.293919
0 0.578559 0.496622 0.037117 0.214865
0 0.601081 0.492568 0.039640 0.216216
0 0.633153 0.481419 0.054054 0.222297
0 0.674595 0.469932 0.056216 0.185811
0 0.696216 0.406081 0.046126 0.075676
0 0.509009 0.731081 0.017658 0.193243
0 0.526847 0.733446 0.025225 0.197973
0 0.552252 0.740203 0.026306 0.223649
0 0.574595 0.735811 0.029910 0.197297
0 0.604505 0.733784 0.034955 0.181081
0 0.646486 0.713176 0.072793 0.195270
0 0.688829 0.668919 0.070991 0.181081
0 0.730991 0.642230 0.045766 0.106081
0 0.490450 0.722973 0.018739 0.189189
0 0.473514 0.724662 0.020901 0.206081
0 0.449189 0.730068 0.028468 0.234459
0 0.418198 0.726689 0.031351 0.203378
0 0.391892 0.712162 0.036396 0.177027
0 0.327748 0.671284 0.093333 0.166892
0 0.270811 0.638514 0.048649 0.113514