0 0.477838 0.477703 0.036757 0.159459
0 0.451351 0.456757 0.021982 0.101351
0 0.431892 0.381419 0.033514 0.131757
0 0.413333 0.453041 0.038919 0.095270
0 0.387568 0.452365 0.038559 0.087162
0 0.349009 0.500676 0.047207 0.156757
0 0.323243 0.427703 0.053333 0.095946
0 0.512072 0.480068 0.032432 0.145270
0 0.536216 0.461149 0.023784 0.106081
0 0.557477 0.398649 0.030991 0.114865
0 0.572252 0.437162 0.039640 0.133784
0 0.599099 0.450338 0.041441 0.095270
0 0.635495 0.485135 0.053694 0.155405
0 0.664505 0.416892 0.052613 0.089189
0 0.496757 0.712500 0.029189 0.165541
0 0.518919 0.732770 0.036036 0.146622
0 0.543063 0.826689 0.038919 0.115541
0 0.573333 0.792568 0.043964 0.089189
0 0.620180 0.772973 0.047568 0.101351
0 0.669189 0.722973 0.070631 0.163514
0 0.717477 0.692568 0.051892 0.089189
0 0.476036 0.725338 0.024505 0.149324
0 0.451892 0.746622 0.030991 0.148649
0 0.417477 0.818581 0.042883 0.131757
0 0.393874 0.783446 0.038919 0.091216
0 0.357477 0.773649 0.033153 0.072973
0 0.322703 0.697973 0.065946 0.152703
0 0.279279 0.684459 0.052613 0.086486
0 0.452613 0.548649 0.020180 0.086486
0 0.435495 0.518581 0.024144 0.149324
0 0.412793 0.527365 0.031351 0.107432
0 0.383423 0.531419 0.038198 0.096622
0 0.529730 0.545270 0.018739 0.106757
0 0.549009 0.527027 0.024865 0.148649
0 0.570631 0.536486 0.032072 0.104054
0 0.600180 0.532095 0.043604 0.112838
0 0.546126 0.719595 0.021261 0.140541
0 0.569730 0.690541 0.037477 0.141892
0 0.614234 0.711824 0.070991 0.154730
0 0.432793 0.706419 0.025946 0.125000
0 0.406126 0.700338 0.037477 0.112838
0 0.367928 0.714189 0.060541 0.172973