0 0.479459 0.544595 0.031351 0.232432
0 0.458018 0.539865 0.034595 0.216216
0 0.429369 0.524662 0.032793 0.222297
0 0.406667 0.522973 0.043604 0.206757
0 0.380360 0.530743 0.043604 0.168243
0 0.349369 0.515203 0.055856 0.164189
0 0.327568 0.445608 0.051892 0.142568
0 0.302162 0.393581 0.046486 0.084459
0 0.511171 0.544595 0.032793 0.221622
0 0.536937 0.543581 0.028108 0.211486
0 0.560541 0.519595 0.032793 0.248649
0 0.585225 0.539865 0.041802 0.198649
0 0.613514 0.522297 0.045045 0.205405
0 0.641982 0.521284 0.059459 0.172297
0 0.663604 0.450000 0.052252 0.139189
0 0.686667 0.394932 0.045766 0.076351
0 0.500180 0.766554 0.019459 0.179054
0 0.518919 0.771959 0.029550 0.166892
0 0.540721 0.783784 0.029189 0.209459
0 0.569550 0.768581 0.032793 0.170946
0 0.598198 0.751014 0.048288 0.160135
0 0.646667 0.726689 0.082523 0.181757
0 0.693874 0.687838 0.062342 0.140541
0 0.481982 0.770270 0.019099 0.168919
0 0.462162 0.766892 0.023423 0.182432
0 0.436937 0.773649 0.031351 0.216216
0 0.410631 0.756081 0.031351 0.178378
0 0.380541 0.747973 0.042523 0.175676
0 0.336396 0.711486 0.077477 0.181081
0 0.292613 0.684459 0.058378 0.144595