0 0.481261 0.502027 0.040000 0.255405
0 0.453874 0.498311 0.030631 0.243919
0 0.423243 0.489865 0.030631 0.268919
0 0.401802 0.493243 0.036757 0.250000
0 0.381441 0.499662 0.046486 0.189865
0 0.345045 0.490878 0.050811 0.192568
0 0.306486 0.466554 0.052973 0.179054
0 0.293874 0.388514 0.043604 0.093243
0 0.515315 0.496959 0.033153 0.256081
0 0.537838 0.497635 0.040721 0.214189
0 0.570631 0.476014 0.039279 0.256081
0 0.598018 0.464865 0.061622 0.245946
0 0.614775 0.443581 0.038919 0.166892
0 0.648829 0.451014 0.055135 0.197973
0 0.684324 0.398649 0.049009 0.110811
0 0.494775 0.720608 0.020180 0.152027
0 0.516577 0.719932 0.023423 0.158784
0 0.546667 0.718243 0.037477 0.181081
0 0.572793 0.703716 0.037117 0.183108
0 0.607387 0.684459 0.058739 0.171622
0 0.640901 0.668919 0.081802 0.205405
0 0.695856 0.640203 0.085045 0.200676
0 0.746667 0.614865 0.056937 0.110811
0 0.475135 0.722973 0.020541 0.147297
0 0.452793 0.732432 0.026306 0.168919
0 0.427748 0.739189 0.030270 0.198649
0 0.397477 0.721284 0.034595 0.185811
0 0.362703 0.708108 0.045045 0.181081
0 0.326486 0.682432 0.071351 0.186486
0 0.278018 0.641892 0.074595 0.181081
0 0.234775 0.619257 0.051532 0.107432