0 0.470811 0.516892 0.029910 0.220270
0 0.445766 0.513514 0.023784 0.202703
0 0.419820 0.509459 0.030270 0.197297
0 0.396937 0.517568 0.031351 0.167568
0 0.372973 0.493243 0.029550 0.217568
0 0.343604 0.506081 0.047928 0.178378
0 0.309550 0.496284 0.047568 0.170946
0 0.290811 0.434122 0.038919 0.089865
0 0.498739 0.506757 0.031712 0.244595
0 0.521802 0.502365 0.028108 0.206081
0 0.548288 0.490541 0.037838 0.236486
0 0.569189 0.495946 0.042162 0.218919
0 0.594054 0.506757 0.039279 0.200000
0 0.625766 0.513851 0.051532 0.188514
0 0.663604 0.522973 0.050811 0.150000
0 0.690631 0.435473 0.052252 0.088514
0 0.493333 0.727027 0.019459 0.168919
0 0.513694 0.730405 0.027027 0.187838
0 0.536396 0.753041 0.034234 0.233108
0 0.565405 0.742230 0.036036 0.192568
0 0.592613 0.743919 0.036396 0.183784
0 0.635495 0.730068 0.070270 0.176351
0 0.679820 0.700676 0.076757 0.164865
0 0.474775 0.725000 0.016937 0.167568
0 0.456577 0.728378 0.023063 0.177027
0 0.430631 0.734122 0.028108 0.207432
0 0.403423 0.740541 0.027027 0.194595
0 0.377658 0.730743 0.035315 0.173649
0 0.339459 0.723986 0.064144 0.175000
0 0.298198 0.700000 0.066667 0.155405
0 0.294595 0.426351 0.043604 0.097297