0 0.492274 0.696402 0.024894 0.222101
0 0.512445 0.709280 0.030901 0.225318
0 0.622746 0.706868 0.066097 0.204399
0 0.669957 0.695598 0.093564 0.220493
0 0.588841 0.694794 0.049784 0.183480
0 0.714591 0.667436 0.093564 0.206007
0 0.339914 0.681919 0.080685 0.241419
0 0.235193 0.621564 0.068670 0.140020
0 0.484550 0.454909 0.036912 0.286642
0 0.506009 0.454905 0.038627 0.296297
0 0.287982 0.645706 0.076396 0.214061
0 0.344634 0.440422 0.060944 0.241574
0 0.429184 0.415476 0.039485 0.268939
0 0.642059 0.463760 0.066951 0.223872
0 0.528326 0.454105 0.054079 0.272155
0 0.534764 0.710084 0.034335 0.223709
0 0.417595 0.691574 0.047211 0.228541
0 0.709870 0.388115 0.054933 0.153054
0 0.384977 0.685943 0.052360 0.239804
0 0.284550 0.355122 0.064378 0.183635
0 0.610301 0.456517 0.048068 0.260885
0 0.584977 0.435595 0.043777 0.283419
0 0.303434 0.429959 0.052360 0.217432
0 0.441629 0.697206 0.052360 0.236588
0 0.459227 0.454909 0.048068 0.225480
0 0.561802 0.442838 0.054076 0.281811
0 0.471672 0.699625 0.028324 0.234980
0 0.563519 0.721351 0.055795 0.217270
0 0.377252 0.445250 0.045495 0.251230
0 0.672960 0.451689 0.082404 0.193297
0 0.770386 0.640074 0.088411 0.144851
0 0.400429 0.442838 0.040346 0.249622