0 0.489730 0.457770 0.030270 0.211486
0 0.472252 0.464189 0.039279 0.186486
0 0.423964 0.449324 0.072432 0.191892
0 0.411171 0.439189 0.057658 0.187838
0 0.394414 0.434459 0.034234 0.183784
0 0.360541 0.414865 0.047928 0.182432
0 0.322523 0.395608 0.051892 0.170946
0 0.299640 0.305405 0.045766 0.129730
0 0.516036 0.448311 0.029550 0.233108
0 0.540180 0.447973 0.025946 0.208108
0 0.565045 0.422297 0.028108 0.231081
0 0.582703 0.432095 0.033153 0.195270
0 0.608108 0.428041 0.035676 0.199324
0 0.636036 0.417568 0.047568 0.177027
0 0.673153 0.395270 0.054054 0.186486
0 0.692432 0.296959 0.050811 0.149324
0 0.498559 0.668919 0.021261 0.181081
0 0.516577 0.663514 0.025586 0.171622
0 0.537658 0.663851 0.028108 0.179054
0 0.559459 0.666216 0.028468 0.209459
0 0.586486 0.667230 0.034234 0.215541
0 0.616396 0.643919 0.032793 0.177027
0 0.671171 0.607770 0.093333 0.183108
0 0.719459 0.585811 0.068829 0.141892
0 0.478739 0.669932 0.023423 0.180405
0 0.456036 0.664865 0.027748 0.197297
0 0.432252 0.664189 0.032072 0.205405
0 0.396216 0.654730 0.052252 0.197297
0 0.467387 0.768919 0.001441 0.002703
0 0.353874 0.642230 0.072793 0.164189
0 0.317297 0.594257 0.083243 0.184459
0 0.266306 0.583108 0.058378 0.135135