0 0.482703 0.523649 0.033514 0.213514
0 0.461441 0.521959 0.037838 0.179054
0 0.448288 0.419932 0.053333 0.150676
0 0.421441 0.448311 0.037838 0.160135
0 0.393874 0.447635 0.037477 0.103378
0 0.353153 0.469595 0.049730 0.194595
0 0.329369 0.412162 0.057658 0.117568
0 0.514054 0.525338 0.033514 0.203378
0 0.536757 0.520608 0.041441 0.199324
0 0.554955 0.417230 0.048288 0.154730
0 0.573694 0.473986 0.035315 0.127703
0 0.605766 0.445946 0.037477 0.110811
0 0.645946 0.485473 0.051532 0.179054
0 0.671892 0.415541 0.050811 0.117568
0 0.504685 0.720608 0.025586 0.160135
0 0.523604 0.716892 0.038919 0.151351
0 0.535495 0.777027 0.028829 0.150000
0 0.572072 0.773311 0.036396 0.131757
0 0.616216 0.761824 0.039640 0.122297
0 0.652793 0.677365 0.089009 0.193919
0 0.703604 0.664527 0.059459 0.129054
0 0.483604 0.721959 0.019459 0.160135
0 0.462883 0.717905 0.026306 0.162838
0 0.435495 0.800676 0.052973 0.163514
0 0.409009 0.745270 0.046847 0.140541
0 0.360000 0.748649 0.037477 0.121622
0 0.331712 0.676014 0.085405 0.188514
0 0.283063 0.650000 0.058739 0.125676
0 0.436036 0.543919 0.026667 0.121622
0 0.416577 0.551689 0.032432 0.088514
0 0.392432 0.533446 0.044685 0.110135
0 0.564144 0.535473 0.027027 0.143919
0 0.579099 0.556757 0.030270 0.089189
0 0.608829 0.539527 0.047207 0.133108
0 0.546486 0.687838 0.019099 0.100000
0 0.565946 0.676351 0.036396 0.091892
0 0.602883 0.680743 0.063423 0.138514
0 0.440180 0.686824 0.027748 0.111486
0 0.417838 0.655405 0.034234 0.063514
0 0.384324 0.659122 0.045766 0.114189