0 0.487928 0.510473 0.031712 0.246622
0 0.467387 0.498311 0.039640 0.207432
0 0.443243 0.435811 0.031712 0.247297
0 0.420541 0.470270 0.036036 0.194595
0 0.396577 0.459122 0.036396 0.166892
0 0.362883 0.429730 0.049009 0.189189
0 0.343604 0.363176 0.047928 0.139865
0 0.323784 0.300676 0.039279 0.090541
0 0.517117 0.500676 0.032432 0.259459
0 0.537477 0.481419 0.039279 0.247973
0 0.564505 0.447973 0.029189 0.252703
0 0.583784 0.480068 0.033874 0.211486
0 0.612072 0.463851 0.038559 0.215541
0 0.632973 0.444932 0.070991 0.225000
0 0.655856 0.385473 0.057658 0.146622
0 0.676577 0.322297 0.043604 0.072973
0 0.500000 0.730405 0.024144 0.172973
0 0.516036 0.735473 0.025225 0.183108
0 0.540360 0.730743 0.026306 0.172297
0 0.561441 0.701689 0.036036 0.164189
0 0.588288 0.673311 0.041441 0.147973
0 0.629189 0.651014 0.081441 0.204730
0 0.676757 0.606757 0.063423 0.140541
0 0.719099 0.547973 0.039279 0.108108
0 0.480360 0.729392 0.023063 0.164189
0 0.463243 0.723649 0.030631 0.185135
0 0.435135 0.721622 0.040721 0.195946
0 0.416757 0.680743 0.045766 0.184459
0 0.396396 0.636486 0.047568 0.156757
0 0.356577 0.616892 0.081081 0.193243
0 0.317477 0.572973 0.059820 0.151351
0 0.277297 0.507770 0.040721 0.103378