0 0.485225 0.461486 0.027748 0.224324
0 0.470811 0.458446 0.041441 0.215541
0 0.449189 0.401689 0.029189 0.202027
0 0.427027 0.437838 0.045405 0.158108
0 0.396216 0.441216 0.036396 0.120270
0 0.364144 0.479392 0.046486 0.179054
0 0.339279 0.429730 0.047207 0.095946
0 0.308468 0.377703 0.038198 0.060811
0 0.510450 0.467568 0.025586 0.220270
0 0.530811 0.476351 0.029550 0.198649
0 0.553694 0.467568 0.028468 0.212162
0 0.571712 0.474662 0.038559 0.214189
0 0.597838 0.476014 0.043964 0.192568
0 0.623784 0.461149 0.046847 0.237162
0 0.651892 0.436149 0.052613 0.115541
0 0.684685 0.391892 0.043964 0.064865
0 0.500180 0.683446 0.021622 0.176351
0 0.514775 0.682432 0.034955 0.178378
0 0.532252 0.697635 0.028108 0.211486
0 0.559279 0.701014 0.027387 0.160135
0 0.583604 0.717568 0.037838 0.137838
0 0.621441 0.685473 0.073874 0.188514
0 0.666486 0.679730 0.052973 0.127027
0 0.714234 0.638851 0.045405 0.097973
0 0.483604 0.682770 0.019459 0.180405
0 0.468649 0.689527 0.028468 0.180405
0 0.448829 0.702027 0.026306 0.212162
0 0.425045 0.697973 0.028468 0.164865
0 0.384324 0.760811 0.037117 0.117568
0 0.354054 0.672973 0.076757 0.166216
0 0.313694 0.670270 0.047928 0.129730
0 0.277297 0.625000 0.038559 0.098649
0 0.396577 0.511149 0.034955 0.069595
0 0.585045 0.637162 0.040721 0.064865
0 0.398378 0.694257 0.042162 0.095270