0 0.485225 0.459122 0.001081 0.003378
0 0.480721 0.524662 0.038198 0.275000
0 0.452252 0.550676 0.033874 0.182432
0 0.414595 0.450000 0.045045 0.132432
0 0.398198 0.536149 0.037477 0.115541
0 0.369009 0.510135 0.036036 0.113514
0 0.325045 0.551351 0.054054 0.204054
0 0.295315 0.501689 0.053694 0.115541
0 0.265045 0.446284 0.029910 0.062838
0 0.516396 0.520608 0.033874 0.264189
0 0.545045 0.545270 0.032072 0.151351
0 0.575315 0.416892 0.050090 0.139189
0 0.591351 0.516892 0.040360 0.117568
0 0.621802 0.484797 0.040000 0.115541
0 0.668649 0.537500 0.058018 0.196622
0 0.699640 0.478716 0.059459 0.116892
0 0.520360 0.753716 0.026667 0.179054
0 0.541802 0.745946 0.029189 0.186486
0 0.568288 0.845270 0.040360 0.144595
0 0.592252 0.785811 0.036396 0.106757
0 0.633153 0.795946 0.043964 0.094595
0 0.681081 0.725000 0.076396 0.190541
0 0.735135 0.729054 0.058378 0.110811
0 0.770270 0.652365 0.045045 0.092568
0 0.495676 0.753378 0.027027 0.174324
0 0.470631 0.759122 0.025946 0.184459
0 0.444685 0.848649 0.039640 0.148649
0 0.418739 0.807095 0.045405 0.107432
0 0.372252 0.807432 0.044685 0.082432
0 0.320901 0.748311 0.081802 0.196622
0 0.265225 0.750676 0.060541 0.105405
0 0.233694 0.673311 0.042162 0.092568
0 0.427568 0.571284 0.034955 0.185811
0 0.398739 0.611486 0.040000 0.100000
0 0.367928 0.600338 0.046847 0.114189
0 0.570450 0.542568 0.032432 0.205405
0 0.597477 0.593581 0.039640 0.096622
0 0.628288 0.580405 0.045045 0.118919
0 0.568829 0.727027 0.029910 0.139189
0 0.593333 0.700338 0.037838 0.099324
0 0.629910 0.713851 0.052613 0.141216
0 0.442703 0.728041 0.028468 0.112838
0 0.415856 0.716892 0.037477 0.098649
0 0.375135 0.737500 0.059820 0.160135