0 0.477838 0.516216 0.030991 0.193243
0 0.454234 0.507770 0.027748 0.170946
0 0.427748 0.489189 0.033153 0.222973
0 0.406306 0.513514 0.038559 0.177027
0 0.382162 0.522635 0.037838 0.172297
0 0.347027 0.517568 0.049009 0.179730
0 0.306847 0.506757 0.055856 0.177027
0 0.278739 0.443581 0.047928 0.108784
0 0.505405 0.522297 0.030631 0.186486
0 0.530090 0.505068 0.030270 0.193919
0 0.554054 0.514189 0.033514 0.191892
0 0.576757 0.502365 0.042883 0.204730
0 0.604505 0.507770 0.040000 0.192568
0 0.640360 0.510473 0.052613 0.180405
0 0.684505 0.513176 0.057297 0.149324
0 0.775856 0.514189 0.001441 0.002703
0 0.712252 0.434459 0.047928 0.118919
0 0.497117 0.708784 0.019820 0.159459
0 0.512793 0.713514 0.030270 0.160811
0 0.531712 0.728716 0.029910 0.202027
0 0.557658 0.717568 0.034234 0.186486
0 0.583784 0.714527 0.048288 0.187162
0 0.626847 0.711486 0.070991 0.182432
0 0.678739 0.689865 0.063784 0.166216
0 0.725586 0.683108 0.055135 0.124324
0 0.480360 0.709459 0.018739 0.167568
0 0.462162 0.709797 0.025586 0.157432
0 0.443964 0.720608 0.028108 0.195270
0 0.419099 0.718581 0.031712 0.185811
0 0.391351 0.723649 0.045405 0.186486
0 0.352072 0.718243 0.066306 0.179730
0 0.303423 0.702703 0.062703 0.177027
0 0.258018 0.694932 0.056937 0.123649