0 0.480180 0.529392 0.030631 0.222297
0 0.454775 0.522973 0.029550 0.202703
0 0.424685 0.436486 0.038559 0.170270
0 0.406847 0.534459 0.043964 0.137838
0 0.389189 0.482432 0.038919 0.122973
0 0.353333 0.510473 0.046486 0.176351
0 0.321622 0.442230 0.049369 0.125000
0 0.294234 0.393581 0.029189 0.061486
0 0.512793 0.533784 0.032432 0.216216
0 0.536396 0.520946 0.027748 0.202703
0 0.557838 0.436824 0.033153 0.173649
0 0.581802 0.493243 0.037838 0.171622
0 0.602883 0.478041 0.037477 0.127703
0 0.637297 0.498986 0.052973 0.179054
0 0.662342 0.422973 0.055495 0.117568
0 0.691892 0.370946 0.023784 0.052703
0 0.511892 0.747297 0.021982 0.179730
0 0.530270 0.752703 0.020541 0.193243
0 0.556216 0.810135 0.034955 0.185135
0 0.583964 0.765878 0.030631 0.127703
0 0.625586 0.756081 0.041802 0.127027
0 0.656577 0.686486 0.070631 0.155405
0 0.701802 0.663176 0.059459 0.120946
0 0.490991 0.747297 0.019820 0.178378
0 0.469910 0.762838 0.025946 0.191892
0 0.445405 0.807432 0.031712 0.178378
0 0.415676 0.781757 0.031351 0.127027
0 0.381622 0.765541 0.041081 0.124324
0 0.341982 0.716892 0.069189 0.163514
0 0.293333 0.701351 0.063423 0.132432
0 0.261622 0.619257 0.040360 0.075000
0 0.430811 0.575000 0.027748 0.090541
0 0.560360 0.557095 0.027387 0.114189
0 0.552973 0.695270 0.028468 0.091892
0 0.579279 0.692568 0.039279 0.051351
0 0.443604 0.703716 0.028829 0.081757
0 0.417477 0.707095 0.037838 0.061486