0 0.486486 0.499324 0.042523 0.205405
0 0.452973 0.472973 0.036036 0.256757
0 0.419820 0.421622 0.046126 0.178378
0 0.392432 0.499324 0.045405 0.164865
0 0.358378 0.493243 0.041441 0.155405
0 0.318739 0.466216 0.056577 0.181081
0 0.289550 0.397635 0.061622 0.176351
0 0.269369 0.331419 0.050090 0.103378
0 0.522883 0.479054 0.046126 0.228378
0 0.556757 0.476351 0.036036 0.189189
0 0.583243 0.405405 0.045766 0.170270
0 0.612072 0.491554 0.043604 0.162838
0 0.634234 0.434122 0.046847 0.156081
0 0.683243 0.456081 0.051171 0.170270
0 0.711532 0.405068 0.054414 0.116892
0 0.722703 0.305068 0.053694 0.102027
0 0.507928 0.712162 0.030631 0.185135
0 0.530090 0.709459 0.038198 0.208108
0 0.570090 0.719595 0.047568 0.217568
0 0.602162 0.691892 0.049009 0.164865
0 0.634234 0.667568 0.052613 0.163514
0 0.682523 0.649324 0.074234 0.178378
0 0.733153 0.659797 0.065225 0.153378
0 0.767748 0.578041 0.050811 0.112838
0 0.482523 0.720608 0.035315 0.193919
0 0.461622 0.723311 0.051171 0.219595
0 0.426667 0.725676 0.041081 0.193243
0 0.394054 0.702703 0.037838 0.150000
0 0.361441 0.683784 0.055495 0.178378
0 0.314955 0.667568 0.077117 0.200000
0 0.259459 0.640203 0.065586 0.166892
0 0.212432 0.611824 0.049369 0.118243
0 0.422162 0.547635 0.033514 0.102027
0 0.582883 0.520946 0.031351 0.118919