0 0.728326 0.729720 0.083261 0.136804
0 0.682832 0.460139 0.060944 0.115885
0 0.408155 0.577544 0.043777 0.106385
0 0.297423 0.460541 0.067813 0.178811
0 0.331759 0.518480 0.057514 0.233527
0 0.402144 0.479051 0.050645 0.170764
0 0.372960 0.458125 0.054079 0.183642
0 0.428753 0.433983 0.043777 0.202953
0 0.380258 0.578030 0.048068 0.117655
0 0.612883 0.580780 0.049766 0.132101
0 0.559225 0.423845 0.052360 0.230311
0 0.467811 0.751446 0.041200 0.199568
0 0.471674 0.536503 0.040342 0.268939
0 0.441202 0.508341 0.037769 0.257669
0 0.507295 0.529264 0.041200 0.267324
0 0.529613 0.526851 0.030901 0.246405
0 0.578112 0.596057 0.045492 0.104777
0 0.555366 0.594446 0.025751 0.120865
0 0.581115 0.453622 0.046353 0.244797
0 0.615877 0.461666 0.043777 0.209385
0 0.578112 0.707993 0.042061 0.096568
0 0.630472 0.806169 0.052360 0.131973
0 0.646780 0.547774 0.071247 0.188466
0 0.616737 0.710409 0.062663 0.104615
0 0.552789 0.849622 0.053218 0.199568
0 0.584977 0.800537 0.043777 0.156115
0 0.527467 0.765932 0.040346 0.225324
0 0.555795 0.709601 0.035193 0.115878
0 0.509013 0.749030 0.037766 0.188304
0 0.489699 0.749034 0.033474 0.191527
0 0.367380 0.802949 0.051503 0.164169
0 0.442488 0.819848 0.036912 0.168993
0 0.445065 0.699946 0.030043 0.103000
0 0.403861 0.806169 0.047211 0.151284
0 0.421029 0.692703 0.048926 0.111054
0 0.264377 0.737767 0.073820 0.136804
0 0.375964 0.724889 0.070386 0.156115
0 0.324892 0.745007 0.086692 0.228541
0 0.679829 0.739375 0.099571 0.201182