0 0.469189 0.485811 0.046126 0.241892
0 0.446667 0.494257 0.031351 0.215541
0 0.418198 0.460135 0.037838 0.304054
0 0.392072 0.498649 0.043964 0.220270
0 0.369009 0.495270 0.038198 0.214865
0 0.332252 0.485811 0.055495 0.231081
0 0.289009 0.488176 0.051171 0.193919
0 0.264324 0.435811 0.047928 0.090541
0 0.506306 0.485135 0.030991 0.237838
0 0.533153 0.484797 0.027748 0.214189
0 0.558739 0.449324 0.036396 0.295946
0 0.584324 0.476014 0.043604 0.219595
0 0.614775 0.467905 0.042523 0.214189
0 0.647748 0.465203 0.055856 0.215541
0 0.694234 0.448311 0.048649 0.215541
0 0.723964 0.409459 0.051171 0.098649
0 0.507207 0.697635 0.026306 0.164189
0 0.524865 0.698986 0.028468 0.177703
0 0.549189 0.721622 0.034595 0.237838
0 0.577297 0.704392 0.037477 0.199324
0 0.606667 0.701689 0.042883 0.208784
0 0.650270 0.691554 0.078919 0.200676
0 0.701441 0.660135 0.070991 0.179730
0 0.743964 0.625338 0.050811 0.114189
0 0.481622 0.692905 0.021982 0.160135
0 0.459640 0.698649 0.026306 0.164865
0 0.438919 0.724662 0.041081 0.222297
0 0.406486 0.729730 0.031712 0.210811
0 0.380901 0.728041 0.035315 0.200676
0 0.333874 0.710811 0.076757 0.193243
0 0.284324 0.683446 0.080000 0.173649
0 0.240180 0.659459 0.048649 0.105405