0 0.484324 0.468243 0.026667 0.193243
0 0.461982 0.471284 0.023063 0.173649
0 0.441261 0.459459 0.028468 0.197297
0 0.417477 0.452703 0.041441 0.195946
0 0.392252 0.448311 0.032072 0.188514
0 0.365045 0.443581 0.046126 0.175000
0 0.331712 0.419595 0.051532 0.168919
0 0.319279 0.338514 0.059099 0.143243
0 0.512252 0.468919 0.028468 0.194595
0 0.532432 0.460811 0.023423 0.185135
0 0.553694 0.452027 0.027027 0.194595
0 0.574234 0.439865 0.035676 0.202703
0 0.600721 0.440878 0.033153 0.188514
0 0.627207 0.435135 0.043604 0.170270
0 0.660000 0.410811 0.050090 0.162162
0 0.674775 0.338514 0.052973 0.131081
0 0.498739 0.665203 0.017297 0.169595
0 0.517658 0.664189 0.021261 0.170270
0 0.536396 0.667568 0.025586 0.181081
0 0.560000 0.660473 0.029550 0.187162
0 0.586486 0.647973 0.037838 0.179730
0 0.625225 0.632770 0.065586 0.184459
0 0.666847 0.585473 0.069550 0.154730
0 0.710991 0.569595 0.054775 0.125676
0 0.479640 0.665541 0.026667 0.167568
0 0.464144 0.663851 0.020901 0.169595
0 0.443063 0.664189 0.024144 0.187838
0 0.422162 0.665203 0.028468 0.187162
0 0.394595 0.655405 0.038198 0.186486
0 0.355135 0.641216 0.069550 0.186486
0 0.314775 0.595946 0.071712 0.163514
0 0.267387 0.576689 0.059099 0.130405