0 0.490631 0.565878 0.034955 0.196622
0 0.471171 0.539189 0.032072 0.171622
0 0.455135 0.433446 0.031712 0.166892
0 0.435315 0.486824 0.037477 0.139865
0 0.408829 0.475000 0.041441 0.129730
0 0.374054 0.512500 0.059820 0.197973
0 0.348468 0.454392 0.054054 0.125000
0 0.323063 0.403378 0.033514 0.066216
0 0.520180 0.567568 0.029910 0.194595
0 0.546486 0.555743 0.027748 0.192568
0 0.563784 0.458108 0.036396 0.156757
0 0.580180 0.503041 0.036036 0.166892
0 0.602883 0.498311 0.040360 0.120946
0 0.639459 0.530068 0.058739 0.200676
0 0.664324 0.461486 0.055135 0.136486
0 0.688108 0.415878 0.040000 0.069595
0 0.509369 0.759797 0.024144 0.160135
0 0.525766 0.759459 0.030991 0.158108
0 0.546667 0.854054 0.046126 0.158108
0 0.570631 0.802703 0.035676 0.110811
0 0.609910 0.817230 0.045045 0.104730
0 0.645405 0.737500 0.077117 0.189865
0 0.699459 0.735135 0.061261 0.125676
0 0.719459 0.642230 0.018378 0.068243
0 0.492252 0.761824 0.018739 0.170946
0 0.473694 0.757770 0.021982 0.154730
0 0.449910 0.849324 0.042162 0.159459
0 0.426847 0.801351 0.034955 0.120270
0 0.387568 0.804392 0.036396 0.120946
0 0.352613 0.724662 0.065946 0.185811
0 0.304865 0.720608 0.052613 0.134459
0 0.289189 0.625676 0.021982 0.079730
0 0.453514 0.567905 0.027748 0.119595
0 0.433153 0.582095 0.032432 0.088514
0 0.409009 0.570608 0.049730 0.107432
0 0.562162 0.592230 0.026667 0.110135
0 0.580901 0.600338 0.035315 0.089865
0 0.607748 0.594257 0.042883 0.100676
0 0.548649 0.738176 0.024865 0.114189
0 0.567748 0.725000 0.036396 0.095946
0 0.604685 0.752027 0.062703 0.171622
0 0.453874 0.727703 0.022703 0.112162
0 0.431351 0.721284 0.038919 0.112838
0 0.397297 0.734797 0.059459 0.161486