0 0.479099 0.505405 0.028468 0.256757
0 0.457838 0.506419 0.024865 0.242568
0 0.433153 0.493919 0.030270 0.275676
0 0.410811 0.509459 0.033874 0.237838
0 0.386306 0.492230 0.037477 0.245270
0 0.359459 0.489527 0.045045 0.225000
0 0.329189 0.440203 0.050090 0.143919
0 0.307748 0.384459 0.040360 0.060811
0 0.506306 0.509797 0.027387 0.237162
0 0.522883 0.504392 0.032432 0.245270
0 0.546126 0.478716 0.028468 0.270946
0 0.566486 0.531757 0.036757 0.185135
0 0.583423 0.454392 0.048288 0.137162
0 0.621441 0.496284 0.052252 0.195270
0 0.652793 0.440541 0.050811 0.133784
0 0.682162 0.378378 0.048288 0.075676
0 0.505225 0.726351 0.018739 0.186486
0 0.518559 0.726351 0.023063 0.195946
0 0.536757 0.728716 0.025586 0.226351
0 0.586486 0.763176 0.040721 0.142568
0 0.617477 0.695946 0.067387 0.213514
0 0.666667 0.667905 0.081441 0.161486
0 0.714775 0.636486 0.043604 0.091892
0 0.487207 0.724662 0.020180 0.183108
0 0.472613 0.732095 0.026306 0.200676
0 0.454234 0.725000 0.023423 0.217568
0 0.429910 0.704392 0.028829 0.184459
0 0.405045 0.759459 0.033153 0.156757
0 0.364144 0.698311 0.063063 0.208784
0 0.314955 0.700000 0.067748 0.159459
0 0.283243 0.644595 0.035315 0.079730
0 0.591532 0.545608 0.048649 0.118243
0 0.555676 0.722973 0.031712 0.208108
0 0.578559 0.654730 0.045045 0.100000
0 0.407207 0.653041 0.043243 0.083108