0 0.483784 0.496622 0.036396 0.191892
0 0.455495 0.480405 0.023784 0.189189
0 0.429189 0.477703 0.028108 0.100000
0 0.374595 0.466892 0.038559 0.089189
0 0.344144 0.472635 0.056216 0.184459
0 0.305045 0.472297 0.046486 0.177027
0 0.524144 0.484797 0.035676 0.216892
0 0.628649 0.471959 0.043604 0.103378
0 0.663964 0.479392 0.047207 0.154730
0 0.698919 0.414189 0.059459 0.135135
0 0.499820 0.695608 0.023063 0.160135
0 0.526126 0.698649 0.028829 0.166216
0 0.554054 0.703041 0.031351 0.173649
0 0.586486 0.702027 0.036396 0.072973
0 0.657117 0.670608 0.083243 0.177703
0 0.703964 0.632432 0.081081 0.166216
0 0.474054 0.688851 0.026306 0.145270
0 0.449369 0.690541 0.027387 0.154054
0 0.421261 0.699324 0.030270 0.186486
0 0.382703 0.652027 0.045405 0.083784
0 0.334234 0.660811 0.068108 0.177027
0 0.292252 0.626689 0.070631 0.157432