0 0.480901 0.511486 0.024865 0.172973
0 0.451712 0.513514 0.021261 0.150000
0 0.429189 0.501014 0.025946 0.197973
0 0.399640 0.500000 0.033874 0.166216
0 0.388649 0.425338 0.036396 0.139865
0 0.367387 0.502703 0.039279 0.139189
0 0.330270 0.470946 0.041441 0.154054
0 0.510991 0.504392 0.024505 0.183108
0 0.535856 0.513176 0.023784 0.162838
0 0.556216 0.506081 0.033514 0.183784
0 0.583604 0.489865 0.034234 0.174324
0 0.601081 0.446622 0.039640 0.139189
0 0.615135 0.500676 0.045405 0.139189
0 0.648288 0.451351 0.054775 0.159459
0 0.498739 0.697973 0.013694 0.179730
0 0.516036 0.704054 0.015135 0.191892
0 0.533333 0.705405 0.018739 0.187838
0 0.557477 0.693919 0.024505 0.163514
0 0.587207 0.728041 0.041441 0.131757
0 0.621441 0.645608 0.063784 0.169595
0 0.482342 0.705405 0.014775 0.187838
0 0.465405 0.711486 0.018378 0.208108
0 0.449189 0.719932 0.028468 0.220946
0 0.426486 0.712500 0.023423 0.195270
0 0.395676 0.735473 0.030991 0.139865
0 0.363423 0.655068 0.056577 0.165541
0 0.583964 0.637162 0.047207 0.090541
0 0.385045 0.683108 0.001081 0.002703
0 0.394234 0.657432 0.055495 0.118919