0 0.486486 0.447297 0.037477 0.271622
0 0.451892 0.465541 0.033874 0.213514
0 0.418018 0.430743 0.037477 0.285811
0 0.390631 0.468243 0.043243 0.194595
0 0.364865 0.458108 0.042883 0.201351
0 0.319279 0.463514 0.056216 0.163514
0 0.277477 0.446622 0.058378 0.154054
0 0.255495 0.368919 0.052613 0.113514
0 0.523784 0.470608 0.037117 0.219595
0 0.557297 0.461824 0.037838 0.222297
0 0.589910 0.423311 0.043964 0.292568
0 0.629009 0.464527 0.047207 0.202027
0 0.675135 0.456081 0.053694 0.201351
0 0.714775 0.448649 0.063063 0.156757
0 0.739099 0.363514 0.055495 0.118919
0 0.498559 0.689527 0.026306 0.192568
0 0.516937 0.701014 0.037117 0.203378
0 0.549009 0.716216 0.036396 0.245946
0 0.576396 0.704730 0.038559 0.222973
0 0.612072 0.695270 0.037838 0.200000
0 0.661622 0.671959 0.083604 0.187162
0 0.714414 0.629054 0.075315 0.164865
0 0.474595 0.684797 0.029550 0.185811
0 0.455135 0.690878 0.028108 0.200676
0 0.424324 0.703041 0.037117 0.247973
0 0.396216 0.682095 0.032072 0.203378
0 0.366306 0.678378 0.037117 0.194595
0 0.322523 0.657770 0.077838 0.183108
0 0.269730 0.616892 0.071712 0.163514