0 0.487207 0.503041 0.028829 0.237162
0 0.468288 0.479730 0.029910 0.231081
0 0.445045 0.463851 0.033153 0.264189
0 0.431351 0.481419 0.033153 0.204730
0 0.404144 0.475676 0.033514 0.217568
0 0.374234 0.479054 0.047207 0.186486
0 0.339820 0.452027 0.054054 0.186486
0 0.316036 0.401689 0.045405 0.125000
0 0.509369 0.490541 0.028468 0.256757
0 0.530991 0.508108 0.024144 0.206757
0 0.550811 0.478716 0.031351 0.249324
0 0.561982 0.493919 0.032793 0.205405
0 0.585946 0.489527 0.036757 0.215541
0 0.615315 0.483784 0.050811 0.205405
0 0.650450 0.473649 0.056216 0.186486
0 0.674775 0.420270 0.042883 0.113514
0 0.507748 0.734122 0.020901 0.203378
0 0.527387 0.749324 0.027748 0.201351
0 0.543423 0.758108 0.033153 0.251351
0 0.566306 0.754392 0.037117 0.226351
0 0.602162 0.736486 0.051171 0.200000
0 0.644144 0.706419 0.081802 0.193919
0 0.684865 0.672297 0.073874 0.178378
0 0.740901 0.653378 0.054054 0.108108
0 0.491892 0.736486 0.020180 0.204054
0 0.470450 0.748311 0.023423 0.207432
0 0.452793 0.755068 0.029189 0.258784
0 0.430450 0.741554 0.031351 0.208784
0 0.398018 0.731757 0.036396 0.194595
0 0.354414 0.700676 0.078198 0.186486
0 0.314414 0.661486 0.067387 0.181081
0 0.268649 0.647297 0.051532 0.108108