0 0.462883 0.444595 0.037117 0.225676
0 0.432613 0.442905 0.029189 0.218243
0 0.404324 0.428716 0.033153 0.237162
0 0.380180 0.459459 0.032432 0.187838
0 0.360000 0.411149 0.049009 0.183108
0 0.336937 0.448986 0.054054 0.203378
0 0.300541 0.441554 0.049730 0.180405
0 0.276396 0.365203 0.040360 0.102027
0 0.497658 0.432770 0.033874 0.247973
0 0.527387 0.427027 0.029189 0.255405
0 0.557477 0.436486 0.039640 0.256757
0 0.596757 0.448311 0.043964 0.234459
0 0.608829 0.442905 0.045045 0.202027
0 0.643423 0.453378 0.052973 0.198649
0 0.682883 0.436824 0.051171 0.191216
0 0.707568 0.365203 0.046486 0.108784
0 0.504865 0.660135 0.024505 0.182432
0 0.526486 0.675000 0.028108 0.217568
0 0.552252 0.686486 0.032793 0.236486
0 0.581802 0.684459 0.035676 0.221622
0 0.616216 0.691892 0.046847 0.224324
0 0.663063 0.665203 0.069189 0.193919
0 0.713694 0.626351 0.071712 0.185135
0 0.761622 0.615203 0.058018 0.120946
0 0.482162 0.659797 0.025225 0.180405
0 0.457838 0.670946 0.028468 0.197297
0 0.431532 0.691892 0.031351 0.250000
0 0.405586 0.690541 0.033514 0.248649
0 0.373694 0.678716 0.037477 0.220946
0 0.328829 0.665203 0.064505 0.196622
0 0.276396 0.630743 0.069189 0.188514
0 0.227928 0.621622 0.056577 0.121622