0 0.287897 0.454304 0.059182 0.182824
0 0.401580 0.729027 0.047485 0.191230
0 0.427240 0.748517 0.048137 0.198534
0 0.461020 0.755828 0.048137 0.203412
0 0.483431 0.752169 0.025398 0.210716
0 0.503245 0.744861 0.024753 0.188791
0 0.524032 0.732682 0.020850 0.179054
0 0.540923 0.730247 0.031243 0.188791
0 0.567265 0.748517 0.039625 0.208277
0 0.596495 0.732682 0.051319 0.179054
0 0.353184 0.709541 0.089712 0.205851
0 0.298941 0.672389 0.091661 0.194885
0 0.660809 0.693703 0.112386 0.208284
0 0.624431 0.727811 0.047420 0.183919
0 0.241450 0.655946 0.059831 0.127892
0 0.711445 0.669345 0.077369 0.210716
0 0.768937 0.615750 0.048137 0.127892
0 0.717294 0.368432 0.068274 0.101216
0 0.695205 0.435422 0.074771 0.169426
0 0.664674 0.485970 0.069571 0.221804
0 0.633818 0.490845 0.040342 0.224243
0 0.603611 0.506676 0.038393 0.236419
0 0.573728 0.572449 0.031895 0.075642
0 0.569831 0.436639 0.044886 0.213277
0 0.543195 0.503632 0.051384 0.223020
0 0.517211 0.498152 0.039690 0.268088
0 0.481159 0.510939 0.045539 0.254689
0 0.456474 0.508507 0.036443 0.237635
0 0.429189 0.453693 0.033845 0.240074
0 0.399957 0.510939 0.049434 0.227892
0 0.271007 0.376959 0.061777 0.120703
0 0.370723 0.495716 0.041640 0.219365
0 0.333045 0.485970 0.058530 0.214493