0 0.476937 0.489189 0.032072 0.221622
0 0.456577 0.485135 0.023784 0.220270
0 0.426667 0.413514 0.041802 0.212162
0 0.401802 0.378378 0.038198 0.177027
0 0.391351 0.454730 0.043243 0.224324
0 0.355315 0.453716 0.049730 0.196622
0 0.327207 0.395608 0.052613 0.161486
0 0.504324 0.491554 0.029189 0.219595
0 0.525586 0.486486 0.028468 0.225676
0 0.552252 0.422635 0.037117 0.243919
0 0.573153 0.373311 0.052973 0.170946
0 0.589189 0.455405 0.044685 0.221622
0 0.627027 0.441554 0.056937 0.226351
0 0.658919 0.403716 0.065225 0.189865
0 0.687748 0.360135 0.056577 0.089189
0 0.501982 0.725000 0.015856 0.185135
0 0.516757 0.727703 0.022342 0.205405
0 0.535676 0.762838 0.027027 0.224324
0 0.559099 0.742568 0.030631 0.186486
0 0.591171 0.750676 0.052252 0.151351
0 0.626306 0.687162 0.087928 0.213514
0 0.680721 0.656081 0.074234 0.159459
0 0.485766 0.723986 0.016577 0.189865
0 0.469009 0.724324 0.023423 0.197297
0 0.450270 0.778041 0.031351 0.222297
0 0.427568 0.745608 0.029910 0.188514
0 0.392252 0.747297 0.055135 0.143243
0 0.365766 0.681757 0.078559 0.210811
0 0.318198 0.670946 0.060541 0.181081
0 0.274414 0.589865 0.045045 0.104054
0 0.436757 0.551689 0.023063 0.056081
0 0.417658 0.480743 0.036036 0.192568
0 0.565766 0.478378 0.036757 0.218919
0 0.584144 0.683784 0.053333 0.158108
0 0.441441 0.653716 0.032432 0.058784
0 0.407928 0.660811 0.058378 0.121622