0 0.540923 0.483537 0.035142 0.214493
0 0.506816 0.674216 0.026699 0.152257
0 0.519160 0.697970 0.030595 0.177831
0 0.457447 0.674828 0.034497 0.187574
0 0.277503 0.553024 0.087762 0.129115
0 0.539299 0.685787 0.025402 0.177831
0 0.575386 0.627929 0.061063 0.086480
0 0.553948 0.693098 0.027283 0.155912
0 0.423667 0.476834 0.034497 0.193791
0 0.573550 0.481334 0.041643 0.193791
0 0.500321 0.485970 0.028000 0.212061
0 0.668895 0.409233 0.055932 0.177953
0 0.331422 0.611486 0.074771 0.190014
0 0.655613 0.609054 0.083802 0.190014
0 0.373971 0.619405 0.093607 0.188797
0 0.700434 0.598091 0.061712 0.180264
0 0.304461 0.376956 0.067625 0.140196
0 0.339541 0.423851 0.061128 0.192568
0 0.404503 0.450041 0.049438 0.191351
0 0.437634 0.648030 0.041640 0.158345
0 0.476611 0.671172 0.028645 0.165655
0 0.437310 0.461611 0.037092 0.214493
0 0.462969 0.478054 0.033845 0.218149
0 0.477910 0.484142 0.031243 0.237635
0 0.515263 0.484753 0.025402 0.195007
0 0.491551 0.680307 0.020854 0.142507
0 0.557813 0.475618 0.039041 0.210845