0 0.473153 0.501014 0.025225 0.177703
0 0.452793 0.508446 0.025586 0.149324
0 0.442162 0.427703 0.032432 0.133784
0 0.427928 0.472973 0.034955 0.117568
0 0.402883 0.480405 0.029550 0.121622
0 0.375495 0.522973 0.036757 0.154054
0 0.354775 0.480068 0.037838 0.096622
0 0.500000 0.506757 0.025586 0.155405
0 0.512613 0.501689 0.019820 0.180405
0 0.541081 0.451351 0.021982 0.127027
0 0.528288 0.482770 0.031712 0.142568
0 0.557838 0.477027 0.036757 0.122973
0 0.586486 0.500338 0.039279 0.187162
0 0.610450 0.481081 0.043243 0.100000
0 0.495495 0.705405 0.015135 0.178378
0 0.508108 0.719595 0.016577 0.178378
0 0.519640 0.726351 0.016577 0.156757
0 0.540901 0.737162 0.025946 0.104054
0 0.564505 0.740878 0.029910 0.092568
0 0.595315 0.693243 0.058378 0.159459
0 0.645946 0.701351 0.050811 0.114865
0 0.479459 0.696284 0.016937 0.165541
0 0.463964 0.697635 0.024144 0.153378
0 0.446306 0.731757 0.024865 0.105405
0 0.409730 0.741216 0.024505 0.077027
0 0.377658 0.698986 0.046847 0.172297
0 0.330991 0.711824 0.043604 0.115541
0 0.423784 0.555068 0.030270 0.073649
0 0.401802 0.555068 0.034595 0.083108
0 0.530991 0.560811 0.019099 0.083784
0 0.563063 0.675676 0.040721 0.108108
0 0.435676 0.656757 0.030991 0.086486
0 0.409009 0.675338 0.035315 0.116892