0 0.483063 0.515203 0.030631 0.203378
0 0.461802 0.526351 0.032793 0.182432
0 0.440000 0.421622 0.052613 0.162162
0 0.429189 0.504730 0.050450 0.093243
0 0.387387 0.476689 0.032432 0.093919
0 0.346667 0.476351 0.064144 0.181081
0 0.329910 0.407770 0.051532 0.104730
0 0.513874 0.519595 0.031712 0.172973
0 0.537117 0.518919 0.032072 0.181081
0 0.554595 0.420608 0.051171 0.162838
0 0.584324 0.468919 0.058018 0.159459
0 0.608288 0.483784 0.042523 0.112162
0 0.643604 0.506419 0.054775 0.180405
0 0.660180 0.430405 0.052613 0.122973
0 0.507568 0.743243 0.015495 0.198649
0 0.520360 0.745946 0.018739 0.194595
0 0.534234 0.779730 0.023423 0.168919
0 0.563063 0.783784 0.028468 0.145946
0 0.588649 0.769257 0.029189 0.092568
0 0.621081 0.695270 0.060180 0.160811
0 0.678559 0.722973 0.056937 0.125676
0 0.490450 0.747973 0.016577 0.194595
0 0.478559 0.745608 0.025225 0.193919
0 0.470811 0.809122 0.027027 0.206081
0 0.435856 0.786149 0.035676 0.130405
0 0.406486 0.777027 0.043243 0.127027
0 0.365586 0.702703 0.077477 0.168919
0 0.320901 0.712500 0.055856 0.133108
0 0.435676 0.559122 0.035315 0.123649
0 0.412432 0.561824 0.042883 0.102027
0 0.377477 0.548311 0.046486 0.125000
0 0.561982 0.553041 0.031351 0.138514
0 0.586667 0.565541 0.037477 0.104054
0 0.610631 0.558446 0.045766 0.110135
0 0.538919 0.686486 0.014775 0.078378
0 0.557838 0.692905 0.035315 0.093919
0 0.583063 0.688851 0.042523 0.102027
0 0.457117 0.716892 0.019099 0.127027
0 0.437297 0.695270 0.034234 0.079730
0 0.412973 0.690878 0.045405 0.104730