0 0.373308 0.419902 0.051957 0.229669
0 0.286831 0.323818 0.064054 0.133581
0 0.605337 0.655510 0.057650 0.166818
0 0.502488 0.443922 0.056941 0.283047
0 0.301422 0.398551 0.057654 0.229669
0 0.343414 0.407223 0.064768 0.260365
0 0.425975 0.415899 0.037723 0.299068
0 0.403202 0.396551 0.059074 0.273709
0 0.450886 0.451932 0.032029 0.232338
0 0.474020 0.457270 0.045553 0.267041
0 0.645905 0.399216 0.041993 0.212324
0 0.580780 0.441922 0.046973 0.185628
0 0.529178 0.435916 0.037723 0.256358
0 0.553735 0.418568 0.034166 0.264365
0 0.602845 0.401220 0.056941 0.243020
0 0.678645 0.404554 0.074732 0.196311
0 0.745550 0.600797 0.076159 0.126784
0 0.702847 0.326503 0.051964 0.090912
0 0.713876 0.632159 0.123845 0.189507
0 0.649820 0.650841 0.083986 0.208182
0 0.489321 0.674196 0.022065 0.180162
0 0.546973 0.672858 0.024908 0.196176
0 0.577222 0.665520 0.042703 0.173486
0 0.303557 0.620149 0.090393 0.184162
0 0.527757 0.681534 0.022065 0.197514
0 0.508539 0.668855 0.022065 0.166818
0 0.345550 0.652176 0.083272 0.202851
0 0.416723 0.684868 0.044840 0.225534
0 0.467613 0.676196 0.021351 0.194838
0 0.446616 0.681534 0.034876 0.208189
0 0.389676 0.656176 0.046263 0.162811
0 0.255157 0.602797 0.054804 0.112095