0 0.486126 0.455743 0.026667 0.272297
0 0.464144 0.472973 0.022342 0.210811
0 0.441081 0.436149 0.029550 0.276351
0 0.422162 0.464865 0.036396 0.221622
0 0.394955 0.454392 0.033153 0.227703
0 0.365766 0.466554 0.049730 0.179054
0 0.330991 0.433784 0.055135 0.198649
0 0.311351 0.367568 0.050450 0.117568
0 0.509910 0.468919 0.023784 0.237838
0 0.527387 0.456757 0.021982 0.237838
0 0.548108 0.435811 0.030270 0.266216
0 0.567027 0.463176 0.039279 0.211486
0 0.592793 0.466554 0.035315 0.202027
0 0.620541 0.465878 0.054775 0.180405
0 0.653514 0.430068 0.065225 0.192568
0 0.679459 0.354730 0.051532 0.131081
0 0.505405 0.687162 0.017658 0.168919
0 0.520180 0.688851 0.021261 0.196622
0 0.538198 0.691892 0.027748 0.228378
0 0.558559 0.692230 0.030991 0.216892
0 0.581982 0.688851 0.036757 0.199324
0 0.624865 0.661149 0.074955 0.184459
0 0.666126 0.619595 0.079640 0.183784
0 0.720180 0.601351 0.063063 0.120270
0 0.490811 0.691216 0.018018 0.181081
0 0.473874 0.682432 0.018018 0.189189
0 0.456036 0.681081 0.024865 0.202703
0 0.432252 0.686824 0.031351 0.199324
0 0.410450 0.682770 0.038198 0.191216
0 0.368108 0.663851 0.073874 0.184459
0 0.327207 0.632432 0.076396 0.179730
0 0.277297 0.611824 0.052973 0.104730