0 0.483423 0.519257 0.028468 0.210135
0 0.459099 0.504054 0.023063 0.209459
0 0.435676 0.500000 0.031712 0.221622
0 0.409189 0.508784 0.037838 0.171622
0 0.381081 0.490878 0.040000 0.187162
0 0.344865 0.476014 0.047568 0.185811
0 0.314955 0.421284 0.052613 0.102027
0 0.514234 0.519932 0.028108 0.207432
0 0.539820 0.505743 0.023784 0.196622
0 0.562162 0.505068 0.027387 0.191216
0 0.582162 0.498649 0.036396 0.172973
0 0.608468 0.489865 0.038559 0.163514
0 0.644324 0.472973 0.046126 0.171622
0 0.675495 0.430405 0.045766 0.104054
0 0.511532 0.710135 0.016216 0.145946
0 0.530991 0.708446 0.019820 0.156081
0 0.553514 0.721622 0.025946 0.191892
0 0.576577 0.707432 0.030270 0.179730
0 0.605225 0.693243 0.037838 0.171622
0 0.648649 0.667230 0.077117 0.177703
0 0.703784 0.659459 0.064144 0.133784
0 0.493874 0.707432 0.017658 0.137838
0 0.475315 0.711486 0.023784 0.148649
0 0.454595 0.721622 0.035676 0.181081
0 0.422883 0.711149 0.030631 0.168243
0 0.392432 0.706081 0.045405 0.178378
0 0.347387 0.680405 0.075676 0.181081
0 0.286306 0.679730 0.056577 0.114865