0 0.489730 0.456419 0.038198 0.235811
0 0.456757 0.447635 0.039279 0.242568
0 0.424685 0.426014 0.040000 0.262838
0 0.388468 0.473649 0.034595 0.170270
0 0.360541 0.465541 0.037117 0.187838
0 0.320000 0.468919 0.049730 0.170270
0 0.278018 0.450000 0.050811 0.171622
0 0.249369 0.385473 0.046847 0.087162
0 0.530450 0.470608 0.044685 0.218243
0 0.561441 0.463514 0.030991 0.208108
0 0.593514 0.464865 0.041081 0.240541
0 0.625045 0.483108 0.034234 0.179730
0 0.654414 0.463176 0.032432 0.196622
0 0.689550 0.458446 0.051532 0.197973
0 0.728649 0.435135 0.058378 0.177027
0 0.756937 0.372297 0.050090 0.098649
0 0.499459 0.616554 0.027387 0.169595
0 0.607387 0.772973 0.008288 0.005405
0 0.525766 0.621622 0.037477 0.179730
0 0.556757 0.642568 0.046126 0.225676
0 0.597477 0.651351 0.046847 0.204054
0 0.637117 0.643581 0.038198 0.184459
0 0.687748 0.635135 0.077477 0.200000
0 0.743423 0.592568 0.085045 0.183784
0 0.801802 0.562838 0.039640 0.094595
0 0.472613 0.619595 0.025586 0.175676
0 0.445405 0.615203 0.031712 0.177703
0 0.412973 0.636824 0.033153 0.223649
0 0.376036 0.638851 0.033514 0.204730
0 0.342162 0.643243 0.038559 0.205405
0 0.295315 0.621284 0.068108 0.189865
0 0.245045 0.596622 0.075676 0.174324
0 0.198739 0.559122 0.040721 0.103378