0 0.483063 0.495946 0.031351 0.235135
0 0.456036 0.484459 0.029910 0.227027
0 0.429009 0.468919 0.036396 0.278378
0 0.401261 0.487500 0.037117 0.233108
0 0.368288 0.492905 0.036757 0.192568
0 0.320901 0.491216 0.001081 0.004054
0 0.355856 0.407770 0.001802 0.003378
0 0.334414 0.488514 0.052613 0.175676
0 0.295856 0.454392 0.059820 0.180405
0 0.302883 0.387838 0.001081 0.004054
0 0.280180 0.378378 0.047928 0.104054
0 0.514054 0.495608 0.032793 0.231757
0 0.540360 0.491554 0.030631 0.204730
0 0.566486 0.465878 0.035315 0.266892
0 0.597658 0.474662 0.039279 0.216892
0 0.629009 0.476689 0.037838 0.197973
0 0.661441 0.471622 0.053694 0.178378
0 0.696757 0.439527 0.063784 0.184459
0 0.738198 0.347635 0.001081 0.002027
0 0.716216 0.366216 0.050811 0.095946
0 0.506847 0.709459 0.022703 0.162162
0 0.527027 0.705068 0.024144 0.170946
0 0.549009 0.741554 0.033514 0.254730
0 0.578378 0.725676 0.034595 0.201351
0 0.616036 0.709122 0.053694 0.183108
0 0.657297 0.682095 0.080000 0.187162
0 0.709009 0.642230 0.082523 0.177703
0 0.754595 0.624324 0.054054 0.106757
0 0.489550 0.700338 0.021982 0.145270
0 0.467748 0.706081 0.028108 0.160811
0 0.448108 0.744595 0.040721 0.244595
0 0.415495 0.743243 0.034595 0.174324
0 0.378018 0.729392 0.061261 0.202027
0 0.341261 0.702027 0.081441 0.197297
0 0.289369 0.669595 0.085766 0.194595
0 0.237477 0.646284 0.060541 0.119595