0 0.482883 0.478716 0.030991 0.206081
0 0.455856 0.464865 0.027387 0.193243
0 0.437658 0.378378 0.036396 0.216216
0 0.405766 0.457770 0.049730 0.196622
0 0.380180 0.455068 0.049009 0.203378
0 0.350811 0.449662 0.051532 0.189865
0 0.305766 0.442905 0.046486 0.180405
0 0.281802 0.381757 0.045405 0.152703
0 0.511712 0.472297 0.030991 0.210811
0 0.537477 0.464189 0.026306 0.177027
0 0.557297 0.377365 0.043604 0.215541
0 0.586126 0.452365 0.042162 0.219595
0 0.609369 0.445270 0.041802 0.216216
0 0.641081 0.446284 0.047568 0.215541
0 0.685405 0.443243 0.046847 0.182432
0 0.701622 0.387500 0.064865 0.138514
0 0.506306 0.680405 0.020180 0.191892
0 0.523964 0.679054 0.021622 0.183784
0 0.547027 0.682770 0.030991 0.220946
0 0.566306 0.693243 0.037117 0.208108
0 0.596757 0.693581 0.045405 0.203378
0 0.634955 0.683784 0.077117 0.201351
0 0.678198 0.665541 0.070631 0.186486
0 0.731171 0.636149 0.068468 0.112838
0 0.487207 0.687500 0.019459 0.207432
0 0.470811 0.689527 0.024144 0.197973
0 0.447027 0.688514 0.029189 0.229730
0 0.423063 0.689189 0.033153 0.187838
0 0.397658 0.684122 0.037117 0.181757
0 0.357117 0.683108 0.064865 0.210811
0 0.308288 0.650000 0.074595 0.185135
0 0.256577 0.630743 0.063423 0.149324