0 0.484144 0.505068 0.031351 0.268243
0 0.465225 0.497635 0.033153 0.208784
0 0.445405 0.447973 0.035315 0.158108
0 0.420901 0.496622 0.033153 0.091892
0 0.400000 0.476351 0.038919 0.097297
0 0.358919 0.489189 0.057658 0.190541
0 0.339640 0.437162 0.051532 0.110811
0 0.511712 0.503041 0.034595 0.275000
0 0.520721 0.481419 0.052613 0.223649
0 0.549730 0.430743 0.036396 0.168243
0 0.569550 0.501351 0.040000 0.104054
0 0.588288 0.457432 0.045045 0.127027
0 0.632613 0.492568 0.059459 0.208108
0 0.657658 0.437500 0.054054 0.116892
0 0.503604 0.759122 0.019820 0.183108
0 0.520721 0.781757 0.054775 0.210811
0 0.533694 0.838514 0.031712 0.128378
0 0.557297 0.790203 0.033514 0.100676
0 0.590090 0.793243 0.052252 0.087838
0 0.629910 0.714189 0.080000 0.190541
0 0.685225 0.709459 0.060180 0.122973
0 0.485405 0.760135 0.018018 0.183784
0 0.468649 0.783446 0.021982 0.214189
0 0.445225 0.820608 0.029910 0.164189
0 0.418018 0.789527 0.033153 0.104730
0 0.385045 0.785135 0.040721 0.090541
0 0.352432 0.707095 0.072793 0.180405
0 0.302883 0.688851 0.055135 0.116892
0 0.440541 0.548649 0.025586 0.154054
0 0.417658 0.569595 0.034595 0.101351
0 0.393694 0.556757 0.040721 0.113514
0 0.552793 0.540541 0.025225 0.182432
0 0.570811 0.568581 0.036036 0.108784
0 0.593333 0.555068 0.046486 0.127703
0 0.580901 0.705743 0.055495 0.119595
0 0.450991 0.726014 0.021261 0.130405
0 0.427748 0.709459 0.040360 0.100000
0 0.397658 0.704730 0.054414 0.121622