0 0.480901 0.522973 0.034234 0.239189
0 0.463964 0.477027 0.041441 0.206757
0 0.444865 0.418919 0.032072 0.166216
0 0.423784 0.475000 0.037477 0.114865
0 0.405405 0.459797 0.046847 0.100676
0 0.356036 0.472635 0.049009 0.185811
0 0.332072 0.417905 0.051532 0.110135
0 0.513694 0.525338 0.032072 0.238514
0 0.531712 0.510811 0.043604 0.189189
0 0.552613 0.415203 0.034955 0.200676
0 0.571532 0.497297 0.043243 0.124324
0 0.592432 0.482770 0.049009 0.103378
0 0.641622 0.476351 0.058739 0.224324
0 0.676757 0.436486 0.059099 0.117568
0 0.501622 0.732095 0.029550 0.149324
0 0.514595 0.755743 0.046126 0.180405
0 0.532072 0.777703 0.052252 0.159459
0 0.567568 0.786486 0.054775 0.106757
0 0.608649 0.768919 0.046126 0.102703
0 0.639459 0.694932 0.100541 0.185811
0 0.703243 0.680068 0.071712 0.137162
0 0.483423 0.738514 0.023423 0.174324
0 0.459820 0.746959 0.024505 0.187162
0 0.437117 0.763514 0.028108 0.168919
0 0.404685 0.767230 0.033874 0.120946
0 0.370450 0.764865 0.038198 0.112162
0 0.350811 0.677703 0.087568 0.170270
0 0.304324 0.655743 0.054414 0.119595
0 0.440180 0.552365 0.027748 0.129054
0 0.420360 0.560135 0.032793 0.093243
0 0.396036 0.540541 0.045405 0.110811
0 0.553694 0.576351 0.027027 0.124324
0 0.573874 0.578041 0.040000 0.102027
0 0.601261 0.558108 0.050090 0.117568
0 0.571892 0.711486 0.041081 0.072973
0 0.417477 0.690203 0.042162 0.085811