0 0.488288 0.548986 0.035315 0.241216
0 0.462883 0.519257 0.042883 0.256081
0 0.439279 0.452365 0.038198 0.227703
0 0.413333 0.521622 0.043964 0.189189
0 0.379459 0.501689 0.037477 0.184459
0 0.341441 0.490541 0.054414 0.179730
0 0.316396 0.438514 0.062703 0.160811
0 0.301081 0.364527 0.033514 0.070946
0 0.521441 0.555405 0.034595 0.235135
0 0.548108 0.541216 0.036757 0.221622
0 0.578919 0.405405 0.036396 0.208108
0 0.609369 0.510135 0.041802 0.194595
0 0.637477 0.500676 0.037477 0.160811
0 0.669730 0.475000 0.057297 0.194595
0 0.694054 0.418243 0.056937 0.163514
0 0.715135 0.347973 0.023423 0.062162
0 0.525586 0.740203 0.029910 0.195270
0 0.552072 0.734797 0.029550 0.202027
0 0.578198 0.746622 0.034955 0.216216
0 0.607207 0.717230 0.042523 0.191216
0 0.647027 0.713851 0.042883 0.135811
0 0.689550 0.665878 0.081802 0.187162
0 0.735676 0.617568 0.069550 0.155405
0 0.771351 0.578041 0.035676 0.084459
0 0.503784 0.742905 0.036757 0.181757
0 0.476036 0.735135 0.031712 0.177027
0 0.447928 0.765541 0.036757 0.244595
0 0.419099 0.726014 0.042523 0.202027
0 0.370811 0.723649 0.055495 0.155405
0 0.330811 0.672635 0.080000 0.200676
0 0.270631 0.629730 0.074955 0.148649
0 0.235495 0.573311 0.027748 0.065541
0 0.628649 0.629054 0.047207 0.066216
0 0.390811 0.631757 0.058018 0.072973