0 0.486306 0.433108 0.035676 0.244595
0 0.463423 0.437838 0.032432 0.236486
0 0.431351 0.428378 0.041802 0.278378
0 0.407928 0.412838 0.044685 0.270270
0 0.377658 0.421622 0.038198 0.224324
0 0.333514 0.419257 0.058739 0.185811
0 0.298919 0.347973 0.048649 0.135135
0 0.514955 0.428041 0.037477 0.261486
0 0.531351 0.403716 0.053694 0.288514
0 0.568108 0.390203 0.053694 0.272297
0 0.592072 0.408784 0.049009 0.208108
0 0.641261 0.382770 0.058739 0.218243
0 0.679820 0.329730 0.054414 0.118919
0 0.504324 0.659122 0.024865 0.203378
0 0.529910 0.657770 0.028468 0.199324
0 0.558378 0.660811 0.037838 0.244595
0 0.590270 0.641892 0.048288 0.218919
0 0.630450 0.619595 0.066667 0.232432
0 0.677477 0.564189 0.090090 0.200000
0 0.732793 0.532432 0.067387 0.131081
0 0.480000 0.657770 0.026667 0.204730
0 0.459459 0.657095 0.030991 0.197973
0 0.431351 0.668243 0.041802 0.254054
0 0.400901 0.657770 0.040721 0.241216
0 0.359099 0.639189 0.055856 0.228378
0 0.308829 0.586149 0.086486 0.207432
0 0.250811 0.565203 0.067027 0.129054