0 0.471171 0.442230 0.031351 0.231757
0 0.445045 0.443581 0.025946 0.223649
0 0.418559 0.431419 0.027027 0.223649
0 0.395135 0.449324 0.035676 0.182432
0 0.369550 0.432432 0.029910 0.200000
0 0.333153 0.439527 0.044324 0.192568
0 0.303063 0.416892 0.051892 0.177027
0 0.286306 0.341216 0.050090 0.113514
0 0.500541 0.439189 0.028108 0.232432
0 0.523423 0.441554 0.031351 0.204730
0 0.548829 0.426689 0.032432 0.239865
0 0.572793 0.445270 0.046486 0.191892
0 0.595135 0.444595 0.046486 0.198649
0 0.633333 0.447973 0.055135 0.205405
0 0.668468 0.434459 0.077838 0.181081
0 0.693694 0.358108 0.056937 0.112162
0 0.509189 0.654054 0.020901 0.166216
0 0.523423 0.667905 0.029189 0.199324
0 0.544505 0.673986 0.026667 0.193919
0 0.570090 0.675338 0.030991 0.183108
0 0.591712 0.678041 0.043243 0.193919
0 0.636937 0.681419 0.073874 0.185811
0 0.675856 0.667230 0.071712 0.166892
0 0.735315 0.650338 0.068108 0.133108
0 0.491351 0.651689 0.019099 0.161486
0 0.471171 0.657095 0.021982 0.175000
0 0.447387 0.674662 0.025586 0.208784
0 0.421261 0.666892 0.028108 0.166216
0 0.400901 0.667230 0.039279 0.185811
0 0.361081 0.665541 0.049730 0.189189
0 0.308829 0.671284 0.082883 0.123649
0 0.270450 0.637500 0.057297 0.126351