0 0.469369 0.428378 0.027748 0.163514
0 0.462342 0.505068 0.034595 0.122297
0 0.435495 0.442905 0.032072 0.099324
0 0.443604 0.515878 0.030270 0.089865
0 0.422162 0.477703 0.033514 0.090541
0 0.389730 0.532095 0.043604 0.168243
0 0.360180 0.467568 0.047207 0.094595
0 0.536036 0.450338 0.029189 0.146622
0 0.541622 0.517230 0.026667 0.131757
0 0.562342 0.447297 0.027027 0.101351
0 0.565946 0.518243 0.026306 0.078378
0 0.585405 0.484797 0.032072 0.089865
0 0.612432 0.526689 0.048649 0.180405
0 0.639459 0.464527 0.049369 0.104730
0 0.516396 0.742568 0.013694 0.150000
0 0.532793 0.756419 0.016216 0.158784
0 0.553874 0.822973 0.031712 0.106757
0 0.570450 0.782770 0.025225 0.083108
0 0.601261 0.775676 0.033514 0.089189
0 0.627027 0.686824 0.069910 0.165541
0 0.674955 0.680068 0.046847 0.095270
0 0.500000 0.741216 0.015495 0.143243
0 0.482883 0.752703 0.018739 0.162162
0 0.465405 0.830743 0.031351 0.118243
0 0.444685 0.793243 0.030270 0.087838
0 0.413333 0.787500 0.032432 0.085811
0 0.379820 0.684797 0.072072 0.160135
0 0.330450 0.683108 0.049009 0.089189
0 0.485946 0.509459 0.032072 0.120270
0 0.476757 0.596622 0.013694 0.083784
0 0.458198 0.590541 0.026306 0.133784
0 0.438378 0.597973 0.026306 0.086486
0 0.420541 0.572297 0.035315 0.127027
0 0.518559 0.511824 0.020180 0.108784
0 0.536577 0.609797 0.013694 0.062838
0 0.555135 0.595608 0.027027 0.112838
0 0.566847 0.597973 0.025946 0.090541
0 0.585405 0.580743 0.033514 0.111486
0 0.548288 0.716216 0.015495 0.110811
0 0.566847 0.696284 0.028108 0.099324
0 0.591712 0.682432 0.041802 0.100000
0 0.464144 0.708108 0.016577 0.139189
0 0.447027 0.702365 0.027748 0.112838
0 0.415676 0.696284 0.055135 0.125000