0 0.483063 0.517230 0.042162 0.099324
0 0.451171 0.513176 0.038919 0.116892
0 0.416036 0.432432 0.049369 0.117568
0 0.405946 0.526689 0.041441 0.103378
0 0.326126 0.529392 0.056216 0.125000
0 0.528649 0.521959 0.037477 0.099324
0 0.556937 0.531757 0.036396 0.093243
0 0.585225 0.449662 0.038919 0.092568
0 0.600721 0.531081 0.034595 0.100000
0 0.668468 0.530743 0.054054 0.110135
0 0.518198 0.723649 0.025225 0.163514
0 0.542883 0.755068 0.029910 0.141216
0 0.570811 0.805743 0.036036 0.102027
0 0.600901 0.756419 0.036396 0.080405
0 0.698018 0.734459 0.057658 0.121622
0 0.492252 0.732770 0.025946 0.175000
0 0.465405 0.757770 0.034234 0.134459
0 0.427928 0.806081 0.042162 0.108108
0 0.399820 0.758108 0.032072 0.081081
0 0.298378 0.736824 0.058378 0.118243
0 0.490811 0.583108 0.021622 0.093243
0 0.465045 0.572635 0.023423 0.100676
0 0.429009 0.558784 0.039279 0.172973
0 0.400541 0.597297 0.034234 0.075676
0 0.370991 0.562162 0.045045 0.168919
0 0.546486 0.586149 0.019820 0.080405
0 0.574595 0.561149 0.027748 0.180405
0 0.600721 0.598311 0.036036 0.097973
0 0.630631 0.565541 0.044685 0.154054
0 0.541982 0.670946 0.020180 0.070270
0 0.570811 0.718919 0.026667 0.170270
0 0.597477 0.677027 0.038198 0.071622
0 0.641982 0.714865 0.075315 0.166216
0 0.465586 0.678716 0.021622 0.102027
0 0.438018 0.707095 0.029189 0.164189
0 0.408288 0.682770 0.041081 0.095270
0 0.355856 0.719595 0.080360 0.163514