0 0.483243 0.491554 0.033153 0.247973
0 0.454775 0.457095 0.030991 0.179054
0 0.432613 0.381419 0.033514 0.147973
0 0.416577 0.436149 0.038919 0.156081
0 0.393153 0.429392 0.038198 0.122297
0 0.348829 0.463514 0.065586 0.198649
0 0.323243 0.390878 0.060541 0.122297
0 0.516396 0.492230 0.031712 0.260135
0 0.541441 0.476351 0.028468 0.162162
0 0.566486 0.387838 0.038198 0.143243
0 0.579820 0.453041 0.042523 0.137162
0 0.607748 0.443581 0.040721 0.114189
0 0.652613 0.473311 0.060541 0.202027
0 0.678018 0.399324 0.058739 0.117568
0 0.514955 0.737838 0.023784 0.185135
0 0.534955 0.733446 0.029189 0.180405
0 0.562342 0.834459 0.036396 0.127027
0 0.590811 0.775338 0.035676 0.096622
0 0.636757 0.771959 0.041802 0.089865
0 0.720360 0.715878 0.002162 0.004730
0 0.676757 0.679054 0.089369 0.198649
0 0.701441 0.677027 0.001802 0.004054
0 0.726847 0.653378 0.060541 0.112162
0 0.741441 0.562162 0.032072 0.068919
0 0.493514 0.724662 0.023423 0.181757
0 0.471351 0.736486 0.028829 0.202703
0 0.434595 0.829730 0.043243 0.132432
0 0.413694 0.764865 0.035315 0.100000
0 0.370270 0.760135 0.039279 0.095946
0 0.327928 0.667568 0.085045 0.189189
0 0.281802 0.650000 0.052613 0.106757
0 0.262703 0.560473 0.030991 0.066892
0 0.456577 0.510473 0.020180 0.184459
0 0.434054 0.495270 0.025586 0.210811
0 0.410811 0.536824 0.036757 0.108784
0 0.379459 0.516892 0.043964 0.135135
0 0.542883 0.516892 0.019820 0.183784
0 0.565946 0.503041 0.027748 0.214189
0 0.586486 0.541892 0.042162 0.120270
0 0.618378 0.528378 0.044685 0.128378
0 0.556396 0.712838 0.025946 0.158108
0 0.587387 0.692568 0.046126 0.135135
0 0.625045 0.680743 0.066667 0.153378
0 0.448468 0.706081 0.025586 0.166216
0 0.420541 0.676351 0.042523 0.121622
0 0.379820 0.668581 0.067027 0.142568