0 0.485586 0.538851 0.031351 0.241216
0 0.462162 0.535473 0.031351 0.220946
0 0.442162 0.448649 0.033874 0.166216
0 0.432072 0.577027 0.038198 0.101351
0 0.410090 0.491892 0.038919 0.117568
0 0.370450 0.508446 0.056937 0.175000
0 0.343964 0.465878 0.050811 0.106081
0 0.515495 0.551014 0.029910 0.211486
0 0.542883 0.504730 0.032793 0.222973
0 0.562703 0.455405 0.031351 0.187838
0 0.573153 0.534459 0.036396 0.190541
0 0.588468 0.479392 0.043243 0.129054
0 0.632252 0.508446 0.054414 0.184459
0 0.660541 0.457095 0.052613 0.120946
0 0.505405 0.775000 0.020541 0.212162
0 0.521081 0.771959 0.019459 0.218243
0 0.546486 0.835811 0.039279 0.177027
0 0.568108 0.782770 0.028468 0.147973
0 0.603243 0.784797 0.043243 0.119595
0 0.631532 0.722635 0.070991 0.191216
0 0.683604 0.705405 0.063423 0.122973
0 0.490270 0.774324 0.032072 0.208108
0 0.474955 0.766892 0.041802 0.220270
0 0.458378 0.823986 0.026667 0.175000
0 0.433694 0.800676 0.030631 0.128378
0 0.401441 0.782432 0.049009 0.116216
0 0.371351 0.718919 0.076757 0.189189
0 0.317297 0.703716 0.061622 0.127703
0 0.403243 0.575338 0.035315 0.087162
0 0.598739 0.565541 0.038559 0.094595
0 0.539279 0.716554 0.019820 0.108784
0 0.587748 0.703378 0.050450 0.106757
0 0.443604 0.708784 0.035315 0.093243
0 0.413153 0.702365 0.052252 0.083108