0 0.475676 0.547973 0.033874 0.197297
0 0.447568 0.525000 0.035315 0.152703
0 0.422883 0.450338 0.037117 0.119595
0 0.401261 0.506081 0.039279 0.089189
0 0.367568 0.493581 0.041081 0.088514
0 0.321802 0.508446 0.058378 0.185811
0 0.294234 0.440203 0.051532 0.089865
0 0.512973 0.559459 0.033514 0.187838
0 0.541441 0.533446 0.032072 0.146622
0 0.565225 0.451689 0.037117 0.129054
0 0.583964 0.510811 0.044324 0.106757
0 0.616577 0.498986 0.042523 0.077703
0 0.667928 0.528041 0.055856 0.169595
0 0.691171 0.439527 0.054054 0.088514
0 0.501261 0.727027 0.023063 0.160811
0 0.523243 0.728041 0.035315 0.158784
0 0.543964 0.813176 0.037838 0.126351
0 0.583784 0.781419 0.038198 0.076351
0 0.633333 0.776014 0.037838 0.076351
0 0.667207 0.698649 0.080360 0.167568
0 0.726847 0.709459 0.054775 0.101351
0 0.478018 0.729730 0.023423 0.162162
0 0.453153 0.725338 0.025586 0.162838
0 0.429730 0.814189 0.036396 0.132432
0 0.395315 0.775000 0.037477 0.082432
0 0.352072 0.775676 0.038198 0.072973
0 0.316937 0.692230 0.075315 0.166892
0 0.256036 0.706757 0.052973 0.093243
0 0.420180 0.567905 0.028829 0.156081
0 0.393333 0.579054 0.036396 0.097297
0 0.361982 0.563851 0.045045 0.116892
0 0.540901 0.624324 0.021622 0.048649
0 0.566847 0.562500 0.028829 0.181757
0 0.594775 0.590541 0.034955 0.102703
0 0.625946 0.567230 0.046126 0.123649
0 0.552613 0.726014 0.027027 0.160135
0 0.579459 0.715541 0.037477 0.091892
0 0.618919 0.702027 0.066667 0.132432
0 0.427027 0.713851 0.025946 0.153378
0 0.396757 0.700676 0.041081 0.114865
0 0.355135 0.700676 0.064505 0.128378