0 0.515263 0.513986 0.042288 0.216932
0 0.575353 0.511551 0.040342 0.207182
0 0.323009 0.476824 0.052620 0.208378
0 0.546769 0.513986 0.032544 0.202311
0 0.536699 0.710757 0.029297 0.181486
0 0.515263 0.711368 0.025402 0.168088
0 0.716319 0.385483 0.065027 0.130453
0 0.478883 0.512159 0.043589 0.223020
0 0.293420 0.646811 0.081917 0.190014
0 0.278479 0.468916 0.049434 0.204750
0 0.602312 0.504240 0.044890 0.212061
0 0.587404 0.715632 0.046123 0.176615
0 0.362960 0.499976 0.040277 0.176736
0 0.474337 0.716240 0.030598 0.187574
0 0.757602 0.637068 0.081200 0.148595
0 0.623780 0.712584 0.066912 0.187574
0 0.559112 0.718064 0.028645 0.176615
0 0.341490 0.681524 0.088414 0.205845
0 0.390213 0.702841 0.048137 0.197318
0 0.626670 0.500588 0.053333 0.199878
0 0.660159 0.684571 0.086400 0.197318
0 0.669870 0.478054 0.057881 0.205973
0 0.417820 0.709541 0.043589 0.203405
0 0.707223 0.477446 0.063730 0.182824
0 0.448027 0.697361 0.036443 0.176615
0 0.706605 0.658993 0.087049 0.182703
0 0.496425 0.705885 0.024101 0.181486
0 0.265486 0.378176 0.052032 0.147500
0 0.392195 0.501196 0.038977 0.198662
0 0.423375 0.504851 0.032479 0.215716
0 0.452281 0.506679 0.029232 0.204750
0 0.239177 0.629149 0.074771 0.157122