0 0.481261 0.482095 0.028468 0.241216
0 0.459640 0.475338 0.028468 0.229054
0 0.432252 0.401014 0.037838 0.218243
0 0.410090 0.487500 0.041081 0.192568
0 0.381802 0.438851 0.037117 0.172297
0 0.344505 0.459122 0.061982 0.187162
0 0.311892 0.383784 0.051532 0.144595
0 0.281982 0.321284 0.040721 0.066892
0 0.509369 0.484797 0.028468 0.227703
0 0.533514 0.483108 0.023423 0.212162
0 0.559279 0.381081 0.042523 0.227027
0 0.578919 0.461149 0.041441 0.233108
0 0.607748 0.472973 0.035676 0.191892
0 0.644865 0.456419 0.056577 0.195270
0 0.674775 0.385811 0.050811 0.144595
0 0.704685 0.330743 0.045045 0.077703
0 0.509910 0.704054 0.018018 0.151351
0 0.529009 0.712500 0.019459 0.160135
0 0.555676 0.737162 0.033153 0.209459
0 0.580721 0.710135 0.035676 0.172973
0 0.615676 0.698311 0.054414 0.168243
0 0.661982 0.677365 0.084324 0.197973
0 0.714414 0.641554 0.073153 0.147973
0 0.743423 0.567230 0.035315 0.092568
0 0.490811 0.712838 0.018739 0.170270
0 0.473694 0.715878 0.028468 0.161486
0 0.447568 0.773986 0.033153 0.208784
0 0.418018 0.716554 0.037477 0.183108
0 0.386306 0.708108 0.038198 0.162162
0 0.340000 0.687162 0.092613 0.201351
0 0.282883 0.657770 0.072072 0.145270
0 0.250631 0.577365 0.033514 0.085811
0 0.432793 0.542230 0.028108 0.077703
0 0.376036 0.542905 0.034955 0.073649
0 0.556577 0.538851 0.029189 0.095270