0 0.362276 0.692213 0.074022 0.192169
0 0.559072 0.704889 0.064768 0.153466
0 0.676153 0.407892 0.082562 0.200311
0 0.706047 0.352574 0.058364 0.124108
0 0.396083 0.709561 0.047690 0.194838
0 0.621351 0.703554 0.083986 0.182824
0 0.433449 0.468611 0.044130 0.241682
0 0.600708 0.734916 0.071175 0.194845
0 0.660495 0.656848 0.118151 0.172155
0 0.310317 0.389875 0.072598 0.188304
0 0.551955 0.488632 0.061921 0.241682
0 0.529890 0.714230 0.027759 0.142797
0 0.644481 0.444588 0.076155 0.244351
0 0.318859 0.654845 0.099643 0.218865
0 0.748753 0.570767 0.052670 0.122777
0 0.481849 0.709557 0.028468 0.122777
0 0.348753 0.419902 0.066905 0.227007
0 0.408539 0.431912 0.035586 0.301730
0 0.613521 0.470615 0.037009 0.224338
0 0.586119 0.467277 0.051957 0.239014
0 0.459784 0.708892 0.031315 0.150797
0 0.432025 0.713564 0.046977 0.170818
0 0.486474 0.526662 0.030605 0.221662
0 0.503555 0.704220 0.022065 0.112101
0 0.710674 0.608135 0.098933 0.168149
0 0.246261 0.551419 0.061207 0.108095
0 0.462986 0.491966 0.039146 0.251027
0 0.301422 0.305132 0.064768 0.138926
0 0.379000 0.438584 0.047686 0.232345
0 0.535941 0.509314 0.044126 0.235007
0 0.514232 0.521993 0.034872 0.233676
0 0.279000 0.592791 0.082562 0.164149