0 0.470991 0.484122 0.039640 0.264189
0 0.446126 0.481757 0.051171 0.245946
0 0.407207 0.476351 0.036036 0.244595
0 0.380000 0.484797 0.037117 0.203378
0 0.340901 0.459797 0.055495 0.234459
0 0.309910 0.447297 0.065586 0.190541
0 0.288649 0.375338 0.051892 0.116892
0 0.506486 0.478041 0.037838 0.281757
0 0.538378 0.487162 0.028829 0.240541
0 0.568108 0.472635 0.038559 0.256081
0 0.597297 0.483446 0.034234 0.243919
0 0.618018 0.449324 0.052613 0.252703
0 0.650090 0.469257 0.074234 0.192568
0 0.666126 0.359122 0.058739 0.175000
0 0.676216 0.314189 0.001081 0.002703
0 0.700901 0.325676 0.056216 0.125676
0 0.491171 0.720946 0.027387 0.193243
0 0.517658 0.727027 0.028468 0.189189
0 0.549550 0.753716 0.044685 0.246622
0 0.579820 0.732095 0.052613 0.196622
0 0.615676 0.717568 0.063063 0.193243
0 0.665225 0.683446 0.103784 0.197973
0 0.702342 0.643919 0.091532 0.193243
0 0.754414 0.600000 0.071712 0.116216
0 0.464685 0.730743 0.030631 0.218243
0 0.439279 0.727027 0.035315 0.221622
0 0.410811 0.729730 0.031712 0.239189
0 0.381261 0.725000 0.032432 0.224324
0 0.321081 0.682095 0.104505 0.187162
0 0.290991 0.631419 0.081081 0.173649
0 0.234595 0.600000 0.074955 0.128378