0 0.481081 0.467230 0.025946 0.212838
0 0.454595 0.463851 0.023423 0.199324
0 0.427207 0.460811 0.026306 0.212162
0 0.402342 0.458108 0.030631 0.191892
0 0.374955 0.461149 0.025586 0.172297
0 0.347027 0.466554 0.034595 0.145270
0 0.312973 0.441554 0.042883 0.177703
0 0.296757 0.391554 0.058018 0.115541
0 0.512072 0.474662 0.028108 0.200676
0 0.539099 0.472297 0.023063 0.191892
0 0.569730 0.470608 0.028108 0.230405
0 0.593153 0.456757 0.036757 0.213514
0 0.616937 0.456081 0.038919 0.213514
0 0.647207 0.453716 0.041081 0.197973
0 0.681622 0.455743 0.049369 0.152027
0 0.702162 0.386824 0.068829 0.120946
0 0.503784 0.704054 0.018018 0.172973
0 0.525586 0.704392 0.021261 0.181757
0 0.549369 0.702703 0.026306 0.208108
0 0.584685 0.684459 0.034234 0.187838
0 0.620000 0.743243 0.040000 0.072973
0 0.643243 0.665203 0.053333 0.192568
0 0.689550 0.654054 0.050811 0.166216
0 0.743784 0.599662 0.069910 0.135811
0 0.480901 0.702027 0.024865 0.171622
0 0.460360 0.709122 0.022703 0.183108
0 0.431532 0.705405 0.031351 0.210811
0 0.403784 0.683784 0.031351 0.198649
0 0.374955 0.673986 0.035676 0.183108
0 0.339640 0.660811 0.067387 0.189189
0 0.303243 0.622297 0.060180 0.143243
0 0.249910 0.602027 0.072432 0.124324
0 0.607928 0.655743 0.030991 0.146622