0 0.479640 0.497297 0.029550 0.212162
0 0.459459 0.492905 0.032432 0.215541
0 0.432072 0.486824 0.032432 0.239865
0 0.411892 0.513176 0.037477 0.187162
0 0.383964 0.519257 0.032072 0.170946
0 0.352973 0.523311 0.047928 0.162838
0 0.310450 0.498649 0.046486 0.175676
0 0.292613 0.421284 0.038919 0.118243
0 0.506486 0.501014 0.025586 0.208784
0 0.528288 0.497635 0.030270 0.193919
0 0.549189 0.484122 0.033874 0.239865
0 0.569189 0.500000 0.040000 0.194595
0 0.595315 0.502365 0.033153 0.184459
0 0.625225 0.500676 0.052613 0.187838
0 0.669730 0.486824 0.051532 0.183108
0 0.690090 0.418581 0.051171 0.127703
0 0.503964 0.708108 0.016216 0.183784
0 0.518198 0.704392 0.021622 0.177703
0 0.537838 0.727027 0.027027 0.191892
0 0.556396 0.718243 0.030270 0.178378
0 0.576216 0.715541 0.033153 0.183784
0 0.611171 0.711824 0.062703 0.179054
0 0.656937 0.688514 0.076396 0.175676
0 0.709730 0.673986 0.053694 0.103378
0 0.487027 0.710473 0.019099 0.180405
0 0.476937 0.714189 0.027027 0.191892
0 0.456757 0.729730 0.029189 0.189189
0 0.438559 0.727365 0.030270 0.193919
0 0.413153 0.729392 0.042883 0.187162
0 0.379820 0.719595 0.064144 0.182432
0 0.330991 0.696284 0.070991 0.169595
0 0.284865 0.662500 0.047207 0.088514