0 0.297863 0.702220 0.101780 0.201507
0 0.701420 0.684203 0.116014 0.197514
0 0.245905 0.670193 0.069041 0.132115
0 0.362276 0.707557 0.076868 0.126777
0 0.407470 0.727574 0.043416 0.113432
0 0.436652 0.742257 0.032029 0.116108
0 0.339499 0.801642 0.065477 0.130784
0 0.394659 0.806311 0.059077 0.118770
0 0.434874 0.848351 0.054094 0.130784
0 0.476510 0.772949 0.069041 0.145466
0 0.492881 0.763608 0.047686 0.169486
0 0.518148 0.769615 0.029895 0.184162
0 0.545193 0.775618 0.039856 0.158804
0 0.581137 0.727578 0.054807 0.100088
0 0.603557 0.703554 0.058364 0.089419
0 0.640923 0.690209 0.079005 0.118770
0 0.581494 0.839010 0.076868 0.154804
0 0.614589 0.787628 0.071888 0.121446
0 0.666546 0.793635 0.077582 0.125446
0 0.754802 0.640162 0.080429 0.120108
0 0.681849 0.397885 0.086832 0.134919
0 0.658360 0.491966 0.091106 0.160270
0 0.615301 0.472615 0.060497 0.113568
0 0.637721 0.565365 0.068328 0.074865
0 0.602133 0.560027 0.045550 0.130919
0 0.583984 0.490632 0.041993 0.138926
0 0.548040 0.427243 0.049823 0.228338
0 0.528823 0.544010 0.061207 0.202980
0 0.501422 0.548682 0.060501 0.244351
0 0.467614 0.555358 0.038436 0.249689
0 0.434874 0.556024 0.038432 0.232345
0 0.402845 0.603399 0.039859 0.134919
0 0.373308 0.594723 0.037723 0.122905
0 0.349820 0.558693 0.054804 0.125574
0 0.420281 0.475284 0.037723 0.174959
0 0.388254 0.486628 0.050533 0.168284
0 0.358717 0.474618 0.045550 0.146926
0 0.311386 0.491301 0.086123 0.225669
0 0.287542 0.409892 0.075445 0.166946