0 0.482703 0.562838 0.033514 0.204054
0 0.459820 0.559459 0.035315 0.158108
0 0.442883 0.438176 0.042523 0.162838
0 0.414595 0.489527 0.047207 0.130405
0 0.383964 0.479054 0.041441 0.109459
0 0.345225 0.528378 0.049730 0.159459
0 0.318559 0.465203 0.056937 0.108784
0 0.522523 0.562500 0.031712 0.210135
0 0.549550 0.561824 0.027387 0.162838
0 0.571532 0.478041 0.043243 0.181757
0 0.599459 0.545608 0.039279 0.170946
0 0.623604 0.503716 0.033514 0.111486
0 0.661441 0.546959 0.050811 0.154730
0 0.692252 0.481757 0.051892 0.112162
0 0.505766 0.747635 0.020541 0.143919
0 0.524865 0.752027 0.024865 0.150000
0 0.549550 0.805743 0.035315 0.139865
0 0.579279 0.795946 0.041441 0.118919
0 0.619820 0.791892 0.049730 0.093243
0 0.656757 0.727703 0.089009 0.175676
0 0.709550 0.766216 0.059099 0.175676
0 0.744505 0.665203 0.030270 0.070946
0 0.486126 0.750000 0.021622 0.147297
0 0.467928 0.747635 0.022703 0.157432
0 0.436937 0.811824 0.048649 0.154730
0 0.409189 0.786149 0.044324 0.115541
0 0.368649 0.778378 0.040360 0.095946
0 0.335495 0.713176 0.083604 0.177703
0 0.286126 0.711149 0.056216 0.112838
0 0.433153 0.585473 0.026667 0.111486
0 0.409730 0.583784 0.034595 0.100000
0 0.416396 0.451014 0.019820 0.064189
0 0.385766 0.567230 0.043604 0.116892
0 0.572613 0.584122 0.028108 0.129054
0 0.626486 0.593919 0.045045 0.100000
0 0.552432 0.704054 0.033153 0.086486
0 0.572973 0.697973 0.039640 0.085135
0 0.602342 0.707770 0.047928 0.097973
0 0.445045 0.711824 0.024505 0.110135
0 0.420541 0.700338 0.037477 0.091216
0 0.383604 0.694932 0.058739 0.107432