0 0.422402 0.793321 0.045337 0.146074
0 0.390472 0.786736 0.065773 0.149662
0 0.282555 0.649044 0.050450 0.118534
0 0.317995 0.742436 0.067686 0.152061
0 0.368762 0.698132 0.082375 0.168818
0 0.335557 0.478426 0.058112 0.117338
0 0.425915 0.437733 0.051088 0.177236
0 0.410268 0.619111 0.056832 0.082615
0 0.483065 0.534101 0.023629 0.178405
0 0.605672 0.496385 0.030011 0.136500
0 0.567038 0.603544 0.024267 0.092196
0 0.646220 0.498182 0.063856 0.132905
0 0.681659 0.710706 0.068328 0.143682
0 0.305225 0.433527 0.051085 0.108959
0 0.524571 0.728068 0.044061 0.168824
0 0.411548 0.545476 0.037676 0.119736
0 0.441238 0.593966 0.040868 0.104162
0 0.458481 0.531706 0.031932 0.161642
0 0.529681 0.541882 0.024905 0.158047
0 0.557141 0.425743 0.037676 0.172419
0 0.583002 0.482615 0.044699 0.161635
0 0.459121 0.692747 0.038314 0.124520
0 0.551074 0.584389 0.026818 0.120926
0 0.477957 0.702922 0.028735 0.154453
0 0.493923 0.706517 0.024905 0.166426
0 0.511483 0.723277 0.028097 0.195162
0 0.540858 0.825649 0.043423 0.172419
0 0.589068 0.600551 0.041510 0.079020
0 0.358544 0.556848 0.040231 0.130507
0 0.382811 0.516740 0.027459 0.160439
0 0.419847 0.670598 0.051723 0.082615
0 0.673998 0.434125 0.068328 0.112547
0 0.717101 0.631682 0.057474 0.119730
0 0.631533 0.704122 0.076631 0.159243
0 0.548200 0.692149 0.026180 0.120932
0 0.620677 0.576605 0.048533 0.114939
0 0.528723 0.625696 0.022987 0.045500
0 0.613335 0.763986 0.058108 0.144878
0 0.577256 0.672990 0.045978 0.094588
0 0.585876 0.813078 0.040227 0.152061
0 0.560652 0.739439 0.033204 0.069446
0 0.507011 0.537095 0.034483 0.174811
0 0.452095 0.826848 0.047254 0.158047