0 0.481081 0.520270 0.028829 0.222973
0 0.462883 0.523986 0.031351 0.185811
0 0.437838 0.488851 0.028829 0.227703
0 0.422162 0.505068 0.034955 0.216892
0 0.398018 0.512838 0.036396 0.189189
0 0.362883 0.506757 0.048288 0.195946
0 0.332072 0.484459 0.058018 0.172973
0 0.316216 0.413176 0.053694 0.100676
0 0.506667 0.529730 0.028108 0.206757
0 0.527207 0.530743 0.026667 0.191216
0 0.546306 0.506757 0.030270 0.231081
0 0.563604 0.511824 0.043964 0.211486
0 0.590450 0.519257 0.043604 0.191216
0 0.622162 0.486149 0.053694 0.229054
0 0.655495 0.472973 0.060541 0.163514
0 0.678018 0.393919 0.052252 0.105405
0 0.493874 0.747297 0.025586 0.168919
0 0.508468 0.754054 0.030270 0.178378
0 0.522883 0.763176 0.039640 0.200676
0 0.547207 0.754392 0.034955 0.185811
0 0.572072 0.743243 0.041441 0.171622
0 0.615315 0.738176 0.071712 0.197973
0 0.670450 0.729054 0.076036 0.159459
0 0.713153 0.695270 0.053333 0.101351
0 0.480541 0.747973 0.018378 0.170270
0 0.462703 0.755068 0.020180 0.185811
0 0.444324 0.752027 0.031712 0.194595
0 0.419640 0.753716 0.029189 0.193919
0 0.389910 0.741554 0.046847 0.173649
0 0.349730 0.732770 0.073153 0.187162
0 0.300901 0.720270 0.070631 0.155405
0 0.267928 0.673986 0.047928 0.103378