0 0.480901 0.555068 0.034234 0.206081
0 0.456757 0.544257 0.026306 0.196622
0 0.430631 0.526014 0.030270 0.226351
0 0.414955 0.515541 0.042162 0.208108
0 0.389369 0.509122 0.040000 0.176351
0 0.361261 0.480743 0.049369 0.206081
0 0.325045 0.466554 0.050450 0.173649
0 0.312613 0.404730 0.060901 0.091892
0 0.506306 0.540203 0.030991 0.229054
0 0.529730 0.539527 0.029550 0.204730
0 0.553874 0.509797 0.033153 0.265541
0 0.571712 0.524662 0.040721 0.203378
0 0.595856 0.508108 0.039279 0.204054
0 0.631351 0.515878 0.058378 0.176351
0 0.685225 0.503716 0.002523 0.004730
0 0.657477 0.492230 0.078198 0.184459
0 0.672072 0.420608 0.067027 0.116892
0 0.490811 0.760473 0.023784 0.162838
0 0.509189 0.764527 0.028108 0.175000
0 0.527207 0.772297 0.030991 0.201351
0 0.555676 0.767230 0.030270 0.199324
0 0.586847 0.748311 0.042883 0.189865
0 0.643063 0.715878 0.089730 0.170946
0 0.695495 0.683446 0.055495 0.102027
0 0.473153 0.764189 0.034595 0.163514
0 0.454414 0.758446 0.039640 0.168243
0 0.432252 0.764527 0.038559 0.185811
0 0.410090 0.755405 0.038198 0.186486
0 0.386126 0.735135 0.052252 0.179730
0 0.352072 0.708784 0.085045 0.167568
0 0.310270 0.666216 0.083604 0.174324
0 0.269189 0.642568 0.051892 0.101351