0 0.468468 0.455405 0.039640 0.147297
0 0.436036 0.457095 0.031712 0.104730
0 0.422523 0.382432 0.036396 0.125676
0 0.399459 0.434459 0.034955 0.137838
0 0.374595 0.427027 0.037117 0.110811
0 0.327748 0.470946 0.048649 0.191892
0 0.303063 0.398649 0.049009 0.086486
0 0.508829 0.452027 0.041081 0.147297
0 0.537117 0.469595 0.040000 0.105405
0 0.561982 0.390878 0.041441 0.127703
0 0.578018 0.458784 0.040360 0.118919
0 0.607568 0.449324 0.040360 0.097297
0 0.650450 0.485811 0.054775 0.189189
0 0.682703 0.419932 0.052973 0.097973
0 0.491892 0.703378 0.027387 0.170270
0 0.507387 0.763176 0.038198 0.154730
0 0.529730 0.819932 0.042523 0.126351
0 0.565045 0.762838 0.043964 0.101351
0 0.610631 0.769257 0.044324 0.081757
0 0.652973 0.673986 0.078559 0.180405
0 0.717838 0.701014 0.059099 0.103378
0 0.465946 0.718581 0.032432 0.193919
0 0.440180 0.775000 0.032793 0.177027
0 0.417117 0.816216 0.041441 0.114865
0 0.392072 0.759122 0.033874 0.087162
0 0.352793 0.758446 0.034595 0.077703
0 0.313333 0.659459 0.072432 0.166216
0 0.259099 0.681757 0.056216 0.108108
0 0.472613 0.550338 0.027748 0.076351
0 0.446126 0.507770 0.021622 0.142568
0 0.422162 0.491892 0.028468 0.178378
0 0.395676 0.529054 0.032432 0.104054
0 0.366126 0.508784 0.038198 0.140541
0 0.501622 0.555068 0.026667 0.076351
0 0.528108 0.533108 0.022703 0.116216
0 0.552072 0.505743 0.030270 0.177703
0 0.579279 0.541892 0.037117 0.104054
0 0.607928 0.534122 0.049009 0.122297
0 0.515676 0.683784 0.023784 0.128378
0 0.534054 0.697297 0.031712 0.163514
0 0.565225 0.679392 0.047928 0.131757
0 0.602162 0.679054 0.066306 0.148649
0 0.449730 0.681757 0.020901 0.127027
0 0.427027 0.692568 0.025946 0.148649
0 0.398559 0.684459 0.042523 0.147297
0 0.363243 0.666554 0.053333 0.135811