0 0.483243 0.455743 0.033153 0.237162
0 0.457297 0.437162 0.029550 0.254054
0 0.429550 0.433108 0.038198 0.251351
0 0.410450 0.429730 0.038919 0.214865
0 0.385946 0.428716 0.043243 0.192568
0 0.349369 0.417568 0.053694 0.228378
0 0.327207 0.352027 0.055495 0.148649
0 0.309189 0.319595 0.046126 0.104054
0 0.511171 0.458446 0.034955 0.231757
0 0.528288 0.444257 0.043243 0.207432
0 0.554775 0.360811 0.032793 0.240541
0 0.559820 0.439865 0.044324 0.189189
0 0.589550 0.419932 0.045405 0.200676
0 0.627207 0.401351 0.057297 0.204054
0 0.659279 0.363851 0.075315 0.177703
0 0.670450 0.294932 0.065225 0.102027
0 0.501622 0.701014 0.023063 0.211486
0 0.516577 0.671622 0.032793 0.177027
0 0.545946 0.690203 0.037477 0.207432
0 0.565766 0.580405 0.015856 0.018919
0 0.570631 0.650676 0.045766 0.225676
0 0.604685 0.669932 0.064865 0.226351
0 0.645045 0.614189 0.087207 0.185135
0 0.697297 0.578716 0.079279 0.172297
0 0.739640 0.534122 0.045766 0.106081
0 0.482883 0.674662 0.025946 0.147973
0 0.463063 0.672297 0.027387 0.167568
0 0.434234 0.705068 0.034595 0.252027
0 0.408829 0.675000 0.040000 0.187838
0 0.372613 0.655743 0.059820 0.185811
0 0.334955 0.633446 0.081802 0.212838
0 0.291712 0.573986 0.071712 0.168243
0 0.251351 0.535811 0.042883 0.100000