0 0.479099 0.518581 0.027748 0.214189
0 0.456757 0.505405 0.027748 0.201351
0 0.433514 0.447635 0.030270 0.215541
0 0.412973 0.508446 0.038198 0.188514
0 0.386667 0.506419 0.037477 0.170946
0 0.351532 0.502365 0.049369 0.196622
0 0.329009 0.440203 0.056216 0.161486
0 0.310811 0.377365 0.042162 0.088514
0 0.507207 0.517568 0.027027 0.222973
0 0.523964 0.510811 0.038198 0.201351
0 0.549189 0.449324 0.035315 0.221622
0 0.560360 0.512162 0.043243 0.198649
0 0.583423 0.504730 0.044685 0.200000
0 0.618739 0.502365 0.038919 0.143919
0 0.652613 0.463851 0.058378 0.185811
0 0.669550 0.389865 0.042523 0.089189
0 0.501802 0.729392 0.019099 0.177703
0 0.520901 0.740541 0.022703 0.183784
0 0.542883 0.741554 0.029189 0.191216
0 0.569550 0.730068 0.032793 0.164189
0 0.602342 0.705405 0.052973 0.151351
0 0.640180 0.675338 0.089730 0.189865
0 0.683964 0.635135 0.074234 0.158108
0 0.727207 0.601014 0.043964 0.104730
0 0.483243 0.727027 0.019459 0.166216
0 0.465045 0.733108 0.020541 0.178378
0 0.439459 0.738851 0.029189 0.193919
0 0.416577 0.718919 0.036036 0.168919
0 0.385225 0.697297 0.044685 0.141892
0 0.344685 0.676689 0.085405 0.158784
0 0.305045 0.624662 0.071712 0.158784
0 0.260180 0.596622 0.040360 0.105405
0 0.434414 0.566216 0.027748 0.077027