0 0.480000 0.402703 0.034595 0.278378
0 0.452432 0.397297 0.029910 0.268919
0 0.425586 0.368919 0.035315 0.294595
0 0.407568 0.413176 0.040360 0.210135
0 0.384324 0.416892 0.037838 0.206757
0 0.349369 0.411486 0.051532 0.189189
0 0.305766 0.385135 0.048649 0.178378
0 0.292252 0.306757 0.051171 0.105405
0 0.510270 0.405068 0.033874 0.279054
0 0.535676 0.405068 0.028468 0.257432
0 0.563423 0.384122 0.030631 0.292568
0 0.585946 0.402703 0.036757 0.247297
0 0.605405 0.419595 0.038198 0.210811
0 0.641081 0.397297 0.051892 0.235135
0 0.675856 0.394257 0.060901 0.180405
0 0.695676 0.312500 0.052252 0.110135
0 0.500000 0.646959 0.021982 0.185811
0 0.521081 0.648986 0.025225 0.193919
0 0.541261 0.650338 0.028829 0.214189
0 0.560180 0.654392 0.034234 0.222297
0 0.599099 0.665878 0.070991 0.187162
0 0.626306 0.630405 0.067748 0.191892
0 0.679279 0.595946 0.076396 0.174324
0 0.732973 0.574662 0.059820 0.118243
0 0.481441 0.649324 0.023784 0.183784
0 0.462703 0.642230 0.025225 0.184459
0 0.439099 0.660811 0.027748 0.237838
0 0.415315 0.663514 0.033514 0.214865
0 0.383604 0.686149 0.064505 0.187162
0 0.356937 0.623311 0.080360 0.184459
0 0.313153 0.581757 0.076396 0.175676
0 0.262342 0.561824 0.059820 0.122297