0 0.479279 0.497297 0.031712 0.232432
0 0.454054 0.473311 0.025946 0.223649
0 0.427207 0.400338 0.045766 0.147973
0 0.408288 0.460811 0.050450 0.116216
0 0.379459 0.463514 0.038198 0.083784
0 0.336216 0.485135 0.059099 0.168919
0 0.299640 0.439189 0.054414 0.106757
0 0.512252 0.508108 0.030631 0.217568
0 0.536937 0.486824 0.028108 0.222297
0 0.565946 0.405068 0.041441 0.146622
0 0.588468 0.466892 0.051171 0.106757
0 0.614775 0.520608 0.044685 0.134459
0 0.655315 0.482432 0.050811 0.183784
0 0.694054 0.449324 0.047568 0.090541
0 0.516757 0.718581 0.020180 0.177703
0 0.539459 0.723986 0.022342 0.188514
0 0.564324 0.801689 0.041802 0.158784
0 0.590631 0.767230 0.034595 0.095270
0 0.625405 0.758108 0.034955 0.082432
0 0.666667 0.693243 0.080000 0.189189
0 0.714775 0.670946 0.055135 0.109459
0 0.494775 0.715203 0.021622 0.173649
0 0.474955 0.712838 0.030270 0.178378
0 0.454414 0.785473 0.041802 0.154730
0 0.426306 0.748986 0.036757 0.102027
0 0.387207 0.746284 0.041441 0.088514
0 0.344144 0.693243 0.086486 0.197297
0 0.317297 0.697635 0.001081 0.002027
0 0.291171 0.679054 0.059820 0.108108
0 0.431171 0.515878 0.031351 0.173649
0 0.409550 0.539527 0.038559 0.102027
0 0.379640 0.530743 0.045045 0.110135
0 0.562523 0.512162 0.030991 0.179730
0 0.584144 0.541554 0.039640 0.100676
0 0.561622 0.702703 0.026306 0.137838
0 0.586847 0.688514 0.045045 0.112162
0 0.621081 0.690541 0.063063 0.143243
0 0.453333 0.693243 0.025946 0.139189
0 0.430270 0.678041 0.041802 0.110135
0 0.400541 0.670270 0.052973 0.117568