0 0.471351 0.482432 0.034595 0.229730
0 0.443604 0.480405 0.025225 0.209459
0 0.417838 0.451351 0.031351 0.248649
0 0.393694 0.499662 0.045045 0.196622
0 0.369369 0.501014 0.038198 0.166892
0 0.334234 0.483784 0.052252 0.175676
0 0.293694 0.457432 0.053333 0.170270
0 0.278378 0.377703 0.047207 0.090541
0 0.505405 0.459459 0.033514 0.256757
0 0.531532 0.463176 0.030991 0.220946
0 0.553874 0.435473 0.041802 0.249324
0 0.576036 0.489189 0.041441 0.166216
0 0.603784 0.471284 0.040721 0.188514
0 0.644144 0.466554 0.055856 0.177703
0 0.686847 0.433446 0.053333 0.168243
0 0.699279 0.346959 0.047207 0.091216
0 0.505946 0.697973 0.021622 0.185135
0 0.527568 0.716892 0.023784 0.237838
0 0.554054 0.713851 0.031351 0.246622
0 0.578559 0.692905 0.035676 0.199324
0 0.612432 0.682095 0.050090 0.195270
0 0.655315 0.660473 0.084685 0.199324
0 0.699640 0.600676 0.070991 0.168919
0 0.749189 0.583446 0.040360 0.092568
0 0.483784 0.710135 0.024144 0.208108
0 0.462883 0.719257 0.027027 0.231757
0 0.440360 0.742905 0.035315 0.276351
0 0.412072 0.709122 0.034234 0.210135
0 0.381261 0.692568 0.049730 0.193243
0 0.328288 0.681419 0.093694 0.207432
0 0.285946 0.622635 0.079640 0.172297
0 0.239279 0.605743 0.043964 0.095270