0 0.495676 0.574324 0.030631 0.217568
0 0.473694 0.567230 0.027748 0.211486
0 0.450811 0.550338 0.030270 0.235811
0 0.430811 0.570270 0.039279 0.187838
0 0.406306 0.564865 0.036396 0.163514
0 0.373514 0.557432 0.052973 0.171622
0 0.344685 0.501014 0.058739 0.130405
0 0.313874 0.462162 0.036036 0.047297
0 0.519820 0.571284 0.029910 0.227703
0 0.544865 0.569932 0.025225 0.206081
0 0.567207 0.549662 0.028108 0.222297
0 0.587207 0.557095 0.035676 0.203378
0 0.609550 0.572973 0.032793 0.151351
0 0.638018 0.545946 0.049369 0.205405
0 0.659099 0.508446 0.063423 0.134459
0 0.685405 0.462838 0.044685 0.068919
0 0.503423 0.785135 0.018739 0.179730
0 0.521441 0.780068 0.022342 0.180405
0 0.541622 0.785135 0.026667 0.197297
0 0.569189 0.765541 0.032793 0.159459
0 0.602883 0.796284 0.046847 0.119595
0 0.644685 0.738514 0.069910 0.174324
0 0.690270 0.717230 0.061622 0.134459
0 0.486486 0.776014 0.020180 0.165541
0 0.467928 0.788851 0.024144 0.189865
0 0.444144 0.796284 0.027748 0.218243
0 0.414775 0.770270 0.030991 0.170270
0 0.388829 0.800000 0.040360 0.127027
0 0.349910 0.751014 0.092973 0.179054
0 0.294414 0.707432 0.056216 0.106757