0 0.485225 0.593243 0.029910 0.194595
0 0.460000 0.541554 0.028468 0.102027
0 0.439279 0.488851 0.031712 0.088514
0 0.420180 0.537162 0.033153 0.085135
0 0.401261 0.520946 0.040721 0.072973
0 0.355495 0.552027 0.052973 0.141892
0 0.331351 0.473649 0.051532 0.093243
0 0.522523 0.594257 0.033153 0.195270
0 0.553874 0.561486 0.029550 0.094595
0 0.571892 0.498311 0.032432 0.092568
0 0.588649 0.559459 0.031351 0.075676
0 0.608108 0.534122 0.034955 0.065541
0 0.647748 0.562162 0.045766 0.150000
0 0.671712 0.494595 0.047568 0.094595
0 0.513514 0.766892 0.018739 0.131081
0 0.529910 0.800000 0.021982 0.094595
0 0.555135 0.843919 0.032793 0.089189
0 0.580360 0.803378 0.033514 0.064865
0 0.621802 0.796959 0.033514 0.054730
0 0.669369 0.755068 0.001081 0.003378
0 0.655856 0.720946 0.076396 0.162162
0 0.712252 0.705405 0.048649 0.094595
0 0.491712 0.762500 0.019099 0.131757
0 0.466847 0.802027 0.028468 0.091892
0 0.443604 0.847973 0.028108 0.095946
0 0.420000 0.793581 0.033514 0.066892
0 0.373333 0.786824 0.036036 0.062838
0 0.345045 0.702027 0.080360 0.155405
0 0.281622 0.670270 0.046486 0.090541
0 0.458198 0.613176 0.021982 0.130405
0 0.437838 0.594595 0.028108 0.137838
0 0.415676 0.607095 0.034234 0.097973
0 0.387027 0.589527 0.039640 0.106081
0 0.547027 0.638851 0.019459 0.106081
0 0.569009 0.603716 0.024505 0.165541
0 0.590450 0.624324 0.027748 0.090541
0 0.616396 0.597635 0.036396 0.122297
0 0.533694 0.743243 0.015856 0.081081
0 0.552072 0.773649 0.021622 0.144595
0 0.577477 0.743581 0.038559 0.110135
0 0.614414 0.734459 0.056216 0.121622
0 0.469189 0.756419 0.020180 0.130405
0 0.451532 0.751351 0.023784 0.136486
0 0.423243 0.727703 0.037838 0.105405
0 0.385586 0.724324 0.065586 0.143243