0 0.423699 0.386091 0.047420 0.158466
0 0.571780 0.707713 0.052685 0.153466
0 0.544169 0.724767 0.039041 0.158345
0 0.264510 0.648642 0.060479 0.144946
0 0.321386 0.445777 0.061063 0.190135
0 0.521759 0.727811 0.031899 0.169311
0 0.298616 0.369649 0.052036 0.128014
0 0.655903 0.456128 0.078018 0.198662
0 0.396741 0.442733 0.040277 0.113399
0 0.500647 0.724767 0.031247 0.177831
0 0.479535 0.725375 0.033196 0.166872
0 0.417820 0.834389 0.053982 0.131547
0 0.439258 0.704669 0.037095 0.144946
0 0.335645 0.788101 0.059831 0.119365
0 0.382741 0.806375 0.051384 0.112061
0 0.455173 0.750953 0.040342 0.171743
0 0.311283 0.655949 0.078667 0.176615
0 0.361987 0.502416 0.050022 0.125574
0 0.359679 0.677872 0.076721 0.164432
0 0.540955 0.853267 0.071459 0.149818
0 0.393818 0.525557 0.035730 0.123142
0 0.404503 0.688834 0.059831 0.130331
0 0.586429 0.813071 0.063661 0.113277
0 0.614328 0.534693 0.058530 0.109750
0 0.611081 0.436642 0.054631 0.128014
0 0.582497 0.462828 0.048137 0.131669
0 0.465243 0.499368 0.044886 0.224236
0 0.421101 0.527385 0.030533 0.156027
0 0.638072 0.783230 0.072108 0.102311
0 0.621506 0.685179 0.088346 0.161993
0 0.438283 0.450037 0.041640 0.159682
0 0.676076 0.669348 0.106537 0.196101
0 0.735481 0.660209 0.072173 0.148595
0 0.577625 0.538953 0.044886 0.118270
0 0.509090 0.503024 0.045539 0.246169
0 0.684162 0.375132 0.070876 0.138980
0 0.535400 0.449432 0.050086 0.170649
0 0.554890 0.545044 0.034494 0.157250
0 0.561061 0.400709 0.045539 0.170649
0 0.371730 0.417152 0.050018 0.120709