0 0.479459 0.437162 0.027748 0.221622
0 0.451171 0.445608 0.028829 0.192568
0 0.448829 0.396959 0.088288 0.083108
0 0.406126 0.437838 0.039640 0.185135
0 0.377838 0.433108 0.027027 0.182432
0 0.346486 0.434797 0.042883 0.176351
0 0.307027 0.426351 0.041081 0.174324
0 0.287387 0.367568 0.038559 0.101351
0 0.510631 0.439527 0.038919 0.225000
0 0.535495 0.428716 0.025946 0.218243
0 0.557838 0.432432 0.028108 0.204054
0 0.579459 0.428716 0.039640 0.192568
0 0.604324 0.426689 0.032432 0.176351
0 0.636937 0.422635 0.045766 0.187162
0 0.679640 0.417905 0.044685 0.175000
0 0.701982 0.362162 0.042523 0.085135
0 0.499820 0.659122 0.017297 0.176351
0 0.517838 0.664865 0.022342 0.206757
0 0.539459 0.663176 0.024505 0.208784
0 0.561982 0.653378 0.032072 0.195946
0 0.585946 0.651351 0.042523 0.193243
0 0.627387 0.638514 0.070631 0.179730
0 0.671532 0.613851 0.070270 0.172297
0 0.720360 0.592230 0.040360 0.083108
0 0.481622 0.657770 0.021261 0.179054
0 0.461802 0.670608 0.024865 0.210135
0 0.437838 0.671284 0.027387 0.207432
0 0.412252 0.660135 0.031712 0.183784
0 0.389550 0.660811 0.034595 0.194595
0 0.353333 0.650338 0.055856 0.184459
0 0.309189 0.621959 0.064144 0.175000
0 0.261622 0.609797 0.051171 0.095270