0 0.498018 0.486149 0.031712 0.227703
0 0.471712 0.462500 0.030991 0.260135
0 0.443243 0.463176 0.032432 0.247973
0 0.425225 0.464865 0.045405 0.235135
0 0.392432 0.456419 0.041081 0.233108
0 0.356937 0.450338 0.050811 0.233108
0 0.314414 0.440878 0.048649 0.189865
0 0.290991 0.379392 0.047928 0.112838
0 0.528288 0.478716 0.030991 0.242568
0 0.553874 0.472973 0.031712 0.229730
0 0.578919 0.434797 0.032793 0.273649
0 0.587387 0.459122 0.036757 0.242568
0 0.614234 0.450000 0.039279 0.240541
0 0.647027 0.453378 0.047207 0.235135
0 0.685766 0.438514 0.044685 0.194595
0 0.711351 0.380405 0.047568 0.118919
0 0.517297 0.683784 0.020541 0.160811
0 0.536396 0.687500 0.020541 0.168243
0 0.560180 0.700676 0.032072 0.217568
0 0.584865 0.692905 0.036036 0.197973
0 0.612432 0.674324 0.047928 0.201351
0 0.702162 0.608446 0.071712 0.185811
0 0.757658 0.586149 0.065946 0.135811
0 0.498739 0.687162 0.023063 0.166216
0 0.480360 0.690541 0.026667 0.179730
0 0.456937 0.696622 0.033153 0.217568
0 0.429369 0.689865 0.040000 0.210811
0 0.400541 0.676351 0.044324 0.209459
0 0.307207 0.623649 0.088288 0.183784
0 0.245405 0.591892 0.082883 0.135135