0 0.482883 0.510811 0.030991 0.198649
0 0.454414 0.498986 0.027387 0.197973
0 0.424324 0.480405 0.032793 0.244595
0 0.398739 0.478378 0.046486 0.218919
0 0.386486 0.471284 0.045766 0.173649
0 0.344865 0.464189 0.051171 0.201351
0 0.307568 0.446284 0.055856 0.177703
0 0.292072 0.358108 0.056577 0.124324
0 0.513514 0.516554 0.031712 0.197973
0 0.542883 0.509797 0.027748 0.197973
0 0.569910 0.496959 0.032793 0.234459
0 0.593874 0.491554 0.043964 0.230405
0 0.621441 0.482095 0.035676 0.222297
0 0.656577 0.482095 0.051171 0.179054
0 0.690811 0.454392 0.059820 0.172297
0 0.707568 0.362500 0.051532 0.122297
0 0.503604 0.703378 0.019099 0.155405
0 0.522703 0.716554 0.023423 0.173649
0 0.546306 0.700676 0.035315 0.218919
0 0.568829 0.704392 0.034955 0.191216
0 0.593153 0.694257 0.043964 0.184459
0 0.634054 0.682770 0.078198 0.197973
0 0.680901 0.643243 0.077477 0.179730
0 0.738198 0.625676 0.065946 0.129730
0 0.484865 0.697635 0.019820 0.153378
0 0.464865 0.705743 0.021622 0.169595
0 0.440180 0.710811 0.028468 0.191892
0 0.415495 0.689527 0.036036 0.176351
0 0.391171 0.679392 0.038559 0.204730
0 0.354234 0.653378 0.067748 0.228378
0 0.307748 0.633784 0.065586 0.186486
0 0.251351 0.621284 0.055135 0.108784