0 0.471892 0.519595 0.034234 0.233784
0 0.442342 0.522297 0.028468 0.193243
0 0.422342 0.425000 0.059820 0.191892
0 0.391712 0.497635 0.036036 0.212838
0 0.367027 0.501689 0.041441 0.177703
0 0.330991 0.483784 0.058739 0.183784
0 0.299279 0.454054 0.058739 0.159459
0 0.290450 0.383784 0.048288 0.091892
0 0.505946 0.525000 0.033874 0.224324
0 0.529550 0.522635 0.039279 0.199324
0 0.562342 0.489865 0.034955 0.260811
0 0.587207 0.492568 0.045766 0.222973
0 0.612973 0.487500 0.046847 0.188514
0 0.647568 0.473986 0.067748 0.202027
0 0.684505 0.460135 0.075315 0.145946
0 0.698739 0.378378 0.056937 0.095946
0 0.504685 0.747297 0.021982 0.194595
0 0.527027 0.740541 0.028468 0.183784
0 0.550811 0.757095 0.029189 0.226351
0 0.579099 0.728041 0.036036 0.177703
0 0.610090 0.717230 0.055495 0.177703
0 0.658198 0.692230 0.094775 0.180405
0 0.734414 0.710473 0.001441 0.003378
0 0.707928 0.652027 0.092613 0.182432
0 0.484505 0.738851 0.021982 0.180405
0 0.462342 0.758784 0.028108 0.213514
0 0.436396 0.766216 0.027387 0.212162
0 0.410450 0.756419 0.041081 0.212838
0 0.395315 0.704054 0.001441 0.004054
0 0.374775 0.732095 0.060541 0.193919
0 0.334414 0.702703 0.083604 0.183784
0 0.289550 0.656081 0.082523 0.178378
0 0.243423 0.658784 0.042883 0.095946
0 0.419279 0.546622 0.027748 0.116216