0 0.597440 0.497541 0.036443 0.201095
0 0.251519 0.618189 0.053986 0.118149
0 0.564957 0.489017 0.041640 0.223020
0 0.534101 0.493280 0.035791 0.207182
0 0.510715 0.510943 0.033193 0.215709
0 0.480834 0.503632 0.035795 0.210845
0 0.458422 0.497544 0.024750 0.203534
0 0.425290 0.499980 0.035142 0.208405
0 0.399306 0.493889 0.039045 0.193791
0 0.378519 0.488405 0.029946 0.192568
0 0.343438 0.483537 0.053333 0.177953
0 0.303813 0.457348 0.049434 0.184047
0 0.688384 0.459176 0.061128 0.165770
0 0.745584 0.610270 0.051968 0.112054
0 0.699461 0.630368 0.083153 0.179047
0 0.651389 0.684571 0.080551 0.207061
0 0.602312 0.705277 0.035795 0.207068
0 0.577951 0.694922 0.031247 0.188791
0 0.548393 0.704669 0.030595 0.198541
0 0.528905 0.702841 0.024101 0.182709
0 0.510065 0.709541 0.022804 0.191230
0 0.494150 0.696753 0.029950 0.177831
0 0.472714 0.702841 0.024750 0.185142
0 0.447377 0.698578 0.033845 0.200980
0 0.422043 0.692486 0.035142 0.193662
0 0.392486 0.690051 0.038393 0.183926
0 0.347499 0.670402 0.076721 0.213155
0 0.299267 0.645591 0.080616 0.187574
0 0.623423 0.496932 0.039041 0.190135
0 0.652656 0.480490 0.054631 0.186480