0 0.483604 0.465203 0.030991 0.258784
0 0.461982 0.436149 0.030991 0.277703
0 0.440360 0.427365 0.029550 0.265541
0 0.424865 0.470946 0.023063 0.183784
0 0.411712 0.450338 0.035676 0.206081
0 0.386306 0.437838 0.051171 0.208108
0 0.354414 0.413514 0.060180 0.197297
0 0.344144 0.334122 0.057658 0.142568
0 0.509189 0.460811 0.027387 0.266216
0 0.531532 0.445270 0.027387 0.260811
0 0.552793 0.431081 0.030270 0.275676
0 0.562342 0.442568 0.038559 0.221622
0 0.584685 0.420608 0.039279 0.229054
0 0.616216 0.402703 0.056937 0.213514
0 0.643604 0.350000 0.057658 0.152703
0 0.511532 0.699324 0.020541 0.191892
0 0.527027 0.702703 0.025586 0.209459
0 0.546306 0.713514 0.025225 0.189189
0 0.569910 0.705743 0.038559 0.196622
0 0.598919 0.682432 0.062703 0.189189
0 0.627027 0.649662 0.085045 0.199324
0 0.656757 0.603041 0.073874 0.184459
0 0.713153 0.573311 0.069189 0.137162
0 0.495495 0.698986 0.019459 0.185811
0 0.480541 0.699324 0.021261 0.197297
0 0.458559 0.716554 0.031351 0.212838
0 0.437117 0.712500 0.030991 0.212838
0 0.407207 0.706081 0.047568 0.189189
0 0.372432 0.680068 0.076757 0.196622
0 0.338018 0.625338 0.069189 0.180405
0 0.286306 0.590541 0.069550 0.139189