0 0.488468 0.499324 0.028468 0.240541
0 0.463604 0.498311 0.027027 0.218243
0 0.436577 0.474324 0.042162 0.286486
0 0.420000 0.516554 0.047207 0.229054
0 0.398198 0.528716 0.040360 0.202027
0 0.373153 0.537838 0.065946 0.162162
0 0.324505 0.488176 0.058018 0.219595
0 0.291351 0.424662 0.050090 0.143919
0 0.515676 0.497973 0.030270 0.237838
0 0.539099 0.489527 0.025225 0.227703
0 0.560901 0.466216 0.032793 0.282432
0 0.583243 0.498649 0.039279 0.224324
0 0.609009 0.488514 0.036757 0.216216
0 0.642342 0.480068 0.051532 0.212838
0 0.680541 0.466554 0.070270 0.192568
0 0.704865 0.386824 0.049730 0.130405
0 0.510270 0.720608 0.035315 0.207432
0 0.529550 0.715878 0.034234 0.204730
0 0.557297 0.719932 0.050811 0.253378
0 0.581622 0.707770 0.045405 0.206081
0 0.609550 0.697973 0.049369 0.200000
0 0.656937 0.688851 0.091532 0.223649
0 0.707387 0.668581 0.079279 0.208784
0 0.759279 0.643243 0.060541 0.117568
0 0.489730 0.718919 0.025225 0.193243
0 0.473874 0.721959 0.030991 0.231757
0 0.447207 0.732770 0.032432 0.252027
0 0.419640 0.740203 0.037838 0.241216
0 0.385946 0.735473 0.042523 0.180405
0 0.354775 0.721284 0.072432 0.214189
0 0.301982 0.686824 0.092973 0.208784
0 0.238919 0.677703 0.069189 0.129730