0 0.470090 0.490878 0.029189 0.262838
0 0.451892 0.507095 0.036036 0.165541
0 0.434414 0.403041 0.044324 0.164189
0 0.412793 0.489865 0.042162 0.116216
0 0.385405 0.488514 0.041441 0.113514
0 0.344324 0.501014 0.049369 0.197973
0 0.314775 0.451689 0.047928 0.108784
0 0.501441 0.502365 0.027027 0.266892
0 0.520000 0.495608 0.038198 0.227703
0 0.537658 0.419932 0.040360 0.156081
0 0.561982 0.469932 0.050090 0.137162
0 0.585586 0.467568 0.049730 0.117568
0 0.627207 0.496959 0.055856 0.208784
0 0.658378 0.448649 0.057658 0.113514
0 0.500541 0.753716 0.020180 0.219595
0 0.513874 0.749662 0.036036 0.211486
0 0.536216 0.814865 0.037477 0.163514
0 0.567207 0.763176 0.028829 0.108784
0 0.605766 0.788514 0.042523 0.117568
0 0.638739 0.712162 0.076757 0.198649
0 0.695495 0.714527 0.064865 0.127703
0 0.723604 0.621284 0.035315 0.075000
0 0.481441 0.756757 0.019459 0.220270
0 0.462703 0.749662 0.023784 0.210135
0 0.440541 0.824324 0.033514 0.151351
0 0.409009 0.788514 0.032432 0.118919
0 0.372793 0.798986 0.033514 0.097973
0 0.339459 0.712500 0.075676 0.192568
0 0.279459 0.721284 0.059459 0.127703
0 0.427748 0.532095 0.024505 0.166892
0 0.407928 0.575338 0.034595 0.099324
0 0.379099 0.577365 0.038919 0.077703
0 0.545045 0.525676 0.028468 0.185135
0 0.564685 0.569595 0.036757 0.105405
0 0.591171 0.557432 0.051532 0.113514
0 0.538559 0.709797 0.019820 0.143919
0 0.556757 0.694595 0.018739 0.078378
0 0.583243 0.690878 0.036396 0.073649
0 0.443063 0.714527 0.023423 0.152027
0 0.425405 0.701351 0.016216 0.060811
0 0.384685 0.704730 0.060180 0.136486