0 0.480000 0.544257 0.038198 0.192568
0 0.446126 0.535811 0.029550 0.227027
0 0.412613 0.514865 0.036036 0.229730
0 0.387568 0.527703 0.040000 0.195946
0 0.358919 0.531081 0.036757 0.181081
0 0.324865 0.520608 0.058739 0.192568
0 0.292072 0.482432 0.060180 0.167568
0 0.275856 0.419932 0.048649 0.104730
0 0.515856 0.534797 0.037117 0.211486
0 0.548108 0.537500 0.030270 0.177703
0 0.579279 0.509797 0.037117 0.218243
0 0.603423 0.506757 0.043604 0.209459
0 0.633874 0.506419 0.041081 0.184459
0 0.669550 0.487162 0.044685 0.179730
0 0.707748 0.469257 0.055495 0.170946
0 0.721441 0.373311 0.050450 0.164189
0 0.504324 0.727365 0.022703 0.146622
0 0.528829 0.726689 0.027748 0.152027
0 0.556937 0.735473 0.032072 0.179054
0 0.585766 0.734122 0.035676 0.179054
0 0.623604 0.720946 0.060180 0.164865
0 0.665225 0.692905 0.083604 0.184459
0 0.714054 0.649324 0.078198 0.166216
0 0.758559 0.633108 0.043243 0.093243
0 0.481441 0.730743 0.023784 0.154730
0 0.453874 0.739865 0.028468 0.171622
0 0.427748 0.746622 0.034595 0.191892
0 0.396396 0.747635 0.036757 0.177703
0 0.367027 0.728378 0.044324 0.178378
0 0.312793 0.714865 0.073514 0.181081
0 0.270991 0.681081 0.079279 0.163514
0 0.226667 0.644932 0.047568 0.100676