0 0.483604 0.442905 0.040360 0.296622
0 0.464685 0.450338 0.048649 0.245270
0 0.428108 0.431081 0.041802 0.282432
0 0.401081 0.449324 0.043243 0.222973
0 0.379279 0.436824 0.036396 0.206081
0 0.336937 0.441554 0.052613 0.183108
0 0.298018 0.406081 0.056937 0.189189
0 0.277477 0.340203 0.043243 0.115541
0 0.516396 0.439865 0.036036 0.302703
0 0.543423 0.431757 0.036036 0.282432
0 0.571171 0.432770 0.037477 0.285811
0 0.594775 0.437838 0.042883 0.245946
0 0.623604 0.440203 0.037117 0.215541
0 0.660180 0.428378 0.051171 0.216216
0 0.699820 0.414527 0.053333 0.187162
0 0.724324 0.337162 0.044685 0.148649
0 0.529730 0.711824 0.028829 0.234459
0 0.548468 0.692568 0.033153 0.182432
0 0.581982 0.707095 0.048288 0.225000
0 0.607928 0.690203 0.055495 0.210135
0 0.633694 0.680405 0.058739 0.210811
0 0.671351 0.647635 0.089369 0.192568
0 0.715315 0.603378 0.078559 0.162162
0 0.764505 0.564189 0.058739 0.104054
0 0.509369 0.695270 0.027748 0.216216
0 0.487568 0.705405 0.028829 0.221622
0 0.455676 0.715203 0.040000 0.241216
0 0.424865 0.691216 0.050450 0.210811
0 0.393874 0.685473 0.065586 0.216892
0 0.355135 0.645946 0.094054 0.193243
0 0.299279 0.605068 0.090450 0.166892
0 0.253694 0.577027 0.054775 0.127027