0 0.487027 0.496959 0.031351 0.227703
0 0.460721 0.500000 0.021261 0.194595
0 0.436396 0.484459 0.032432 0.220270
0 0.409910 0.492230 0.037117 0.179054
0 0.381982 0.484797 0.034595 0.172297
0 0.342703 0.474662 0.050450 0.172297
0 0.300901 0.444595 0.047568 0.179730
0 0.518378 0.505405 0.032793 0.201351
0 0.542883 0.480743 0.026306 0.233108
0 0.568288 0.487838 0.030270 0.221622
0 0.592432 0.491554 0.033153 0.187162
0 0.618919 0.488514 0.032072 0.168919
0 0.655856 0.482770 0.049009 0.164189
0 0.695135 0.441554 0.049009 0.185811
0 0.514234 0.715203 0.024505 0.200676
0 0.534054 0.714527 0.024505 0.199324
0 0.556396 0.713176 0.025946 0.207432
0 0.583784 0.696284 0.030991 0.177703
0 0.615676 0.677703 0.040721 0.170270
0 0.654595 0.650338 0.078919 0.176351
0 0.698919 0.616892 0.074595 0.172973
0 0.494414 0.707770 0.023063 0.188514
0 0.472432 0.699324 0.022342 0.168919
0 0.448108 0.703716 0.027748 0.199324
0 0.420541 0.683446 0.028829 0.172297
0 0.392252 0.676689 0.032793 0.179054
0 0.346486 0.646284 0.077477 0.168243
0 0.300541 0.612838 0.081441 0.158108