0 0.483243 0.443919 0.041802 0.285135
0 0.452613 0.493581 0.033874 0.166892
0 0.413333 0.356081 0.064144 0.174324
0 0.403784 0.439865 0.053694 0.152703
0 0.375495 0.441892 0.041802 0.141892
0 0.341982 0.485473 0.055495 0.222297
0 0.299640 0.440541 0.061622 0.136486
0 0.266306 0.383784 0.046847 0.085135
0 0.520541 0.439527 0.035676 0.281757
0 0.550090 0.447297 0.027027 0.217568
0 0.574775 0.335811 0.057658 0.177027
0 0.596937 0.418243 0.055135 0.154054
0 0.623964 0.421622 0.039279 0.132432
0 0.663784 0.463176 0.052613 0.208784
0 0.698018 0.419257 0.051171 0.120946
0 0.730631 0.369595 0.040000 0.050000
0 0.517297 0.709459 0.027748 0.213514
0 0.542342 0.711824 0.028108 0.220946
0 0.570631 0.826689 0.042883 0.168243
0 0.602162 0.767230 0.040360 0.133108
0 0.650270 0.753716 0.051532 0.127703
0 0.710090 0.767230 0.001081 0.003378
0 0.687027 0.687162 0.072432 0.193243
0 0.745766 0.702365 0.066667 0.134459
0 0.776577 0.617905 0.039640 0.085811
0 0.491892 0.714527 0.031712 0.212838
0 0.470811 0.719595 0.045766 0.216216
0 0.451712 0.842905 0.047207 0.175000
0 0.412072 0.781419 0.043604 0.133108
0 0.364505 0.771622 0.043604 0.131081
0 0.316577 0.711149 0.085405 0.208784
0 0.252793 0.722973 0.063063 0.140541
0 0.221081 0.641554 0.034955 0.076351
0 0.430811 0.503378 0.032793 0.174324
0 0.409730 0.543581 0.038919 0.097973
0 0.379820 0.537838 0.045405 0.109459
0 0.570631 0.480068 0.029910 0.172297
0 0.592973 0.522635 0.036396 0.092568
0 0.624505 0.515878 0.043964 0.110135
0 0.569910 0.691216 0.027748 0.170270
0 0.598919 0.675000 0.041802 0.124324
0 0.640180 0.675000 0.060901 0.143243
0 0.434595 0.699324 0.029550 0.148649
0 0.408649 0.690203 0.040360 0.114189
0 0.368108 0.695270 0.063063 0.145946