0 0.480901 0.472297 0.034234 0.227027
0 0.451351 0.468919 0.032793 0.204054
0 0.423604 0.468919 0.036396 0.221622
0 0.396216 0.463851 0.040000 0.197973
0 0.370090 0.455068 0.043964 0.183108
0 0.329550 0.443919 0.053694 0.174324
0 0.293514 0.407432 0.055856 0.174324
0 0.274234 0.346959 0.045405 0.130405
0 0.515315 0.468581 0.033153 0.233108
0 0.540180 0.479730 0.033874 0.179730
0 0.565225 0.466216 0.042162 0.208108
0 0.594234 0.454730 0.042523 0.197297
0 0.621261 0.448649 0.039640 0.182432
0 0.659279 0.438514 0.052973 0.154054
0 0.698198 0.408108 0.053694 0.162162
0 0.716937 0.342568 0.052973 0.112162
0 0.504144 0.686149 0.023063 0.162838
0 0.527748 0.684122 0.027027 0.149324
0 0.555135 0.681419 0.029910 0.176351
0 0.585225 0.662162 0.043964 0.164865
0 0.613514 0.621622 0.051532 0.145946
0 0.653153 0.584122 0.076757 0.162838
0 0.704144 0.553041 0.075676 0.153378
0 0.746306 0.516554 0.066306 0.149324
0 0.480901 0.684122 0.024144 0.162838
0 0.457658 0.687500 0.025225 0.160135
0 0.427207 0.686824 0.035676 0.180405
0 0.398559 0.666554 0.042523 0.164189
0 0.367928 0.638851 0.056937 0.157432
0 0.325405 0.598986 0.081441 0.166892
0 0.282162 0.553041 0.077838 0.153378
0 0.244865 0.507095 0.060180 0.139865