0 0.311171 0.421622 0.053694 0.168919
0 0.565045 0.463514 0.032432 0.185135
0 0.588649 0.466216 0.043604 0.187838
0 0.618198 0.447973 0.042162 0.202703
0 0.655315 0.446622 0.048649 0.191892
0 0.689550 0.420946 0.058018 0.163514
0 0.703604 0.332095 0.060180 0.107432
0 0.749369 0.581081 0.041441 0.101351
0 0.710811 0.625000 0.070270 0.167568
0 0.660180 0.638514 0.078559 0.175676
0 0.619099 0.661486 0.050450 0.172973
0 0.345586 0.463514 0.047568 0.187838
0 0.584324 0.667230 0.038559 0.158784
0 0.560000 0.697297 0.030991 0.185135
0 0.535315 0.699662 0.024865 0.181757
0 0.385586 0.464865 0.038919 0.175676
0 0.412973 0.476351 0.038198 0.172973
0 0.435676 0.447973 0.031712 0.189189
0 0.457658 0.483108 0.035315 0.204054
0 0.478378 0.494595 0.036396 0.201351
0 0.512973 0.483108 0.035676 0.218919
0 0.536577 0.471622 0.040360 0.204054
0 0.293333 0.347973 0.057658 0.097297