0 0.499099 0.492230 0.022342 0.238514
0 0.480180 0.496284 0.029910 0.203378
0 0.464505 0.388176 0.038919 0.216892
0 0.447387 0.419595 0.040000 0.162162
0 0.434955 0.377365 0.044685 0.156081
0 0.388288 0.454392 0.053694 0.175000
0 0.363423 0.383446 0.053694 0.141216
0 0.330450 0.320946 0.033153 0.044595
0 0.523604 0.498986 0.025225 0.243919
0 0.534955 0.435473 0.026306 0.188514
0 0.561982 0.426689 0.026306 0.206081
0 0.571532 0.422635 0.054054 0.181757
0 0.590450 0.385473 0.058018 0.189865
0 0.622703 0.458784 0.048288 0.200000
0 0.640901 0.400000 0.057297 0.143243
0 0.663784 0.331757 0.039640 0.075676
0 0.497658 0.719932 0.017297 0.165541
0 0.509910 0.728378 0.020901 0.178378
0 0.525225 0.748986 0.027027 0.195270
0 0.554054 0.760811 0.027027 0.162162
0 0.590090 0.753041 0.038559 0.139865
0 0.623423 0.668581 0.078559 0.192568
0 0.670270 0.636486 0.070631 0.158108
0 0.713694 0.576014 0.032793 0.091216
0 0.479459 0.727365 0.018378 0.173649
0 0.464685 0.723311 0.020541 0.179054
0 0.443784 0.757770 0.027027 0.225000
0 0.415315 0.753041 0.028468 0.149324
0 0.380180 0.722973 0.040360 0.152703
0 0.357477 0.644932 0.076396 0.183108
0 0.303243 0.617905 0.070991 0.150676
0 0.265405 0.548311 0.033514 0.097973
0 0.460541 0.528716 0.021622 0.108784
0 0.441802 0.527365 0.029550 0.095270
0 0.419279 0.503716 0.044324 0.119595
0 0.549189 0.537162 0.019459 0.124324
0 0.568108 0.533784 0.029189 0.105405
0 0.591351 0.522635 0.038198 0.116892
0 0.545586 0.665203 0.030270 0.072297
0 0.580360 0.652365 0.055135 0.104730
0 0.424324 0.656419 0.040721 0.096622
0 0.403423 0.626351 0.042162 0.093243