0 0.480721 0.430068 0.027387 0.231757
0 0.456577 0.423649 0.021622 0.225676
0 0.432613 0.419257 0.027748 0.250676
0 0.412613 0.452027 0.036036 0.202703
0 0.388108 0.459459 0.029550 0.202703
0 0.353333 0.456081 0.042162 0.189189
0 0.312613 0.454392 0.043604 0.192568
0 0.289369 0.401014 0.038198 0.133108
0 0.506486 0.437500 0.029910 0.227703
0 0.530631 0.437162 0.025586 0.222973
0 0.558378 0.348649 0.001081 0.004054
0 0.559640 0.343243 0.001441 0.005405
0 0.561261 0.425676 0.042162 0.267568
0 0.575135 0.452365 0.051171 0.231757
0 0.589189 0.465203 0.039640 0.222297
0 0.627387 0.466554 0.047568 0.230405
0 0.672793 0.458108 0.045405 0.224324
0 0.706306 0.441216 0.049009 0.135135
0 0.499459 0.649662 0.019459 0.197973
0 0.515856 0.663851 0.021982 0.230405
0 0.532793 0.669595 0.027748 0.248649
0 0.556396 0.676014 0.038198 0.235811
0 0.604685 0.690203 0.039640 0.226351
0 0.649189 0.659122 0.072432 0.176351
0 0.698919 0.618581 0.077477 0.161486
0 0.482162 0.645270 0.021622 0.200000
0 0.464505 0.647297 0.020901 0.208108
0 0.443243 0.657432 0.022342 0.229730
0 0.418739 0.674324 0.030270 0.258108
0 0.396757 0.664527 0.035315 0.223649
0 0.362523 0.646284 0.041802 0.139865
0 0.321081 0.635473 0.062703 0.179054
0 0.277658 0.588514 0.068108 0.148649