0 0.478198 0.543581 0.027387 0.197973
0 0.456036 0.541554 0.023423 0.181757
0 0.434054 0.514189 0.030631 0.209459
0 0.410811 0.521622 0.028829 0.181081
0 0.389009 0.515203 0.031351 0.175000
0 0.364324 0.511486 0.046847 0.164865
0 0.341261 0.460473 0.072072 0.188514
0 0.325766 0.391554 0.054775 0.092568
0 0.507027 0.540541 0.027387 0.204054
0 0.524324 0.543919 0.033874 0.175676
0 0.543423 0.460135 0.030991 0.222973
0 0.570450 0.535811 0.036036 0.179730
0 0.589910 0.531419 0.036036 0.153378
0 0.612613 0.493919 0.056937 0.197297
0 0.638378 0.462162 0.082523 0.177027
0 0.657117 0.385473 0.060901 0.100676
0 0.500541 0.719595 0.020180 0.151351
0 0.519279 0.728378 0.018018 0.164865
0 0.541441 0.754730 0.030631 0.232432
0 0.561441 0.713851 0.035315 0.175000
0 0.586306 0.706757 0.060541 0.190541
0 0.625405 0.676014 0.078919 0.187162
0 0.667387 0.621959 0.075676 0.169595
0 0.719640 0.603716 0.050450 0.111486
0 0.487928 0.720608 0.014414 0.150676
0 0.470090 0.721622 0.018378 0.156757
0 0.448649 0.742230 0.028108 0.196622
0 0.425225 0.734459 0.028108 0.167568
0 0.392613 0.731757 0.042162 0.171622
0 0.358018 0.676689 0.068108 0.185811
0 0.312973 0.622635 0.065946 0.173649
0 0.267928 0.602365 0.048649 0.102027
0 0.547207 0.591892 0.022703 0.072973
0 0.401081 0.635135 0.038919 0.056757