0 0.474414 0.571284 0.027748 0.215541
0 0.464685 0.516892 0.024865 0.183784
0 0.452252 0.455405 0.028108 0.151351
0 0.431532 0.495608 0.031351 0.131757
0 0.407928 0.479392 0.033874 0.107432
0 0.377297 0.490541 0.059820 0.160811
0 0.360541 0.416892 0.055856 0.104054
0 0.504324 0.567905 0.029189 0.230405
0 0.520360 0.522297 0.024505 0.213514
0 0.530270 0.450000 0.027748 0.160811
0 0.551532 0.488176 0.035676 0.134459
0 0.573514 0.478716 0.035676 0.110135
0 0.608288 0.489527 0.058378 0.173649
0 0.623784 0.423986 0.056937 0.110135
0 0.504324 0.767568 0.016216 0.145946
0 0.523604 0.768581 0.018739 0.156081
0 0.547928 0.831419 0.042162 0.131757
0 0.573874 0.785135 0.037838 0.100000
0 0.607928 0.757770 0.040360 0.102027
0 0.637838 0.667230 0.092973 0.185811
0 0.691892 0.638176 0.062703 0.118243
0 0.485586 0.777027 0.017658 0.163514
0 0.466306 0.774662 0.020180 0.164189
0 0.440360 0.823311 0.045405 0.131757
0 0.412973 0.788851 0.038198 0.099324
0 0.381441 0.757095 0.040721 0.087162
0 0.349009 0.663176 0.092613 0.185811
0 0.297117 0.630068 0.059459 0.110135
0 0.446847 0.582770 0.023063 0.131757
0 0.426306 0.588176 0.027387 0.085811
0 0.401261 0.561486 0.037117 0.094595
0 0.540000 0.573311 0.021982 0.145270
0 0.556937 0.580405 0.037838 0.095946
0 0.584144 0.563514 0.039640 0.089189
0 0.542883 0.732432 0.026306 0.122973
0 0.565045 0.705405 0.042523 0.101351
0 0.593874 0.677027 0.063423 0.120270
0 0.444865 0.738514 0.027027 0.131081
0 0.421081 0.707770 0.042162 0.100676
0 0.395135 0.677365 0.055856 0.112838