0 0.479459 0.502365 0.030631 0.176351
0 0.456036 0.476014 0.028468 0.162838
0 0.437117 0.413176 0.036036 0.125000
0 0.422883 0.477365 0.040721 0.100676
0 0.399459 0.453041 0.037117 0.100676
0 0.346847 0.472635 0.001081 0.003378
0 0.356937 0.481081 0.048649 0.189189
0 0.336216 0.425676 0.051892 0.094595
0 0.510270 0.518919 0.030270 0.224324
0 0.531712 0.500338 0.029189 0.138514
0 0.556577 0.429730 0.035676 0.129730
0 0.574054 0.543581 0.041081 0.107432
0 0.592252 0.455068 0.042883 0.096622
0 0.637297 0.479054 0.056577 0.189189
0 0.658018 0.413176 0.057658 0.102027
0 0.507027 0.736824 0.022342 0.183108
0 0.526486 0.742230 0.024505 0.169595
0 0.556757 0.823311 0.054054 0.116892
0 0.579820 0.768919 0.041081 0.097297
0 0.622703 0.761149 0.048288 0.083108
0 0.653874 0.663176 0.083243 0.173649
0 0.707027 0.654392 0.059099 0.106081
0 0.485946 0.735811 0.019099 0.183784
0 0.463423 0.751351 0.024505 0.164865
0 0.426306 0.829054 0.051171 0.127027
0 0.411532 0.773986 0.038198 0.100676
0 0.370270 0.765203 0.034955 0.080405
0 0.339099 0.673986 0.076396 0.184459
0 0.287568 0.669257 0.054054 0.096622
0 0.456937 0.566554 0.018018 0.084459
0 0.437477 0.543581 0.026667 0.141216
0 0.418018 0.552365 0.028108 0.073649
0 0.392793 0.535135 0.040360 0.118919
0 0.534054 0.585135 0.017297 0.070270
0 0.553153 0.545946 0.023784 0.151351
0 0.605946 0.539527 0.045045 0.102027
0 0.548288 0.714189 0.024144 0.143243
0 0.574595 0.677703 0.040721 0.105405
0 0.605045 0.670608 0.058378 0.137162
0 0.438378 0.711486 0.024144 0.143243
0 0.417477 0.687500 0.033514 0.103378
0 0.386847 0.673649 0.055856 0.127027