0 0.464505 0.522973 0.032432 0.224324
0 0.406667 0.480405 0.032793 0.270270
0 0.383784 0.500676 0.038198 0.202703
0 0.350631 0.472973 0.048288 0.225676
0 0.315856 0.446622 0.054414 0.183784
0 0.299640 0.392568 0.047928 0.082432
0 0.494054 0.509459 0.029550 0.239189
0 0.527027 0.491892 0.034955 0.256757
0 0.558559 0.516554 0.047568 0.185811
0 0.598739 0.503378 0.056577 0.166216
0 0.638919 0.455743 0.059820 0.177703
0 0.659099 0.398311 0.061261 0.103378
0 0.501441 0.725676 0.021261 0.198649
0 0.517477 0.740878 0.025225 0.196622
0 0.538739 0.735135 0.028108 0.179730
0 0.562162 0.727703 0.031712 0.195946
0 0.627387 0.683446 0.088649 0.177703
0 0.667928 0.633784 0.089730 0.181081
0 0.718018 0.602365 0.060901 0.115541
0 0.481261 0.741216 0.019820 0.198649
0 0.461261 0.739865 0.022342 0.194595
0 0.434775 0.743919 0.032793 0.190541
0 0.414955 0.739527 0.030631 0.214189
0 0.347928 0.675000 0.094054 0.164865
0 0.307568 0.633108 0.093333 0.174324
0 0.262523 0.599324 0.066667 0.118919
0 0.435856 0.521284 0.021261 0.187162