0 0.476577 0.412500 0.029910 0.270946
0 0.447568 0.423986 0.025225 0.222297
0 0.415676 0.414189 0.036396 0.260811
0 0.391171 0.426689 0.039279 0.235811
0 0.361982 0.420270 0.037838 0.244595
0 0.325045 0.441892 0.051171 0.205405
0 0.280541 0.434797 0.050090 0.192568
0 0.247748 0.380743 0.058018 0.099324
0 0.506847 0.431419 0.027748 0.235811
0 0.530991 0.425000 0.029189 0.221622
0 0.562703 0.411824 0.034955 0.264189
0 0.589369 0.440203 0.037838 0.215541
0 0.619279 0.431419 0.037117 0.233108
0 0.658378 0.428041 0.051892 0.246622
0 0.704144 0.433446 0.050450 0.214189
0 0.736216 0.380068 0.050450 0.111486
0 0.499099 0.661824 0.021622 0.196622
0 0.509009 0.667568 0.030631 0.214865
0 0.530811 0.682770 0.033153 0.246622
0 0.558198 0.689189 0.030991 0.231081
0 0.583784 0.688176 0.037477 0.227703
0 0.626667 0.678378 0.066306 0.205405
0 0.681982 0.666216 0.070991 0.198649
0 0.734234 0.668919 0.060901 0.145946
0 0.484865 0.653716 0.019820 0.196622
0 0.465946 0.667568 0.020901 0.224324
0 0.444144 0.682095 0.024865 0.252027
0 0.419820 0.671622 0.036036 0.205405
0 0.389550 0.676351 0.042523 0.213514
0 0.349009 0.671959 0.067387 0.207432
0 0.296757 0.655405 0.067387 0.201351
0 0.241802 0.645608 0.061261 0.139865