0 0.470631 0.585135 0.031712 0.186486
0 0.439820 0.559797 0.027748 0.211486
0 0.415135 0.431419 0.043243 0.126351
0 0.402523 0.514865 0.035315 0.110811
0 0.372252 0.487838 0.042523 0.112162
0 0.328108 0.525000 0.045766 0.190541
0 0.304685 0.452365 0.052973 0.108784
0 0.506306 0.584797 0.032432 0.181757
0 0.531171 0.538851 0.028829 0.161486
0 0.554955 0.421959 0.048288 0.139865
0 0.566667 0.496284 0.048649 0.110135
0 0.609369 0.492230 0.043964 0.108784
0 0.652432 0.521622 0.059459 0.195946
0 0.672432 0.443919 0.049009 0.113514
0 0.505946 0.767230 0.023063 0.158784
0 0.528108 0.817230 0.029189 0.142568
0 0.560000 0.864865 0.049009 0.110811
0 0.576937 0.790541 0.038919 0.086486
0 0.617838 0.788176 0.038559 0.084459
0 0.655495 0.707770 0.078559 0.181757
0 0.711532 0.702703 0.056577 0.106757
0 0.481261 0.765541 0.019820 0.152703
0 0.460541 0.806757 0.024505 0.143243
0 0.427748 0.866216 0.043964 0.116216
0 0.409550 0.785135 0.032793 0.089189
0 0.370631 0.788176 0.036396 0.087162
0 0.331892 0.713514 0.076396 0.185135
0 0.273874 0.692905 0.051171 0.106081
0 0.412973 0.567568 0.026667 0.194595
0 0.392973 0.602027 0.032793 0.100000
0 0.363604 0.571959 0.037477 0.141216
0 0.558198 0.560473 0.029550 0.197973
0 0.585946 0.585135 0.051892 0.117568
0 0.613694 0.575000 0.050450 0.117568
0 0.527568 0.738176 0.015135 0.087162
0 0.549730 0.753716 0.020541 0.170946
0 0.577117 0.728716 0.039279 0.123649
0 0.610631 0.713176 0.058739 0.139865
0 0.461081 0.727703 0.019099 0.085135
0 0.439099 0.777027 0.024144 0.227027
0 0.409550 0.721622 0.041441 0.121622
0 0.378018 0.711824 0.053333 0.138514