0 0.484144 0.551014 0.029910 0.243919
0 0.457658 0.555405 0.026667 0.208108
0 0.434414 0.502027 0.031351 0.251351
0 0.412613 0.540878 0.037477 0.206081
0 0.387387 0.540203 0.037477 0.204730
0 0.354054 0.546284 0.050090 0.179054
0 0.317658 0.522297 0.060180 0.160811
0 0.293874 0.439527 0.047207 0.072297
0 0.512072 0.553378 0.027387 0.233784
0 0.533874 0.546622 0.027027 0.202703
0 0.556216 0.512838 0.029910 0.227027
0 0.577297 0.533784 0.034595 0.206757
0 0.602523 0.529392 0.036036 0.195270
0 0.635315 0.520270 0.049730 0.174324
0 0.673514 0.505743 0.056937 0.166892
0 0.698018 0.424662 0.048288 0.083108
0 0.504505 0.769932 0.020901 0.173649
0 0.523964 0.772635 0.023784 0.187162
0 0.545405 0.778378 0.026306 0.212162
0 0.568829 0.770608 0.032793 0.187162
0 0.601622 0.745946 0.053694 0.170270
0 0.642703 0.732770 0.087568 0.187162
0 0.686306 0.692568 0.073153 0.152703
0 0.485225 0.773986 0.019820 0.184459
0 0.465586 0.776014 0.022342 0.187162
0 0.444144 0.785811 0.026306 0.209459
0 0.418919 0.773311 0.032793 0.175000
0 0.387387 0.763514 0.051892 0.175676
0 0.349910 0.754054 0.086486 0.183784
0 0.309550 0.709122 0.074955 0.165541
0 0.256396 0.689527 0.045045 0.095270