0 0.471712 0.496959 0.032432 0.239865
0 0.443784 0.495270 0.027748 0.217568
0 0.416937 0.494257 0.030270 0.218243
0 0.394234 0.504054 0.033874 0.190541
0 0.366486 0.507432 0.036757 0.171622
0 0.333514 0.489189 0.043604 0.174324
0 0.296396 0.471622 0.047207 0.158108
0 0.287748 0.380405 0.034955 0.059459
0 0.501622 0.498311 0.030991 0.225000
0 0.524685 0.489527 0.033874 0.216892
0 0.550991 0.472635 0.036757 0.250676
0 0.571351 0.494932 0.046486 0.197973
0 0.602883 0.492568 0.043243 0.193243
0 0.637477 0.488851 0.053333 0.175000
0 0.680901 0.465541 0.052252 0.172973
0 0.505766 0.712162 0.021982 0.168919
0 0.523243 0.717568 0.029550 0.181081
0 0.543243 0.722635 0.033514 0.204730
0 0.566126 0.713514 0.036036 0.179730
0 0.594414 0.713851 0.044324 0.187162
0 0.642342 0.689189 0.078919 0.187838
0 0.688829 0.654730 0.071712 0.163514
0 0.485225 0.709459 0.020541 0.166216
0 0.465946 0.723311 0.023063 0.177703
0 0.441982 0.732432 0.027748 0.202703
0 0.418919 0.716216 0.028468 0.179730
0 0.386306 0.727365 0.043964 0.207432
0 0.351712 0.694595 0.064144 0.201351
0 0.302703 0.650338 0.071351 0.166892