0 0.496216 0.419257 0.030270 0.261486
0 0.471892 0.441892 0.022703 0.204054
0 0.450270 0.408784 0.029910 0.267568
0 0.427748 0.432095 0.035315 0.211486
0 0.400901 0.431419 0.039279 0.200676
0 0.366667 0.444932 0.050811 0.176351
0 0.318559 0.423311 0.051171 0.195270
0 0.310090 0.330068 0.062342 0.118243
0 0.525225 0.424324 0.029910 0.255405
0 0.550811 0.442230 0.022703 0.211486
0 0.573514 0.430068 0.026306 0.234459
0 0.596577 0.441216 0.030631 0.205405
0 0.620541 0.445946 0.029550 0.179730
0 0.649369 0.439527 0.046126 0.189865
0 0.692973 0.426351 0.046847 0.186486
0 0.705766 0.364189 0.055135 0.135135
0 0.518198 0.675676 0.021622 0.160811
0 0.535135 0.681081 0.023063 0.177027
0 0.556396 0.688851 0.030991 0.199324
0 0.577297 0.676351 0.028829 0.182432
0 0.577658 0.674662 0.029550 0.173649
0 0.642162 0.658446 0.069189 0.176351
0 0.687568 0.626689 0.071351 0.169595
0 0.739099 0.624662 0.059099 0.119595
0 0.498559 0.673986 0.020541 0.169595
0 0.479099 0.673986 0.021982 0.172297
0 0.458018 0.680405 0.028108 0.190541
0 0.434054 0.667905 0.032072 0.176351
0 0.409009 0.670270 0.039640 0.191892
0 0.367387 0.660473 0.071712 0.191216
0 0.312072 0.637162 0.080721 0.183784
0 0.257117 0.634122 0.055135 0.115541