0 0.480721 0.547635 0.025225 0.229054
0 0.456757 0.545270 0.021261 0.202703
0 0.435315 0.452027 0.031712 0.140541
0 0.419640 0.519932 0.036396 0.091216
0 0.391892 0.494595 0.040721 0.086486
0 0.354414 0.523986 0.050090 0.169595
0 0.328829 0.467230 0.048649 0.099324
0 0.508108 0.544595 0.025225 0.229730
0 0.526847 0.533446 0.028829 0.204730
0 0.547928 0.443581 0.033514 0.146622
0 0.560721 0.502365 0.039640 0.100676
0 0.590090 0.485473 0.046486 0.089865
0 0.631712 0.513176 0.053333 0.181757
0 0.661441 0.462500 0.052973 0.102027
0 0.500180 0.771959 0.017297 0.185811
0 0.514955 0.772297 0.023063 0.167568
0 0.532072 0.848986 0.032072 0.116892
0 0.557658 0.801014 0.034234 0.083108
0 0.592613 0.797635 0.039279 0.083108
0 0.626667 0.717568 0.081441 0.164865
0 0.673153 0.698311 0.051892 0.093919
0 0.483423 0.766216 0.016937 0.172973
0 0.468649 0.789527 0.018378 0.181757
0 0.448468 0.844257 0.027027 0.119595
0 0.423784 0.802703 0.034595 0.087838
0 0.388288 0.800338 0.035676 0.085811
0 0.357477 0.717568 0.076396 0.164865
0 0.312252 0.693581 0.047928 0.099324
0 0.435856 0.561824 0.024144 0.185811
0 0.416036 0.594257 0.034234 0.096622
0 0.389009 0.570270 0.042883 0.117568
0 0.547387 0.551689 0.024505 0.183108
0 0.566667 0.576689 0.034955 0.111486
0 0.593694 0.559459 0.044324 0.122973
0 0.531171 0.745946 0.018739 0.136486
0 0.553514 0.726014 0.038198 0.110135
0 0.584865 0.716554 0.062703 0.122297
0 0.452973 0.753378 0.018018 0.140541
0 0.430450 0.729730 0.036396 0.100000
0 0.398739 0.721284 0.055856 0.122297