0 0.495676 0.498649 0.031351 0.268919
0 0.473333 0.507432 0.029189 0.232432
0 0.451351 0.462500 0.032072 0.277703
0 0.438559 0.492905 0.041081 0.239865
0 0.410631 0.485135 0.042162 0.251351
0 0.377477 0.495946 0.052252 0.204054
0 0.343784 0.455068 0.054054 0.157432
0 0.317477 0.388176 0.044685 0.060135
0 0.523243 0.497297 0.036036 0.266216
0 0.540360 0.502703 0.047207 0.222973
0 0.560901 0.450338 0.029189 0.250676
0 0.574595 0.494257 0.044324 0.214189
0 0.598559 0.474662 0.040360 0.249324
0 0.632613 0.458446 0.051532 0.256081
0 0.667027 0.441216 0.048288 0.156757
0 0.703063 0.385811 0.041802 0.082432
0 0.509550 0.722635 0.018018 0.141216
0 0.524505 0.728378 0.023423 0.186486
0 0.549189 0.756757 0.030991 0.248649
0 0.571712 0.726014 0.040721 0.191216
0 0.603784 0.710135 0.051532 0.160811
0 0.653153 0.695270 0.089730 0.190541
0 0.701261 0.673649 0.074234 0.156757
0 0.750270 0.605405 0.040360 0.077027
0 0.492973 0.727703 0.022342 0.160811
0 0.474775 0.736149 0.024144 0.187162
0 0.453694 0.756419 0.030270 0.234459
0 0.425766 0.743243 0.034955 0.197297
0 0.373153 0.710135 0.001081 0.006757
0 0.391532 0.728041 0.053694 0.173649
0 0.349550 0.705068 0.084324 0.197973
0 0.297838 0.680743 0.073153 0.149324
0 0.256036 0.620608 0.043604 0.081757