0 0.489009 0.501351 0.032432 0.232432
0 0.462703 0.482432 0.028829 0.239189
0 0.433153 0.458784 0.033153 0.275676
0 0.408468 0.485811 0.042162 0.193243
0 0.379640 0.455405 0.038559 0.240541
0 0.346126 0.467568 0.045766 0.195946
0 0.309369 0.445270 0.053694 0.200000
0 0.287027 0.394257 0.046486 0.092568
0 0.521982 0.494595 0.034234 0.255405
0 0.548649 0.491216 0.039279 0.240541
0 0.569369 0.414189 0.091532 0.216216
0 0.592793 0.495608 0.037477 0.206081
0 0.621441 0.470270 0.034955 0.231081
0 0.649910 0.464527 0.050811 0.220946
0 0.687027 0.449662 0.048649 0.204730
0 0.709910 0.399662 0.040360 0.100676
0 0.505946 0.731757 0.023063 0.206757
0 0.527387 0.736824 0.024144 0.204730
0 0.550270 0.743581 0.026667 0.252027
0 0.575315 0.719932 0.028468 0.181757
0 0.603423 0.718581 0.040000 0.192568
0 0.644324 0.695270 0.072072 0.190541
0 0.689730 0.659459 0.074234 0.177027
0 0.740000 0.640878 0.058018 0.114189
0 0.486847 0.729392 0.023063 0.203378
0 0.469189 0.729730 0.025946 0.216216
0 0.441622 0.754054 0.034234 0.268919
0 0.420000 0.724662 0.032793 0.220946
0 0.389369 0.711486 0.055856 0.210811
0 0.351351 0.687838 0.079279 0.193243
0 0.306667 0.654392 0.069910 0.183108
0 0.254054 0.640541 0.058378 0.110811