0 0.463944 0.723547 0.031895 0.155905
0 0.259315 0.693095 0.072173 0.129108
0 0.687735 0.397666 0.062425 0.132885
0 0.513964 0.521905 0.051387 0.208405
0 0.383423 0.513378 0.044822 0.171865
0 0.474337 0.531645 0.047485 0.213277
0 0.619200 0.494497 0.047488 0.143845
0 0.658827 0.461000 0.061777 0.191351
0 0.441207 0.525557 0.038393 0.205966
0 0.394759 0.732682 0.046836 0.142514
0 0.656261 0.716848 0.059117 0.132764
0 0.585422 0.490233 0.056580 0.166993
0 0.576359 0.719895 0.055218 0.187574
0 0.768288 0.565203 0.057232 0.099878
0 0.430488 0.741209 0.044241 0.169311
0 0.361953 0.710760 0.051387 0.132764
0 0.544820 0.496932 0.059831 0.199878
0 0.738114 0.644375 0.070807 0.129115
0 0.540923 0.722331 0.031243 0.172959
0 0.561059 0.401929 0.044238 0.177953
0 0.227809 0.634628 0.054631 0.099878
0 0.410676 0.583412 0.035795 0.082946
0 0.515912 0.716236 0.027996 0.146162
0 0.594515 0.637068 0.038393 0.056027
0 0.489604 0.727811 0.029946 0.162000
0 0.319730 0.685791 0.082566 0.182703
0 0.684196 0.652902 0.094195 0.175399
0 0.291470 0.418980 0.054631 0.148716
0 0.410025 0.459172 0.051387 0.177953
0 0.316189 0.499976 0.061063 0.169426
0 0.354191 0.496324 0.043524 0.159689
0 0.614038 0.718068 0.051319 0.152257