0 0.481622 0.457432 0.029189 0.231081
0 0.458378 0.468243 0.023063 0.194595
0 0.439820 0.443243 0.032072 0.263514
0 0.416937 0.457432 0.039640 0.206757
0 0.391712 0.445608 0.039640 0.207432
0 0.358739 0.410473 0.052973 0.238514
0 0.315315 0.403716 0.050450 0.185811
0 0.296216 0.321284 0.049009 0.085811
0 0.509550 0.453716 0.027387 0.233108
0 0.530991 0.454730 0.024865 0.212162
0 0.550090 0.440203 0.029910 0.245270
0 0.576577 0.446284 0.041081 0.214189
0 0.600000 0.438514 0.042523 0.194595
0 0.636757 0.408446 0.053333 0.226351
0 0.676757 0.402027 0.059820 0.178378
0 0.695315 0.314865 0.050090 0.086486
0 0.495315 0.673649 0.032072 0.178378
0 0.513874 0.685135 0.042523 0.177027
0 0.542342 0.714865 0.038198 0.189189
0 0.568108 0.709797 0.045045 0.187162
0 0.597658 0.695608 0.059459 0.191216
0 0.645586 0.661486 0.098378 0.204054
0 0.700180 0.620946 0.085766 0.182432
0 0.751712 0.582095 0.061261 0.116892
0 0.477297 0.673311 0.024865 0.161486
0 0.452973 0.681757 0.028108 0.175676
0 0.429730 0.713176 0.032072 0.207432
0 0.400180 0.712838 0.040000 0.187838
0 0.369189 0.693243 0.060180 0.182432
0 0.327027 0.656081 0.090450 0.193243
0 0.284505 0.618919 0.076757 0.181081
0 0.237838 0.583108 0.047568 0.109459