0 0.479099 0.465203 0.030631 0.257432
0 0.451351 0.462838 0.027027 0.229730
0 0.425225 0.431757 0.030991 0.275676
0 0.405946 0.444595 0.042162 0.233784
0 0.378559 0.439865 0.040000 0.213514
0 0.340000 0.442568 0.051532 0.187838
0 0.301441 0.404392 0.063063 0.225000
0 0.279459 0.321284 0.053694 0.093919
0 0.509730 0.462500 0.032072 0.261486
0 0.535856 0.446622 0.033874 0.248649
0 0.562162 0.417230 0.030991 0.277703
0 0.578018 0.434122 0.045405 0.243919
0 0.605405 0.428041 0.041802 0.229054
0 0.641622 0.407432 0.055135 0.235135
0 0.688288 0.400676 0.051171 0.195946
0 0.711532 0.312162 0.056577 0.085135
0 0.506847 0.691892 0.019099 0.177027
0 0.525766 0.700000 0.023063 0.209459
0 0.551532 0.711149 0.030631 0.257432
0 0.576216 0.690203 0.038198 0.219595
0 0.604685 0.676351 0.044685 0.218919
0 0.657838 0.657432 0.101261 0.227027
0 0.708108 0.618919 0.086486 0.198649
0 0.755676 0.585811 0.051892 0.118919
0 0.487928 0.691892 0.020180 0.177027
0 0.464865 0.698649 0.022342 0.193243
0 0.442883 0.693919 0.027387 0.214865
0 0.415315 0.698986 0.034955 0.216892
0 0.384144 0.683446 0.048288 0.214189
0 0.339279 0.668919 0.085405 0.222973
0 0.286306 0.631757 0.081802 0.197297
0 0.241081 0.598986 0.054775 0.118243