0 0.471892 0.507432 0.031351 0.195946
0 0.445045 0.492568 0.030270 0.232432
0 0.434414 0.486824 0.046486 0.210135
0 0.398018 0.499324 0.035676 0.198649
0 0.371892 0.506757 0.039640 0.183784
0 0.330270 0.498649 0.050811 0.182432
0 0.290270 0.462838 0.046486 0.195946
0 0.272252 0.397635 0.040000 0.126351
0 0.496577 0.512162 0.041802 0.201351
0 0.528649 0.508446 0.030270 0.206081
0 0.557477 0.486149 0.038919 0.229054
0 0.580541 0.507095 0.044685 0.196622
0 0.605405 0.490541 0.040360 0.221622
0 0.641802 0.493581 0.054775 0.197973
0 0.688468 0.495946 0.047207 0.168919
0 0.713874 0.408108 0.043243 0.144595
0 0.497297 0.692905 0.026667 0.152027
0 0.514955 0.707095 0.046126 0.168243
0 0.547027 0.718919 0.042523 0.182432
0 0.575856 0.729392 0.039640 0.202027
0 0.612252 0.733108 0.047568 0.189189
0 0.657117 0.725000 0.068829 0.193243
0 0.709189 0.722297 0.057658 0.164865
0 0.760721 0.667230 0.060541 0.110135
0 0.473874 0.703041 0.023784 0.176351
0 0.449009 0.706419 0.028829 0.157432
0 0.418739 0.735811 0.036757 0.202703
0 0.391712 0.732095 0.036757 0.206081
0 0.360180 0.728041 0.046486 0.188514
0 0.313514 0.702703 0.069189 0.178378
0 0.269009 0.671622 0.055135 0.163514
0 0.220901 0.642568 0.056216 0.105405