0 0.483604 0.553041 0.031712 0.222297
0 0.458739 0.530068 0.027387 0.150676
0 0.440000 0.448649 0.030270 0.139189
0 0.417658 0.512162 0.038919 0.116216
0 0.390631 0.526689 0.045405 0.091216
0 0.349730 0.523649 0.052252 0.163514
0 0.327387 0.445946 0.048649 0.109459
0 0.516757 0.551689 0.029550 0.222297
0 0.543964 0.563514 0.031351 0.152703
0 0.567387 0.464865 0.032793 0.137838
0 0.583423 0.521284 0.036036 0.115541
0 0.611171 0.507095 0.036036 0.104730
0 0.651351 0.525338 0.058018 0.177703
0 0.677477 0.465878 0.047568 0.102027
0 0.513333 0.755405 0.021982 0.166216
0 0.530450 0.763514 0.025225 0.167568
0 0.553153 0.850338 0.030991 0.137162
0 0.580721 0.806757 0.035676 0.108108
0 0.622342 0.805405 0.049730 0.089189
0 0.653333 0.715541 0.080000 0.172973
0 0.706667 0.712838 0.055495 0.104054
0 0.513514 0.763514 0.023063 0.181081
0 0.475495 0.763851 0.027027 0.175000
0 0.451532 0.839189 0.037477 0.139189
0 0.429009 0.769595 0.029910 0.083784
0 0.385766 0.795946 0.045766 0.094595
0 0.348829 0.712162 0.076396 0.174324
0 0.297658 0.710811 0.049730 0.101351
0 0.439099 0.582095 0.028468 0.131757
0 0.417658 0.600000 0.038198 0.093243
0 0.389369 0.585135 0.042883 0.079730
0 0.567387 0.577365 0.027748 0.156081
0 0.588108 0.596622 0.039640 0.108108
0 0.615135 0.588851 0.046847 0.096622
0 0.551892 0.749324 0.027027 0.131081
0 0.574955 0.730743 0.041441 0.106081
0 0.607748 0.720270 0.060901 0.124324
0 0.456757 0.741554 0.023423 0.134459
0 0.432432 0.708784 0.041802 0.081081
0 0.396036 0.716216 0.061982 0.121622