0 0.477838 0.516554 0.038919 0.252027
0 0.455676 0.531081 0.027027 0.201351
0 0.430631 0.488851 0.033874 0.270946
0 0.405405 0.506419 0.034595 0.216892
0 0.377838 0.500676 0.034955 0.218919
0 0.341982 0.492905 0.046847 0.199324
0 0.315135 0.466554 0.063784 0.180405
0 0.301982 0.404054 0.053333 0.095946
0 0.512072 0.517905 0.029550 0.246622
0 0.534775 0.519595 0.033153 0.206757
0 0.563243 0.490203 0.032432 0.257432
0 0.584865 0.496959 0.038919 0.235811
0 0.611351 0.497297 0.037117 0.217568
0 0.645405 0.488176 0.048288 0.204730
0 0.678018 0.463176 0.061622 0.189865
0 0.697297 0.408784 0.054054 0.094595
0 0.505766 0.729730 0.016937 0.152703
0 0.523243 0.730405 0.022342 0.167568
0 0.548288 0.747297 0.029910 0.218919
0 0.571712 0.726351 0.038559 0.194595
0 0.603243 0.723649 0.064144 0.214865
0 0.643604 0.700000 0.086486 0.214865
0 0.681441 0.657095 0.069189 0.185811
0 0.729910 0.632095 0.052973 0.106081
0 0.488288 0.729392 0.017297 0.150676
0 0.470991 0.737838 0.020180 0.171622
0 0.444685 0.747635 0.033153 0.223649
0 0.422883 0.729392 0.039279 0.210135
0 0.396036 0.724662 0.043964 0.208784
0 0.354595 0.702365 0.069910 0.195270
0 0.308108 0.655743 0.074955 0.169595
0 0.263964 0.646284 0.052252 0.103378