0 0.593541 0.495108 0.041640 0.225459
0 0.706605 0.646811 0.087049 0.172959
0 0.532477 0.504240 0.045539 0.221804
0 0.615659 0.730247 0.080551 0.161993
0 0.309659 0.408017 0.065027 0.148723
0 0.475636 0.738757 0.035791 0.218054
0 0.433735 0.461611 0.041640 0.202318
0 0.686762 0.408628 0.065676 0.164554
0 0.565640 0.453084 0.038977 0.265655
0 0.531178 0.722328 0.029946 0.168088
0 0.653631 0.482926 0.056580 0.198662
0 0.755620 0.616358 0.059182 0.136419
0 0.449002 0.747301 0.040987 0.179047
0 0.461052 0.509115 0.037679 0.219365
0 0.431787 0.715632 0.042941 0.176615
0 0.577332 0.715020 0.061063 0.190014
0 0.498047 0.732071 0.024750 0.194885
0 0.650414 0.690054 0.092894 0.191230
0 0.512663 0.524341 0.033196 0.242507
0 0.487656 0.520084 0.029942 0.246182
0 0.390537 0.495105 0.051387 0.213277
0 0.412948 0.509723 0.048137 0.205973
0 0.351593 0.477446 0.064310 0.190135
0 0.618876 0.503632 0.044238 0.193791
0 0.552292 0.760696 0.038393 0.208284
0 0.514939 0.718068 0.026050 0.162000
0 0.402229 0.637068 0.044890 0.043851
0 0.352209 0.677872 0.077369 0.196108
0 0.295045 0.630976 0.082566 0.168088
0 0.395085 0.721111 0.064375 0.143723
0 0.244697 0.593216 0.050735 0.109622
0 0.588703 0.635240 0.057816 0.047507