0 0.480000 0.401689 0.027387 0.276351
0 0.459099 0.411149 0.023063 0.253378
0 0.435315 0.406081 0.028829 0.258108
0 0.413694 0.417905 0.046126 0.229054
0 0.392793 0.443919 0.041802 0.166216
0 0.354595 0.439865 0.060541 0.198649
0 0.309009 0.422297 0.048649 0.197297
0 0.276396 0.326014 0.041081 0.083108
0 0.503784 0.392905 0.030991 0.293919
0 0.527748 0.403041 0.026306 0.243919
0 0.550450 0.389527 0.032072 0.260135
0 0.570090 0.402365 0.038198 0.229054
0 0.588108 0.407095 0.036036 0.219595
0 0.625586 0.425338 0.055495 0.187162
0 0.667928 0.421622 0.042162 0.210811
0 0.694955 0.342568 0.045766 0.085135
0 0.501982 0.646284 0.019459 0.184459
0 0.514775 0.664527 0.032793 0.223649
0 0.536937 0.681419 0.036757 0.254730
0 0.564865 0.664527 0.034234 0.195270
0 0.592973 0.662500 0.036396 0.193919
0 0.627928 0.645946 0.072432 0.179730
0 0.673333 0.621959 0.063063 0.166892
0 0.727207 0.614527 0.046847 0.093919
0 0.485586 0.644595 0.018378 0.179730
0 0.469369 0.652365 0.027027 0.196622
0 0.452793 0.691216 0.038559 0.270270
0 0.424505 0.662500 0.028829 0.191216
0 0.404324 0.654054 0.035315 0.185135
0 0.335495 0.632095 0.065586 0.172297
0 0.273333 0.641554 0.058739 0.119595