0 0.493499 0.490841 0.039041 0.204750
0 0.515586 0.490841 0.033845 0.195007
0 0.539299 0.487189 0.040991 0.190135
0 0.559225 0.477980 0.048137 0.199878
0 0.585746 0.487193 0.041640 0.168209
0 0.527638 0.697358 0.031831 0.200973
0 0.617901 0.496932 0.059182 0.175514
0 0.657602 0.489716 0.066324 0.153595
0 0.683908 0.625510 0.070807 0.129115
0 0.650416 0.682135 0.088998 0.180270
0 0.580256 0.697966 0.053917 0.199757
0 0.550697 0.701622 0.036378 0.207068
0 0.514321 0.690659 0.023387 0.168088
0 0.498405 0.675436 0.021438 0.132764
0 0.483141 0.680919 0.016890 0.146162
0 0.467550 0.669345 0.029881 0.137635
0 0.447085 0.688223 0.029232 0.153473
0 0.423919 0.700645 0.040486 0.175872
0 0.401580 0.702233 0.037092 0.193669
0 0.365850 0.697970 0.061777 0.175399
0 0.324600 0.682145 0.059831 0.177804
0 0.284975 0.654730 0.057229 0.137635
0 0.673119 0.414108 0.051384 0.126797
0 0.298616 0.417152 0.050732 0.123142
0 0.311283 0.492672 0.044886 0.186480
0 0.351236 0.503024 0.044238 0.177953
0 0.381768 0.509723 0.036443 0.157243
0 0.405804 0.513375 0.032544 0.159682
0 0.423993 0.506676 0.029946 0.190135
0 0.446077 0.501196 0.036443 0.191351
0 0.472458 0.495716 0.036951 0.209622