0 0.475495 0.560811 0.034955 0.222973
0 0.453874 0.526014 0.037838 0.118243
0 0.426667 0.450000 0.043243 0.127027
0 0.410270 0.509459 0.043604 0.109459
0 0.376757 0.493919 0.037838 0.093243
0 0.332432 0.503041 0.060180 0.179054
0 0.312432 0.442568 0.054054 0.102703
0 0.512793 0.549662 0.035315 0.246622
0 0.532793 0.526351 0.036396 0.128378
0 0.567928 0.464865 0.037477 0.124324
0 0.581982 0.520270 0.046126 0.104054
0 0.604865 0.488851 0.047207 0.091216
0 0.658198 0.515541 0.058739 0.159459
0 0.682342 0.456757 0.050811 0.100000
0 0.498378 0.770608 0.024505 0.165541
0 0.518559 0.777703 0.027387 0.175676
0 0.541622 0.829730 0.038919 0.109459
0 0.576216 0.796622 0.043243 0.086486
0 0.621622 0.779730 0.044685 0.082432
0 0.660541 0.707095 0.090090 0.179054
0 0.715315 0.684459 0.056216 0.104054
0 0.478018 0.766892 0.021982 0.160811
0 0.456577 0.777703 0.024505 0.189189
0 0.416396 0.829730 0.042162 0.120270
0 0.390090 0.789189 0.040000 0.097297
0 0.347207 0.771284 0.035676 0.083108
0 0.315676 0.694932 0.079279 0.175000
0 0.266306 0.668243 0.051892 0.100000
0 0.450631 0.604730 0.025586 0.102703
0 0.425586 0.563851 0.029550 0.170946
0 0.403063 0.581757 0.039279 0.097297
0 0.370631 0.559459 0.040000 0.120270
0 0.532252 0.614527 0.028108 0.077703
0 0.558739 0.566216 0.030631 0.168919
0 0.587387 0.589189 0.040360 0.087838
0 0.616577 0.563851 0.051892 0.123649
0 0.545225 0.748986 0.026667 0.141216
0 0.570811 0.724662 0.041802 0.097973
0 0.611892 0.721622 0.072072 0.137838
0 0.433874 0.745270 0.023784 0.144595
0 0.400901 0.716216 0.048649 0.105405
0 0.362883 0.705743 0.069910 0.138514