0 0.475856 0.470608 0.035676 0.176351
0 0.456036 0.472973 0.029910 0.131081
0 0.424324 0.403716 0.042162 0.115541
0 0.414775 0.490878 0.037477 0.081757
0 0.392793 0.481419 0.038198 0.081757
0 0.350631 0.483784 0.052613 0.160811
0 0.320360 0.416554 0.057658 0.103378
0 0.519820 0.500338 0.029189 0.193919
0 0.544505 0.465878 0.030270 0.131757
0 0.573153 0.404392 0.038559 0.116892
0 0.585586 0.481757 0.039640 0.082432
0 0.606847 0.466892 0.041081 0.071622
0 0.645586 0.467568 0.050090 0.158108
0 0.680721 0.409122 0.051171 0.110135
0 0.512613 0.739865 0.021261 0.152703
0 0.531532 0.748649 0.025225 0.189189
0 0.559279 0.822297 0.036036 0.133784
0 0.587207 0.772635 0.038559 0.081757
0 0.668649 0.696284 0.073153 0.177703
0 0.719279 0.673649 0.049730 0.095946
0 0.491712 0.745946 0.021982 0.158108
0 0.470450 0.745270 0.024865 0.166216
0 0.443964 0.831757 0.038198 0.132432
0 0.418919 0.779392 0.032072 0.081757
0 0.336757 0.697973 0.082523 0.179730
0 0.277117 0.694932 0.051892 0.097973
0 0.491351 0.505743 0.022703 0.204730
0 0.459459 0.554730 0.018018 0.113514
0 0.436937 0.533446 0.027748 0.154730
0 0.414775 0.557770 0.037477 0.103378
0 0.389730 0.559797 0.043604 0.108784
0 0.542342 0.557432 0.018018 0.091892
0 0.563604 0.520946 0.026667 0.168919
0 0.584865 0.546959 0.032432 0.110135
0 0.610811 0.545946 0.045405 0.114865
0 0.552072 0.718919 0.023784 0.154054
0 0.576757 0.693581 0.039279 0.115541
0 0.614414 0.695270 0.061982 0.145946
0 0.449910 0.715203 0.026306 0.143919
0 0.425946 0.694595 0.040360 0.106757
0 0.391171 0.696622 0.063063 0.121622