0 0.496577 0.433446 0.028829 0.219595
0 0.468108 0.431081 0.026667 0.204054
0 0.441982 0.421284 0.030631 0.231757
0 0.420901 0.428041 0.037477 0.208784
0 0.392613 0.429730 0.040000 0.200000
0 0.360901 0.414527 0.055135 0.195270
0 0.315676 0.412838 0.054054 0.178378
0 0.292793 0.346284 0.058018 0.143919
0 0.520901 0.424324 0.029189 0.231081
0 0.880180 0.536486 0.025586 0.163514
0 0.544865 0.424324 0.028829 0.202703
0 0.482342 0.225338 0.059459 0.076351
0 0.572252 0.434122 0.029550 0.257432
0 0.469189 0.417905 0.028108 0.226351
0 0.438198 0.442568 0.045405 0.227027
0 0.591532 0.415541 0.034234 0.222973
0 0.419459 0.438176 0.036757 0.197973
0 0.614955 0.413176 0.036396 0.212838
0 0.394414 0.451351 0.038559 0.237838
0 0.647928 0.408108 0.049009 0.194595
0 0.356396 0.439527 0.067027 0.202027
0 0.690631 0.395608 0.048649 0.191216
0 0.318919 0.411149 0.056937 0.179054
0 0.716757 0.339527 0.054054 0.130405
0 0.500360 0.629054 0.016937 0.145946
0 0.517838 0.633784 0.018018 0.151351
0 0.532793 0.654392 0.034234 0.214189
0 0.559640 0.633784 0.030991 0.187838
0 0.582703 0.634797 0.044685 0.202027
0 0.623423 0.613176 0.076396 0.180405
0 0.673694 0.597973 0.070991 0.190541
0 0.730991 0.570270 0.074595 0.137838
0 0.293874 0.348986 0.059459 0.137162
0 0.481441 0.624324 0.020180 0.129730
0 0.468649 0.638176 0.022703 0.185811
0 0.447387 0.683784 0.025586 0.262162
0 0.429730 0.654054 0.032072 0.225676
0 0.404324 0.635135 0.038919 0.193243
0 0.361802 0.618919 0.077838 0.186486
0 0.317658 0.598986 0.068829 0.179054
0 0.263964 0.579054 0.065946 0.136486
0 0.295135 0.347635 0.060541 0.137162