0 0.264054 0.624818 0.075445 0.137459
0 0.401422 0.749595 0.045553 0.210851
0 0.619571 0.765608 0.053384 0.162811
0 0.676867 0.374527 0.079715 0.146932
0 0.659784 0.760270 0.052670 0.136122
0 0.439856 0.664855 0.039856 0.121439
0 0.426686 0.542010 0.039146 0.142926
0 0.351955 0.456601 0.044840 0.236338
0 0.501065 0.737584 0.035586 0.226872
0 0.441279 0.798973 0.044130 0.184162
0 0.315656 0.658182 0.114591 0.222865
0 0.473663 0.747595 0.032025 0.238878
0 0.395371 0.517321 0.063348 0.160277
0 0.488609 0.489963 0.040569 0.279047
0 0.579357 0.796304 0.054094 0.186838
0 0.319214 0.369193 0.067618 0.176291
0 0.456225 0.484625 0.034166 0.220331
0 0.353378 0.752267 0.053380 0.149466
0 0.525265 0.499973 0.045550 0.264365
0 0.623130 0.550017 0.053380 0.110899
0 0.389677 0.419236 0.041993 0.145595
0 0.432027 0.380534 0.056941 0.209649
0 0.700353 0.656179 0.099647 0.202845
0 0.619214 0.432581 0.056937 0.172284
0 0.520995 0.738253 0.031315 0.214858
0 0.553733 0.487294 0.055517 0.231007
0 0.655159 0.453264 0.074735 0.216324
0 0.547683 0.741588 0.032029 0.226865
0 0.577222 0.424574 0.052670 0.223000
0 0.745906 0.633493 0.072598 0.146797
0 0.580780 0.684203 0.037013 0.136122