0 0.476937 0.480405 0.029910 0.259459
0 0.452793 0.471284 0.029189 0.227703
0 0.429009 0.450676 0.035676 0.263514
0 0.403423 0.454730 0.042883 0.204054
0 0.368468 0.442568 0.054414 0.189189
0 0.323964 0.430743 0.059099 0.185811
0 0.506667 0.480743 0.029550 0.254730
0 0.529009 0.449324 0.031712 0.266216
0 0.554234 0.444932 0.034595 0.272297
0 0.574775 0.482770 0.049009 0.175000
0 0.609730 0.442905 0.059099 0.210135
0 0.662342 0.435135 0.056216 0.191892
0 0.495495 0.731081 0.023784 0.220270
0 0.513874 0.730405 0.024505 0.210811
0 0.533514 0.740541 0.026306 0.241892
0 0.554775 0.728041 0.035676 0.227703
0 0.580541 0.700676 0.057658 0.197297
0 0.625586 0.688514 0.082162 0.179730
0 0.673694 0.635135 0.086126 0.186486
0 0.721802 0.605405 0.055495 0.124324
0 0.476036 0.736149 0.019459 0.227703
0 0.457838 0.725000 0.024144 0.206757
0 0.435856 0.733784 0.027748 0.251351
0 0.409189 0.706081 0.034234 0.200000
0 0.371892 0.687838 0.047568 0.190541
0 0.327027 0.626351 0.085405 0.177027
0 0.280360 0.595946 0.061982 0.133784