0 0.465586 0.553041 0.032432 0.234459
0 0.442883 0.525676 0.030270 0.202703
0 0.427568 0.469257 0.032072 0.119595
0 0.397658 0.529054 0.030631 0.093243
0 0.381261 0.500676 0.033874 0.098649
0 0.343604 0.520946 0.049369 0.175676
0 0.318378 0.467230 0.046486 0.100676
0 0.495495 0.545946 0.029550 0.254054
0 0.519099 0.529054 0.030631 0.175676
0 0.539459 0.459797 0.038198 0.129054
0 0.558378 0.520270 0.044324 0.108108
0 0.580000 0.496959 0.051532 0.106081
0 0.621441 0.520270 0.062342 0.204054
0 0.651532 0.458446 0.058378 0.118243
0 0.495856 0.763514 0.023784 0.175676
0 0.513694 0.755743 0.035676 0.166892
0 0.530991 0.819257 0.032793 0.127703
0 0.565766 0.722297 0.036757 0.098649
0 0.598739 0.779730 0.038559 0.085135
0 0.637477 0.717230 0.095856 0.187162
0 0.692973 0.698986 0.056216 0.106081
0 0.479459 0.769932 0.021982 0.188514
0 0.460901 0.771622 0.021622 0.182432
0 0.436937 0.832095 0.037117 0.125000
0 0.414054 0.778378 0.030991 0.093243
0 0.375676 0.772973 0.035676 0.083784
0 0.341802 0.712162 0.081081 0.181081
0 0.293874 0.681419 0.050090 0.095270
0 0.416396 0.563514 0.027027 0.164865
0 0.397297 0.600338 0.028468 0.083108
0 0.376937 0.580743 0.038919 0.093919
0 0.540000 0.564189 0.027027 0.177027
0 0.558739 0.593919 0.041441 0.104054
0 0.583423 0.587838 0.052613 0.102703
0 0.535856 0.720608 0.023784 0.089865
0 0.442523 0.725338 0.023063 0.111486
0 0.419099 0.705743 0.036036 0.095270
0 0.391712 0.700676 0.046847 0.102703