0 0.597796 0.657774 0.066908 0.112061
0 0.504544 0.699186 0.039041 0.185142
0 0.384690 0.827078 0.072169 0.187574
0 0.363578 0.504851 0.053333 0.137757
0 0.264836 0.677868 0.091013 0.186358
0 0.437959 0.704061 0.051384 0.165649
0 0.562068 0.657774 0.033132 0.095007
0 0.535759 0.699189 0.049369 0.163216
0 0.563984 0.810027 0.044890 0.158338
0 0.631542 0.484142 0.048786 0.171865
0 0.326198 0.387929 0.053982 0.204750
0 0.538975 0.494500 0.046836 0.199878
0 0.325832 0.529260 0.056249 0.116007
0 0.592598 0.499980 0.053917 0.157243
0 0.281728 0.453693 0.055932 0.225453
0 0.326874 0.654118 0.066973 0.112061
0 0.418470 0.478662 0.042288 0.238851
0 0.385665 0.402537 0.071524 0.174304
0 0.472387 0.708321 0.042288 0.183926
0 0.571130 0.366605 0.044890 0.192574
0 0.450625 0.478666 0.070223 0.258345
0 0.391187 0.526166 0.046187 0.129236
0 0.567231 0.544436 0.040991 0.070764
0 0.601045 0.758260 0.059114 0.142507
0 0.363577 0.757652 0.055932 0.131547
0 0.759519 0.667517 0.076068 0.129115
0 0.670196 0.462831 0.066324 0.209622
0 0.702351 0.387311 0.078670 0.129230
0 0.503569 0.479274 0.053986 0.276615
0 0.702386 0.675436 0.091596 0.213155
0 0.242101 0.388527 0.058530 0.153595
0 0.310960 0.747909 0.061128 0.131547
0 0.651389 0.745473 0.057164 0.126676
0 0.208321 0.654726 0.068923 0.132764
0 0.642946 0.655946 0.070159 0.125459
0 0.372996 0.662037 0.065676 0.105966
0 0.410674 0.683959 0.038393 0.137635