0 0.482523 0.422973 0.037477 0.233784
0 0.451892 0.417230 0.029550 0.229054
0 0.424505 0.402703 0.038198 0.271622
0 0.399099 0.421622 0.034955 0.213514
0 0.373874 0.417905 0.035676 0.204730
0 0.338198 0.417230 0.052252 0.203378
0 0.292613 0.414865 0.050450 0.187838
0 0.261802 0.348649 0.046486 0.150000
0 0.517477 0.428041 0.033874 0.226351
0 0.546847 0.417230 0.024865 0.215541
0 0.570270 0.389527 0.031351 0.292568
0 0.595315 0.403041 0.033874 0.242568
0 0.623423 0.404392 0.032432 0.230405
0 0.659459 0.408784 0.057658 0.220270
0 0.705045 0.408446 0.051532 0.207432
0 0.737117 0.342905 0.048649 0.170946
0 0.514414 0.642568 0.020541 0.182432
0 0.534775 0.647297 0.022342 0.186486
0 0.558018 0.664865 0.030631 0.218919
0 0.575135 0.653041 0.033874 0.200676
0 0.598559 0.646622 0.033874 0.205405
0 0.643063 0.641216 0.069550 0.204054
0 0.688468 0.624324 0.061622 0.194595
0 0.751532 0.573986 0.089009 0.112838
0 0.493153 0.643919 0.024144 0.190541
0 0.479820 0.654730 0.037117 0.198649
0 0.449730 0.662162 0.036036 0.208108
0 0.431712 0.645946 0.035315 0.187838
0 0.402883 0.648649 0.041081 0.216216
0 0.361441 0.639527 0.075676 0.206081
0 0.310991 0.623311 0.067748 0.204730
0 0.248288 0.583446 0.075676 0.110135