0 0.480901 0.513514 0.034955 0.239189
0 0.449910 0.543581 0.032072 0.130405
0 0.432252 0.448311 0.037117 0.112838
0 0.420360 0.525338 0.048649 0.103378
0 0.392973 0.483108 0.037838 0.098649
0 0.348108 0.521622 0.056937 0.172973
0 0.319640 0.462162 0.060541 0.108108
0 0.518378 0.530068 0.032793 0.223649
0 0.548829 0.520270 0.033153 0.144595
0 0.569369 0.455405 0.035315 0.112162
0 0.581802 0.522635 0.041441 0.104730
0 0.605946 0.491216 0.042883 0.093243
0 0.650631 0.520608 0.059459 0.172297
0 0.678739 0.455068 0.057297 0.108784
0 0.517297 0.742568 0.026306 0.167568
0 0.538198 0.754730 0.026306 0.178378
0 0.551712 0.846959 0.030270 0.104730
0 0.579820 0.802703 0.033153 0.082432
0 0.618559 0.794257 0.043604 0.076351
0 0.654595 0.713176 0.073153 0.165541
0 0.707207 0.703378 0.053694 0.100000
0 0.492432 0.737838 0.021982 0.167568
0 0.471171 0.747973 0.029189 0.177027
0 0.459279 0.833108 0.029189 0.104054
0 0.430991 0.793581 0.036036 0.080405
0 0.389009 0.800338 0.042162 0.075000
0 0.354955 0.719257 0.079279 0.165541
0 0.296937 0.705405 0.055495 0.094595
0 0.392432 0.563176 0.049009 0.110135
0 0.580901 0.587500 0.032432 0.076351
0 0.610270 0.561824 0.047207 0.115541
0 0.605766 0.717230 0.051892 0.120946
0 0.403423 0.715541 0.060180 0.114865