0 0.483243 0.502027 0.031712 0.233784
0 0.455135 0.482095 0.025225 0.253378
0 0.427207 0.474324 0.032072 0.263514
0 0.402883 0.491892 0.040360 0.236486
0 0.375315 0.494595 0.034234 0.206757
0 0.335315 0.498649 0.058739 0.198649
0 0.294414 0.486824 0.043964 0.187162
0 0.264865 0.434797 0.044685 0.112838
0 0.513153 0.495608 0.030270 0.250676
0 0.537477 0.477027 0.025586 0.258108
0 0.566486 0.473311 0.033874 0.280405
0 0.588829 0.490541 0.039640 0.233784
0 0.614054 0.485473 0.041081 0.226351
0 0.651532 0.495270 0.052613 0.193243
0 0.695495 0.476351 0.045405 0.205405
0 0.722703 0.419932 0.046486 0.133108
0 0.507207 0.723311 0.025586 0.199324
0 0.526847 0.727027 0.021622 0.198649
0 0.549189 0.732770 0.030991 0.234459
0 0.576216 0.725338 0.031712 0.215541
0 0.603063 0.713176 0.037838 0.206081
0 0.645946 0.701689 0.075315 0.210135
0 0.694955 0.680405 0.076036 0.197297
0 0.746306 0.646284 0.067027 0.137162
0 0.490450 0.731419 0.025946 0.210135
0 0.469009 0.735135 0.023423 0.212162
0 0.443604 0.733108 0.028829 0.233784
0 0.416396 0.725000 0.034955 0.221622
0 0.390090 0.718919 0.037117 0.225676
0 0.348829 0.690878 0.067748 0.184459
0 0.295676 0.687500 0.086847 0.200676
0 0.245946 0.668581 0.069550 0.139865