0 0.475135 0.435811 0.037117 0.251351
0 0.443243 0.435473 0.033153 0.246622
0 0.411712 0.422635 0.037117 0.284459
0 0.382162 0.447973 0.038559 0.213514
0 0.345586 0.454392 0.049009 0.191216
0 0.298559 0.446622 0.047207 0.179730
0 0.255495 0.437162 0.044685 0.178378
0 0.511532 0.441892 0.034234 0.244595
0 0.541261 0.447973 0.032432 0.214865
0 0.570991 0.417568 0.039279 0.283784
0 0.607928 0.436824 0.042523 0.219595
0 0.647207 0.450338 0.053333 0.208784
0 0.695495 0.432770 0.049730 0.225000
0 0.736396 0.431081 0.055856 0.183784
0 0.504144 0.653041 0.026667 0.207432
0 0.521441 0.661824 0.033874 0.183108
0 0.543964 0.690203 0.042162 0.235811
0 0.576757 0.671622 0.037117 0.193243
0 0.610090 0.671959 0.040360 0.207432
0 0.655315 0.667230 0.069550 0.210135
0 0.708468 0.652027 0.069189 0.202703
0 0.775135 0.641216 0.079279 0.140541
0 0.485045 0.647973 0.022342 0.200000
0 0.462523 0.661824 0.025586 0.189865
0 0.436757 0.684122 0.034595 0.245270
0 0.412072 0.664865 0.038559 0.198649
0 0.381441 0.669257 0.038559 0.208784
0 0.336937 0.656081 0.066306 0.205405
0 0.285946 0.647973 0.062342 0.195946
0 0.227027 0.639527 0.075676 0.153378