0 0.457297 0.426014 0.045405 0.208784
0 0.429369 0.437500 0.044324 0.203378
0 0.404324 0.427027 0.035315 0.260811
0 0.371532 0.432770 0.030991 0.241216
0 0.342523 0.421284 0.042162 0.234459
0 0.306486 0.418919 0.045766 0.194595
0 0.270631 0.375000 0.048288 0.154054
0 0.484685 0.417230 0.039640 0.247973
0 0.518198 0.405068 0.030270 0.237162
0 0.542342 0.385473 0.043243 0.288514
0 0.571532 0.392230 0.056937 0.258784
0 0.606667 0.384459 0.045045 0.262162
0 0.647387 0.388514 0.060901 0.228378
0 0.705045 0.394257 0.060901 0.172297
0 0.733153 0.327703 0.049369 0.081081
0 0.502883 0.661824 0.027748 0.211486
0 0.530450 0.671284 0.033153 0.216892
0 0.562342 0.676689 0.038559 0.225000
0 0.594234 0.658446 0.047568 0.191216
0 0.627027 0.652027 0.058378 0.195946
0 0.685586 0.627703 0.099820 0.201351
0 0.736036 0.596284 0.071712 0.165541
0 0.781622 0.561149 0.047568 0.104730
0 0.481802 0.656081 0.038919 0.206757
0 0.459459 0.653716 0.055495 0.189865
0 0.457117 0.748986 0.052252 0.203378
0 0.400180 0.668243 0.055135 0.189189
0 0.368649 0.658446 0.070631 0.200676
0 0.317838 0.636824 0.089369 0.184459
0 0.266126 0.607770 0.076036 0.158784
0 0.232793 0.564865 0.038198 0.098649