0 0.478739 0.513176 0.042883 0.262838
0 0.450991 0.502703 0.058018 0.235135
0 0.437297 0.398986 0.042162 0.170946
0 0.411892 0.496959 0.049730 0.142568
0 0.377117 0.455405 0.042162 0.108108
0 0.332072 0.473649 0.057297 0.177027
0 0.310811 0.407432 0.060901 0.117568
0 0.282162 0.361149 0.025225 0.058784
0 0.520360 0.513176 0.038198 0.257432
0 0.553514 0.498311 0.036757 0.254730
0 0.569910 0.402703 0.037838 0.162162
0 0.603964 0.512162 0.048288 0.140541
0 0.633514 0.483784 0.043964 0.147297
0 0.663784 0.453041 0.063423 0.195270
0 0.685766 0.392905 0.061261 0.123649
0 0.537117 0.737162 0.051532 0.162162
0 0.556577 0.740541 0.038559 0.151351
0 0.592613 0.801014 0.057297 0.164189
0 0.623243 0.749324 0.035676 0.114865
0 0.664144 0.736824 0.046847 0.120946
0 0.690270 0.665878 0.094775 0.193919
0 0.735856 0.640203 0.066306 0.131757
0 0.506126 0.737162 0.042162 0.159459
0 0.485766 0.741554 0.061261 0.160135
0 0.431532 0.790878 0.064505 0.168243
0 0.404505 0.716892 0.063784 0.131081
0 0.351892 0.754730 0.050090 0.113514
0 0.288468 0.670946 0.001081 0.002703
0 0.312072 0.682432 0.102342 0.191892
0 0.263243 0.665203 0.067387 0.126351
0 0.369009 0.542230 0.046847 0.099324
0 0.583604 0.523986 0.030631 0.172297
0 0.582342 0.701689 0.036757 0.083108
0 0.604685 0.684122 0.044685 0.089865
0 0.637297 0.667905 0.058739 0.107432
0 0.372973 0.677365 0.072793 0.112838