0 0.729535 0.588784 0.058364 0.164149
0 0.449820 0.624818 0.046977 0.254892
0 0.511031 0.620149 0.022775 0.205514
0 0.526688 0.627486 0.022775 0.230878
0 0.474730 0.390544 0.045553 0.256358
0 0.601778 0.632159 0.053380 0.224196
0 0.307115 0.602128 0.067614 0.190838
0 0.474375 0.616811 0.029182 0.217527
0 0.388252 0.386541 0.049110 0.227000
0 0.493948 0.614142 0.025625 0.198838
0 0.579714 0.642169 0.056227 0.244216
0 0.412097 0.380534 0.049823 0.247014
0 0.569393 0.376530 0.031319 0.249682
0 0.329535 0.384537 0.066905 0.217655
0 0.531670 0.374527 0.044126 0.256365
0 0.262276 0.304466 0.074735 0.177622
0 0.593236 0.387872 0.033449 0.210986
0 0.295728 0.374527 0.056227 0.221662
0 0.398220 0.632159 0.043416 0.208182
0 0.354447 0.616142 0.066905 0.200176
0 0.616368 0.378534 0.041283 0.221662
0 0.449820 0.401220 0.024202 0.232345
0 0.703912 0.299794 0.076868 0.117574
0 0.364768 0.385206 0.057650 0.232345
0 0.511741 0.399885 0.041283 0.237676
0 0.685762 0.593456 0.094659 0.208182
0 0.258717 0.596794 0.066191 0.137453
0 0.546973 0.614142 0.037723 0.201514
0 0.425265 0.629490 0.040569 0.205520
0 0.644481 0.375196 0.056227 0.214986
0 0.672240 0.357179 0.077582 0.208318
0 0.637007 0.615476 0.082562 0.209520