0 0.482883 0.546622 0.030991 0.167568
0 0.455495 0.532770 0.026667 0.188514
0 0.427027 0.514865 0.036036 0.224324
0 0.401261 0.514865 0.037838 0.204054
0 0.375676 0.516216 0.034955 0.187838
0 0.341982 0.519595 0.049009 0.168919
0 0.301622 0.491554 0.054054 0.177703
0 0.271171 0.429392 0.049369 0.107432
0 0.513694 0.546959 0.030631 0.173649
0 0.543423 0.547973 0.026667 0.162162
0 0.573874 0.514189 0.032793 0.229730
0 0.598919 0.535135 0.035315 0.177027
0 0.625946 0.518243 0.036036 0.191892
0 0.658198 0.525338 0.045766 0.156081
0 0.697658 0.493243 0.052613 0.166216
0 0.721802 0.424324 0.045405 0.101351
0 0.507928 0.733784 0.015495 0.168919
0 0.527207 0.733446 0.023063 0.177703
0 0.553694 0.747635 0.029910 0.206081
0 0.579099 0.728716 0.030270 0.183108
0 0.606126 0.718919 0.035315 0.175676
0 0.648649 0.702027 0.064144 0.177027
0 0.695856 0.668581 0.069189 0.177703
0 0.746847 0.635135 0.057297 0.114865
0 0.490811 0.730068 0.018018 0.165541
0 0.472432 0.730743 0.024505 0.175000
0 0.446667 0.741892 0.029910 0.202703
0 0.419279 0.723649 0.032793 0.181081
0 0.391892 0.718243 0.040000 0.175676
0 0.350991 0.708784 0.074234 0.186486
0 0.300180 0.679054 0.072072 0.181081
0 0.243604 0.659797 0.062703 0.120946