0 0.475315 0.530405 0.031712 0.247297
0 0.445225 0.534797 0.033514 0.212838
0 0.427748 0.458446 0.038919 0.133108
0 0.397658 0.517230 0.042162 0.125000
0 0.370090 0.508108 0.039640 0.109459
0 0.326847 0.536486 0.058378 0.191892
0 0.298378 0.473649 0.054775 0.127027
0 0.506847 0.534459 0.032072 0.237838
0 0.534054 0.562162 0.033874 0.164865
0 0.551171 0.464527 0.034955 0.141216
0 0.576937 0.516216 0.046126 0.118919
0 0.607748 0.516216 0.043604 0.112162
0 0.654234 0.536486 0.056577 0.212162
0 0.682162 0.485135 0.056937 0.114865
0 0.489189 0.738176 0.021982 0.172297
0 0.510631 0.756419 0.028829 0.204730
0 0.526306 0.830405 0.032072 0.150000
0 0.560360 0.801351 0.037477 0.117568
0 0.605766 0.793243 0.039640 0.095946
0 0.641441 0.734122 0.093694 0.184459
0 0.698739 0.727365 0.059099 0.114189
0 0.468829 0.753716 0.018018 0.199324
0 0.449730 0.750000 0.022342 0.197297
0 0.427207 0.810811 0.032072 0.159459
0 0.392432 0.781081 0.030991 0.113514
0 0.353153 0.792568 0.033874 0.102703
0 0.319820 0.723311 0.075315 0.179054
0 0.269189 0.716554 0.052613 0.116892
0 0.419820 0.566554 0.029550 0.169595
0 0.394595 0.597635 0.036757 0.103378
0 0.366306 0.591216 0.043604 0.116216
0 0.560541 0.580743 0.029910 0.139865
0 0.584685 0.601014 0.039279 0.111486
0 0.613514 0.602027 0.047928 0.114865
0 0.532432 0.729730 0.027027 0.152703
0 0.557477 0.721959 0.048288 0.110135
0 0.427387 0.695608 0.025225 0.089865
0 0.402523 0.700338 0.038919 0.096622
0 0.364324 0.699662 0.050450 0.097973