0 0.469369 0.495270 0.030631 0.159459
0 0.442703 0.481081 0.032072 0.125676
0 0.428108 0.381419 0.026667 0.104730
0 0.414595 0.478716 0.035676 0.080405
0 0.403964 0.443919 0.037477 0.085135
0 0.367748 0.441892 0.050811 0.178378
0 0.333694 0.385473 0.052613 0.091216
0 0.500901 0.483108 0.030270 0.194595
0 0.523784 0.492905 0.021261 0.143919
0 0.532973 0.376014 0.029550 0.131757
0 0.549550 0.462162 0.034595 0.077027
0 0.561441 0.430068 0.039640 0.104730
0 0.603784 0.421622 0.065946 0.209459
0 0.638018 0.379730 0.062342 0.091892
0 0.502703 0.734122 0.002162 0.007432
0 0.494595 0.668919 0.014054 0.145946
0 0.511532 0.670608 0.021261 0.153378
0 0.523243 0.776689 0.027387 0.123649
0 0.544505 0.731081 0.028108 0.093243
0 0.573694 0.743581 0.038919 0.089865
0 0.612432 0.691892 0.058739 0.159459
0 0.673333 0.641216 0.052973 0.104054
0 0.478559 0.669932 0.015856 0.146622
0 0.460360 0.670946 0.021982 0.151351
0 0.452973 0.785135 0.025946 0.116216
0 0.427387 0.725000 0.028108 0.100000
0 0.401622 0.738514 0.031351 0.094595
0 0.361441 0.689527 0.050450 0.153378
0 0.305405 0.655068 0.051532 0.095270
0 0.422703 0.508446 0.033153 0.156081
0 0.390270 0.536486 0.037477 0.125676
0 0.547387 0.531757 0.028108 0.105405
0 0.578559 0.534122 0.037838 0.103378
0 0.529189 0.642905 0.015495 0.141216
0 0.547387 0.638851 0.032432 0.120946
0 0.567928 0.633108 0.043964 0.137838
0 0.441441 0.657095 0.014414 0.150676
0 0.426847 0.622973 0.023423 0.085135
0 0.452613 0.722297 0.001441 0.002703
0 0.400000 0.641892 0.040360 0.122973