0 0.479279 0.496622 0.040360 0.170270
0 0.445766 0.472973 0.038198 0.135135
0 0.414234 0.426689 0.042883 0.100676
0 0.402162 0.493243 0.037477 0.095946
0 0.374414 0.500338 0.036036 0.085811
0 0.329189 0.500338 0.055135 0.147973
0 0.288829 0.459122 0.046486 0.099324
0 0.518919 0.490203 0.036036 0.158784
0 0.551171 0.467230 0.031351 0.125000
0 0.579640 0.413851 0.042162 0.095270
0 0.587207 0.479392 0.029910 0.085811
0 0.610991 0.476014 0.035676 0.084459
0 0.654054 0.479730 0.054775 0.147297
0 0.689369 0.437500 0.049009 0.093919
0 0.514054 0.733784 0.021982 0.171622
0 0.533333 0.774324 0.025225 0.137838
0 0.565225 0.821959 0.038559 0.110135
0 0.585045 0.757095 0.030631 0.083108
0 0.621261 0.758446 0.037477 0.064189
0 0.659459 0.696959 0.067748 0.166892
0 0.710090 0.692230 0.047928 0.089865
0 0.490450 0.734459 0.023063 0.189189
0 0.471351 0.760811 0.025946 0.127027
0 0.443063 0.826351 0.037838 0.109459
0 0.418919 0.763514 0.032793 0.079730
0 0.336937 0.703716 0.072793 0.183108
0 0.279279 0.710811 0.053333 0.090541
0 0.457477 0.551014 0.024144 0.156081
0 0.430090 0.554054 0.032072 0.163514
0 0.401982 0.582095 0.037117 0.110135
0 0.370991 0.580405 0.046486 0.120270
0 0.513694 0.586149 0.026306 0.069595
0 0.537297 0.551014 0.019459 0.135811
0 0.561622 0.533446 0.030631 0.204730
0 0.589009 0.564189 0.028468 0.083784
0 0.619459 0.558446 0.046126 0.131757
0 0.532072 0.671284 0.017658 0.089865
0 0.552613 0.708784 0.022703 0.167568
0 0.617297 0.691216 0.062703 0.139189
0 0.469189 0.669932 0.019459 0.065541
0 0.447748 0.709797 0.025586 0.160135
0 0.424144 0.678378 0.043243 0.083784
0 0.382342 0.702027 0.068468 0.158108