0 0.476577 0.526689 0.040000 0.276351
0 0.443604 0.525000 0.037477 0.236486
0 0.424505 0.430068 0.049009 0.172297
0 0.396577 0.474662 0.040000 0.157432
0 0.364685 0.505068 0.038198 0.169595
0 0.325946 0.490541 0.057297 0.178378
0 0.297838 0.410811 0.056577 0.097297
0 0.517477 0.539527 0.041802 0.246622
0 0.539459 0.528041 0.067027 0.215541
0 0.556937 0.430743 0.042162 0.179054
0 0.582883 0.504730 0.040721 0.118919
0 0.600000 0.470608 0.046847 0.106081
0 0.651171 0.479730 0.062703 0.204054
0 0.681622 0.417568 0.053694 0.105405
0 0.502523 0.797973 0.029910 0.229730
0 0.531532 0.799662 0.037477 0.230405
0 0.585586 0.836824 0.066306 0.134459
0 0.608649 0.776351 0.053333 0.128378
0 0.643243 0.753378 0.028108 0.102703
0 0.687207 0.669932 0.104505 0.197973
0 0.741081 0.641216 0.069550 0.112162
0 0.475856 0.787162 0.024144 0.200000
0 0.450631 0.773986 0.029189 0.184459
0 0.413333 0.836486 0.046847 0.154054
0 0.389369 0.777027 0.042883 0.113514
0 0.343243 0.767905 0.047928 0.118243
0 0.300360 0.681419 0.094775 0.203378
0 0.249009 0.661486 0.058378 0.097297
0 0.412432 0.542230 0.027748 0.187162
0 0.388108 0.566892 0.038198 0.106757
0 0.599279 0.568243 0.037477 0.098649
0 0.562883 0.716216 0.038919 0.109459
0 0.599820 0.700338 0.051532 0.112838
0 0.631171 0.678378 0.056577 0.139189
0 0.423604 0.721959 0.032072 0.123649
0 0.394414 0.700676 0.047207 0.105405
0 0.354595 0.682770 0.070631 0.137162