0 0.472072 0.468581 0.034595 0.212838
0 0.441982 0.472635 0.029189 0.212838
0 0.405225 0.424662 0.052973 0.180405
0 0.389189 0.517230 0.043243 0.152027
0 0.361982 0.527365 0.033514 0.145270
0 0.326126 0.518243 0.050450 0.178378
0 0.288468 0.479392 0.044324 0.130405
0 0.260721 0.430068 0.032793 0.061486
0 0.505766 0.466554 0.031351 0.207432
0 0.535856 0.467905 0.027387 0.196622
0 0.566486 0.416554 0.047568 0.203378
0 0.589009 0.519257 0.043604 0.139865
0 0.615135 0.505068 0.041802 0.179054
0 0.651532 0.519595 0.052613 0.194595
0 0.686126 0.480405 0.047568 0.122973
0 0.714054 0.436149 0.033514 0.062838
0 0.505045 0.687838 0.025586 0.210811
0 0.523604 0.693243 0.040360 0.218919
0 0.540000 0.709122 0.044324 0.227703
0 0.577838 0.701351 0.032072 0.170270
0 0.610991 0.702703 0.045766 0.174324
0 0.652252 0.708784 0.057658 0.133784
0 0.696036 0.685811 0.061622 0.143243
0 0.750631 0.627365 0.041802 0.087162
0 0.483243 0.682432 0.022342 0.197297
0 0.463063 0.693919 0.026667 0.214865
0 0.443604 0.716554 0.036757 0.229054
0 0.407387 0.699324 0.032072 0.164865
0 0.378378 0.708446 0.034595 0.179054
0 0.338378 0.715203 0.062703 0.175000
0 0.288108 0.696622 0.055856 0.136486
0 0.241081 0.626351 0.032432 0.062162
0 0.416036 0.529730 0.032793 0.121622
0 0.559820 0.532770 0.028468 0.104730