0 0.475315 0.492230 0.032432 0.195270
0 0.445225 0.482095 0.028468 0.210135
0 0.418378 0.478041 0.032432 0.218243
0 0.390991 0.480405 0.033153 0.200000
0 0.363964 0.471622 0.030270 0.197297
0 0.328829 0.462162 0.043604 0.191892
0 0.291532 0.441892 0.049730 0.174324
0 0.274775 0.346959 0.039279 0.080405
0 0.506306 0.482770 0.031712 0.215541
0 0.536937 0.472297 0.028108 0.210811
0 0.559820 0.468581 0.036396 0.245270
0 0.584324 0.479392 0.041441 0.183108
0 0.616937 0.463176 0.033874 0.195270
0 0.653153 0.459122 0.050811 0.187162
0 0.697658 0.441216 0.048288 0.172973
0 0.501802 0.697973 0.023423 0.162162
0 0.525225 0.692568 0.024865 0.162162
0 0.673874 0.810135 0.002162 0.004054
0 0.555135 0.705068 0.032793 0.200676
0 0.580541 0.691892 0.036036 0.183784
0 0.613874 0.680405 0.044324 0.181081
0 0.659279 0.662162 0.070270 0.202703
0 0.627027 0.638514 0.008649 0.016216
0 0.712432 0.621622 0.085045 0.174324
0 0.764865 0.603378 0.045766 0.094595
0 0.550991 0.733108 0.063423 0.051351
0 0.479279 0.697973 0.024505 0.162162
0 0.455315 0.695608 0.024144 0.187162
0 0.428649 0.694595 0.027748 0.204054
0 0.398018 0.688851 0.034955 0.204730
0 0.365045 0.687838 0.040360 0.195946
0 0.319820 0.661486 0.072432 0.201351
0 0.269189 0.610473 0.078559 0.158784
0 0.225045 0.587500 0.045045 0.088514