0 0.729834 0.640838 0.075791 0.185243
0 0.558859 0.753334 0.035189 0.227534
0 0.527957 0.750797 0.040151 0.217378
0 0.506755 0.757139 0.025712 0.177628
0 0.486229 0.740226 0.022555 0.152250
0 0.462771 0.742760 0.035186 0.194547
0 0.436380 0.735571 0.042858 0.219074
0 0.404575 0.727537 0.045114 0.196236
0 0.366681 0.713155 0.066768 0.162405
0 0.317510 0.661135 0.101953 0.176784
0 0.265631 0.616730 0.083910 0.155635
0 0.220969 0.578243 0.056843 0.115878
0 0.302622 0.399345 0.070375 0.157324
0 0.327209 0.468284 0.057294 0.188622
0 0.369613 0.469747 0.043759 0.166182
0 0.394425 0.506345 0.044663 0.166635
0 0.420591 0.502541 0.035640 0.214851
0 0.455326 0.504655 0.026616 0.241068
0 0.483364 0.522446 0.033834 0.234297
0 0.516452 0.531723 0.031578 0.203851
0 0.541490 0.518611 0.033834 0.204696
0 0.566753 0.484355 0.037441 0.247831
0 0.594950 0.498733 0.027067 0.217385
0 0.619986 0.497041 0.038342 0.197081
0 0.653368 0.481818 0.062706 0.159865
0 0.694647 0.453483 0.061351 0.150561
0 0.680661 0.677632 0.100148 0.209777
0 0.619760 0.747838 0.043305 0.153946
0 0.588634 0.748260 0.038796 0.192007
0 0.771258 0.576699 0.055596 0.105804