0 0.483604 0.488176 0.032432 0.241216
0 0.457117 0.482095 0.032793 0.200676
0 0.432072 0.438176 0.037477 0.291216
0 0.406847 0.456419 0.048288 0.214189
0 0.367568 0.454392 0.058378 0.183108
0 0.317838 0.444932 0.061982 0.185811
0 0.513333 0.476689 0.031351 0.256081
0 0.537838 0.453716 0.032793 0.238514
0 0.567027 0.437500 0.034955 0.276351
0 0.587748 0.469595 0.044685 0.191892
0 0.627207 0.448311 0.053694 0.200676
0 0.675495 0.439189 0.051532 0.191892
0 0.501982 0.721622 0.023784 0.208108
0 0.523604 0.728716 0.024505 0.214189
0 0.544685 0.731419 0.030631 0.238514
0 0.569550 0.715541 0.040000 0.220270
0 0.595856 0.698649 0.051532 0.194595
0 0.639099 0.684797 0.077477 0.176351
0 0.688288 0.636149 0.082162 0.179054
0 0.733333 0.602703 0.059820 0.125676
0 0.482162 0.731757 0.025946 0.221622
0 0.461622 0.744257 0.030270 0.242568
0 0.438198 0.730068 0.030270 0.233108
0 0.410270 0.715203 0.037838 0.207432
0 0.369910 0.701351 0.050811 0.200000
0 0.321081 0.639527 0.092973 0.180405
0 0.273694 0.609797 0.070991 0.137162