0 0.472793 0.539527 0.029550 0.161486
0 0.448649 0.529730 0.028108 0.147297
0 0.422703 0.506757 0.032432 0.178378
0 0.401081 0.488176 0.041081 0.189865
0 0.374054 0.495608 0.032432 0.161486
0 0.340901 0.479054 0.047568 0.159459
0 0.311712 0.442905 0.050450 0.138514
0 0.499099 0.532095 0.027387 0.170946
0 0.518739 0.518581 0.029910 0.165541
0 0.543604 0.475676 0.034955 0.222973
0 0.562162 0.483784 0.039640 0.216216
0 0.584685 0.489865 0.043604 0.186486
0 0.623063 0.477365 0.057658 0.189865
0 0.661261 0.422973 0.057658 0.179730
0 0.684144 0.362838 0.060180 0.100000
0 0.493514 0.704730 0.021982 0.143243
0 0.507207 0.719257 0.031351 0.164189
0 0.527568 0.717905 0.029550 0.177703
0 0.549730 0.711486 0.040000 0.177027
0 0.585225 0.704054 0.054054 0.168919
0 0.628649 0.675000 0.088288 0.181081
0 0.677477 0.647635 0.056216 0.142568
0 0.476577 0.697635 0.019099 0.126351
0 0.457297 0.704730 0.020901 0.143243
0 0.435315 0.709459 0.027387 0.159459
0 0.410811 0.705405 0.030270 0.162162
0 0.381441 0.676689 0.037838 0.134459
0 0.338378 0.671622 0.067748 0.174324
0 0.290270 0.647973 0.062342 0.151351