0 0.484144 0.513176 0.032072 0.237162
0 0.467387 0.506081 0.046847 0.221622
0 0.440901 0.424324 0.034955 0.247297
0 0.419099 0.493581 0.041081 0.226351
0 0.392793 0.452027 0.043964 0.124324
0 0.347748 0.482770 0.052613 0.196622
0 0.322523 0.429730 0.049730 0.152703
0 0.300541 0.364527 0.043964 0.077703
0 0.517297 0.519595 0.029910 0.231081
0 0.541802 0.514865 0.029910 0.204054
0 0.564324 0.479392 0.036036 0.233108
0 0.585225 0.518581 0.043243 0.210135
0 0.617297 0.511486 0.041802 0.190541
0 0.651171 0.491216 0.051171 0.205405
0 0.677117 0.443243 0.046847 0.150000
0 0.509369 0.732770 0.019820 0.176351
0 0.527027 0.735811 0.028468 0.190541
0 0.546306 0.755743 0.036757 0.231757
0 0.576937 0.768581 0.034595 0.196622
0 0.624144 0.778716 0.040360 0.126351
0 0.662162 0.706419 0.084685 0.200676
0 0.710090 0.691892 0.065946 0.144595
0 0.743964 0.627027 0.045045 0.091892
0 0.490270 0.731081 0.020541 0.175676
0 0.470090 0.731081 0.021982 0.179730
0 0.449189 0.755405 0.031351 0.239189
0 0.421081 0.739865 0.037117 0.200000
0 0.369189 0.764865 0.042162 0.131081
0 0.333514 0.694595 0.087568 0.198649
0 0.280360 0.689189 0.060541 0.140541
0 0.251532 0.610473 0.042523 0.088514
0 0.386847 0.542568 0.042883 0.108108
0 0.614595 0.706757 0.063063 0.121622
0 0.384324 0.690541 0.061622 0.137838