0 0.494955 0.470270 0.029189 0.245946
0 0.471892 0.462162 0.040000 0.231081
0 0.441982 0.441554 0.037838 0.264189
0 0.414595 0.448986 0.043604 0.214189
0 0.386847 0.440541 0.037117 0.201351
0 0.352072 0.420270 0.054775 0.204054
0 0.317297 0.389527 0.066667 0.176351
0 0.305405 0.299662 0.052252 0.081757
0 0.521622 0.477703 0.030631 0.231081
0 0.549730 0.462838 0.031351 0.227027
0 0.576216 0.446959 0.033874 0.252027
0 0.603604 0.438514 0.040360 0.233784
0 0.628829 0.430743 0.036036 0.202027
0 0.661802 0.415878 0.055856 0.203378
0 0.691351 0.376014 0.065946 0.181757
0 0.704685 0.293919 0.047207 0.083784
0 0.512613 0.687838 0.019099 0.175676
0 0.531712 0.683108 0.025586 0.181081
0 0.558559 0.699662 0.035315 0.214189
0 0.583604 0.673986 0.034955 0.185811
0 0.616036 0.662838 0.048649 0.213514
0 0.663604 0.640541 0.084685 0.221622
0 0.708468 0.605743 0.067027 0.184459
0 0.751532 0.576351 0.047928 0.114865
0 0.493874 0.694257 0.016937 0.184459
0 0.475856 0.692905 0.024865 0.202027
0 0.448108 0.690203 0.031351 0.210135
0 0.420901 0.666216 0.034595 0.185135
0 0.367568 0.760811 0.001441 0.005405
0 0.383423 0.660811 0.056937 0.204054
0 0.341622 0.634122 0.093694 0.211486
0 0.292613 0.587500 0.084324 0.188514
0 0.240180 0.573311 0.050811 0.115541