0 0.480360 0.492568 0.033874 0.243243
0 0.452252 0.493243 0.032432 0.206757
0 0.420901 0.468581 0.040360 0.231757
0 0.394775 0.495270 0.037838 0.182432
0 0.364685 0.491216 0.041802 0.167568
0 0.326667 0.468581 0.062342 0.176351
0 0.297838 0.413176 0.058018 0.138514
0 0.275676 0.345608 0.054054 0.075000
0 0.518018 0.490878 0.037838 0.231757
0 0.540901 0.488176 0.049730 0.200676
0 0.562162 0.402027 0.037477 0.227027
0 0.586486 0.478041 0.035676 0.184459
0 0.606486 0.423986 0.035315 0.089865
0 0.656757 0.466216 0.050090 0.174324
0 0.696937 0.428378 0.056216 0.178378
0 0.713514 0.347973 0.042523 0.062162
0 0.511171 0.711486 0.027027 0.166216
0 0.539820 0.724662 0.031712 0.185811
0 0.570450 0.717568 0.036036 0.193243
0 0.603604 0.702703 0.033874 0.172973
0 0.648108 0.736824 0.042883 0.152027
0 0.685045 0.668581 0.083604 0.191216
0 0.731532 0.611824 0.077838 0.156081
0 0.776216 0.597635 0.037477 0.076351
0 0.483604 0.720270 0.026667 0.183784
0 0.454414 0.721959 0.031712 0.180405
0 0.421802 0.718919 0.037838 0.194595
0 0.383784 0.711149 0.052613 0.172297
0 0.348649 0.696622 0.055856 0.163514
0 0.300541 0.670608 0.096577 0.197973
0 0.251712 0.612162 0.087568 0.163514
0 0.200901 0.573986 0.032072 0.077703
0 0.613694 0.485811 0.041802 0.106757