0 0.490090 0.596622 0.029550 0.189189
0 0.468829 0.586149 0.023063 0.202027
0 0.444144 0.581419 0.032072 0.189865
0 0.426486 0.577703 0.040000 0.183784
0 0.398018 0.576351 0.037117 0.168919
0 0.365766 0.556081 0.050450 0.162162
0 0.332793 0.525338 0.063063 0.153378
0 0.315676 0.450676 0.048288 0.085135
0 0.518198 0.604054 0.029550 0.177027
0 0.537297 0.594595 0.031712 0.179730
0 0.559279 0.565203 0.028108 0.188514
0 0.570631 0.571959 0.038559 0.195270
0 0.600000 0.567905 0.040360 0.175000
0 0.627387 0.537838 0.060541 0.182432
0 0.662342 0.520946 0.064144 0.151351
0 0.677117 0.447973 0.047568 0.083784
0 0.513514 0.777703 0.020180 0.135135
0 0.532072 0.781419 0.024144 0.157432
0 0.556036 0.790878 0.032432 0.173649
0 0.574775 0.781757 0.030270 0.167568
0 0.609009 0.767568 0.051171 0.141892
0 0.642883 0.727703 0.081441 0.164865
0 0.686667 0.683108 0.065946 0.133784
0 0.730811 0.640203 0.029550 0.087162
0 0.494234 0.782432 0.017658 0.136486
0 0.476036 0.783446 0.021622 0.142568
0 0.452973 0.791216 0.031712 0.177027
0 0.429189 0.782432 0.033874 0.174324
0 0.398198 0.776689 0.038919 0.152027
0 0.360360 0.746622 0.077117 0.175676
0 0.305946 0.698649 0.080721 0.136486
0 0.264144 0.653378 0.033153 0.093243