0 0.473333 0.499324 0.032072 0.244595
0 0.447568 0.500000 0.034595 0.220270
0 0.417297 0.489865 0.043243 0.255405
0 0.388468 0.516554 0.043243 0.183108
0 0.358198 0.505743 0.039640 0.181757
0 0.318198 0.485811 0.055495 0.189189
0 0.276937 0.463514 0.051532 0.175676
0 0.268829 0.388851 0.051892 0.092568
0 0.504324 0.488176 0.032072 0.252027
0 0.528108 0.501351 0.037117 0.204054
0 0.557838 0.469257 0.036757 0.269595
0 0.581802 0.494595 0.046486 0.217568
0 0.615495 0.498986 0.041081 0.202027
0 0.654775 0.484122 0.059099 0.204730
0 0.701622 0.467568 0.056937 0.181081
0 0.717658 0.399324 0.052252 0.091892
0 0.510811 0.711149 0.025586 0.158784
0 0.530270 0.720608 0.032793 0.175000
0 0.555676 0.742230 0.033874 0.239865
0 0.588468 0.734459 0.041802 0.205405
0 0.621261 0.723649 0.046847 0.195946
0 0.670270 0.696284 0.090090 0.197973
0 0.719820 0.656081 0.068829 0.171622
0 0.761441 0.631757 0.059820 0.109459
0 0.487568 0.716892 0.023784 0.170270
0 0.463964 0.723986 0.028468 0.170946
0 0.439279 0.742568 0.033874 0.227027
0 0.407387 0.729392 0.039279 0.189865
0 0.370991 0.723649 0.047207 0.191892
0 0.326667 0.695608 0.081802 0.192568
0 0.272432 0.656757 0.072072 0.172973
0 0.230270 0.635135 0.056937 0.118919