0 0.489730 0.458784 0.029550 0.275676
0 0.464324 0.466216 0.024865 0.243243
0 0.439459 0.458784 0.037117 0.251351
0 0.413874 0.452703 0.038559 0.248649
0 0.386667 0.456757 0.040360 0.222973
0 0.359099 0.444257 0.058018 0.225000
0 0.315135 0.414527 0.055856 0.195270
0 0.294775 0.347973 0.059820 0.067568
0 0.517658 0.464865 0.027027 0.264865
0 0.540000 0.468243 0.029910 0.237838
0 0.568468 0.437500 0.034234 0.297973
0 0.586667 0.453378 0.039640 0.239189
0 0.614595 0.463176 0.037117 0.208784
0 0.649910 0.443581 0.056577 0.231757
0 0.688108 0.412838 0.055135 0.170270
0 0.707568 0.336824 0.051532 0.062838
0 0.514234 0.674662 0.020180 0.202027
0 0.530450 0.689189 0.025225 0.229730
0 0.547748 0.688176 0.026667 0.235811
0 0.570811 0.698986 0.032432 0.231757
0 0.596396 0.703041 0.043964 0.246622
0 0.640721 0.672635 0.082883 0.222297
0 0.691532 0.638514 0.085766 0.198649
0 0.737117 0.617905 0.042162 0.093919
0 0.497117 0.660473 0.018378 0.179054
0 0.480180 0.662162 0.025586 0.190541
0 0.458919 0.681081 0.032793 0.244595
0 0.438198 0.683108 0.036036 0.236486
0 0.417477 0.686149 0.040000 0.239865
0 0.366667 0.661149 0.080360 0.216892
0 0.306847 0.643243 0.091892 0.197297
0 0.262162 0.610135 0.052973 0.109459