0 0.473153 0.536149 0.032432 0.176351
0 0.449189 0.508446 0.031351 0.119595
0 0.423063 0.430068 0.031712 0.120946
0 0.410090 0.497297 0.043964 0.104054
0 0.387748 0.481081 0.040360 0.089189
0 0.350991 0.526689 0.055495 0.184459
0 0.327748 0.458784 0.055135 0.112162
0 0.504324 0.543581 0.032072 0.193919
0 0.527027 0.505405 0.035676 0.116216
0 0.546486 0.407432 0.032793 0.127027
0 0.569189 0.496959 0.042162 0.107432
0 0.589189 0.471284 0.040360 0.103378
0 0.630450 0.517230 0.057297 0.195270
0 0.649189 0.451689 0.059459 0.103378
0 0.496396 0.747297 0.024144 0.212162
0 0.514054 0.738514 0.024144 0.170270
0 0.533874 0.847297 0.034955 0.132432
0 0.563243 0.794595 0.033874 0.094595
0 0.603604 0.799662 0.036036 0.080405
0 0.634054 0.720608 0.076036 0.192568
0 0.690270 0.707432 0.055135 0.105405
0 0.476757 0.751689 0.023784 0.204730
0 0.458739 0.761486 0.026667 0.231081
0 0.434955 0.845946 0.038919 0.131081
0 0.410090 0.771959 0.033874 0.095270
0 0.372793 0.813514 0.040000 0.083784
0 0.339459 0.717905 0.076396 0.187162
0 0.284144 0.717568 0.055135 0.098649
0 0.452432 0.564527 0.024144 0.115541
0 0.431351 0.559122 0.026667 0.150676
0 0.408108 0.582432 0.040000 0.104054
0 0.386126 0.568581 0.047207 0.114189
0 0.527568 0.570608 0.018739 0.107432
0 0.548468 0.534459 0.026667 0.198649
0 0.567748 0.570608 0.033514 0.096622
0 0.595315 0.562838 0.039640 0.113514
0 0.529910 0.730743 0.027748 0.164189
0 0.553333 0.720608 0.040000 0.130405
0 0.587568 0.704730 0.057297 0.121622
0 0.437477 0.721959 0.027387 0.147973
0 0.414054 0.698649 0.043243 0.087838
0 0.383604 0.711824 0.063784 0.142568