0 0.475676 0.539865 0.030270 0.241892
0 0.451171 0.533108 0.038198 0.205405
0 0.439279 0.450338 0.046126 0.199324
0 0.401982 0.462500 0.032793 0.238514
0 0.386847 0.483108 0.001081 0.002703
0 0.370631 0.476351 0.034955 0.182432
0 0.333694 0.502365 0.050450 0.199324
0 0.308649 0.437838 0.054414 0.141892
0 0.288829 0.387500 0.042883 0.080405
0 0.510450 0.538851 0.029910 0.238514
0 0.535495 0.539527 0.041081 0.192568
0 0.545405 0.449324 0.037117 0.218919
0 0.580541 0.457095 0.037477 0.227703
0 0.608649 0.445608 0.048288 0.206081
0 0.653694 0.509459 0.049730 0.189189
0 0.677297 0.448311 0.060180 0.152027
0 0.699279 0.396622 0.042883 0.085135
0 0.501261 0.746959 0.019459 0.153378
0 0.519459 0.754392 0.027027 0.157432
0 0.543784 0.776351 0.027387 0.214865
0 0.569189 0.757770 0.032793 0.200676
0 0.609009 0.787500 0.035315 0.138514
0 0.649550 0.718581 0.079640 0.196622
0 0.696937 0.667568 0.085766 0.167568
0 0.482523 0.748986 0.018739 0.158784
0 0.461802 0.746622 0.021261 0.160811
0 0.437658 0.765878 0.031351 0.207432
0 0.414955 0.753716 0.033514 0.214189
0 0.372973 0.775676 0.038919 0.133784
0 0.337117 0.707095 0.079640 0.185811
0 0.291171 0.668581 0.077838 0.166892
0 0.252432 0.633446 0.032793 0.081757
0 0.422703 0.544932 0.031712 0.176351
0 0.371532 0.575676 0.038919 0.077027
0 0.562703 0.567568 0.029189 0.139189
0 0.585586 0.586486 0.032432 0.067568
0 0.616216 0.578041 0.041081 0.083108
0 0.601982 0.695946 0.050811 0.113514
0 0.382703 0.690541 0.056937 0.113514