0 0.491351 0.554730 0.033514 0.232432
0 0.466847 0.540878 0.034955 0.203378
0 0.437117 0.429054 0.039640 0.183784
0 0.415495 0.519932 0.044685 0.107432
0 0.391351 0.485811 0.042523 0.110811
0 0.343604 0.502703 0.063063 0.191892
0 0.320180 0.444932 0.063784 0.120946
0 0.524144 0.544932 0.032793 0.229054
0 0.550090 0.522297 0.027748 0.225676
0 0.574595 0.427027 0.037838 0.175676
0 0.598739 0.510811 0.044324 0.106757
0 0.618018 0.450338 0.039640 0.139865
0 0.664865 0.488514 0.061982 0.202703
0 0.688649 0.435135 0.056937 0.118919
0 0.526486 0.767905 0.023063 0.181757
0 0.544324 0.775000 0.032072 0.135135
0 0.573333 0.827703 0.045405 0.135135
0 0.598559 0.786486 0.035315 0.129730
0 0.642883 0.772635 0.040360 0.095270
0 0.682342 0.699662 0.090450 0.185811
0 0.727928 0.676351 0.057658 0.120270
0 0.505225 0.768581 0.023063 0.179054
0 0.482523 0.764189 0.025225 0.164865
0 0.446667 0.822635 0.067387 0.125000
0 0.420721 0.782432 0.050811 0.124324
0 0.372793 0.775676 0.040721 0.101351
0 0.325045 0.713514 0.092973 0.198649
0 0.270811 0.679054 0.058739 0.097297
0 0.439640 0.567230 0.036757 0.154730
0 0.414775 0.585811 0.037477 0.086486
0 0.382523 0.556419 0.044324 0.118243
0 0.572252 0.567568 0.033153 0.143243
0 0.599099 0.577365 0.035676 0.085811
0 0.630450 0.557770 0.042162 0.106081
0 0.567928 0.735135 0.025225 0.114865
0 0.593153 0.702703 0.034595 0.070270
0 0.631532 0.702703 0.056577 0.124324
0 0.455135 0.729730 0.031712 0.122973
0 0.429189 0.702703 0.041081 0.086486
0 0.382883 0.700676 0.066667 0.124324