0 0.488108 0.476351 0.034234 0.224324
0 0.458018 0.458446 0.030270 0.235811
0 0.426667 0.438514 0.038198 0.256757
0 0.398559 0.492905 0.043243 0.196622
0 0.368288 0.496622 0.038919 0.187838
0 0.327748 0.476014 0.056577 0.184459
0 0.299459 0.414527 0.070631 0.135811
0 0.273874 0.346622 0.029550 0.047297
0 0.522703 0.464189 0.040000 0.248649
0 0.555856 0.458784 0.032072 0.227027
0 0.585045 0.434797 0.037838 0.283108
0 0.608468 0.495270 0.042162 0.197297
0 0.638919 0.493919 0.041081 0.172973
0 0.678919 0.457095 0.054054 0.204730
0 0.704324 0.400338 0.068829 0.139865
0 0.725586 0.332095 0.030631 0.065541
0 0.499459 0.720946 0.024505 0.204054
0 0.517117 0.723986 0.038198 0.207432
0 0.538919 0.732770 0.044324 0.242568
0 0.578198 0.712500 0.038559 0.197973
0 0.619820 0.697973 0.051171 0.175676
0 0.663964 0.671284 0.083243 0.188514
0 0.712973 0.639189 0.060901 0.158108
0 0.759279 0.607095 0.043243 0.096622
0 0.477838 0.718919 0.024505 0.210811
0 0.455135 0.716554 0.029550 0.212838
0 0.431351 0.733784 0.038198 0.260811
0 0.400180 0.711149 0.036396 0.210135
0 0.354595 0.738851 0.041081 0.161486
0 0.316937 0.678716 0.083243 0.187162
0 0.264685 0.644595 0.070270 0.147297
0 0.222342 0.616892 0.040360 0.097297