0 0.488649 0.502027 0.027387 0.281081
0 0.456396 0.494595 0.029189 0.262162
0 0.432072 0.509797 0.038919 0.207432
0 0.407928 0.480743 0.036757 0.257432
0 0.378919 0.505743 0.048649 0.184459
0 0.334775 0.486486 0.051171 0.191892
0 0.313514 0.410473 0.049730 0.081757
0 0.516937 0.511149 0.027027 0.268243
0 0.545225 0.488176 0.029550 0.279054
0 0.576396 0.486486 0.036396 0.247297
0 0.601261 0.489865 0.035676 0.217568
0 0.630631 0.481419 0.046847 0.219595
0 0.668288 0.463176 0.055135 0.200676
0 0.683964 0.405743 0.041802 0.066892
0 0.498018 0.768581 0.022342 0.216892
0 0.516937 0.759122 0.021982 0.200676
0 0.541622 0.767230 0.034595 0.243919
0 0.562883 0.745270 0.039640 0.209459
0 0.590090 0.719595 0.041441 0.179730
0 0.634054 0.703716 0.078919 0.189865
0 0.682883 0.666216 0.085045 0.172973
0 0.479099 0.765541 0.020541 0.209459
0 0.459279 0.760811 0.024144 0.201351
0 0.439640 0.770946 0.038919 0.252703
0 0.413153 0.748986 0.034234 0.227703
0 0.384144 0.729730 0.043243 0.200000
0 0.339459 0.705405 0.075676 0.189189
0 0.291712 0.659797 0.086126 0.164189
0 0.256757 0.609797 0.024144 0.070946