0 0.476036 0.543243 0.033874 0.206757
0 0.448288 0.534797 0.034595 0.204730
0 0.428649 0.442568 0.037838 0.208108
0 0.395135 0.526689 0.037117 0.176351
0 0.372072 0.508446 0.034955 0.184459
0 0.334955 0.501689 0.047928 0.188514
0 0.303243 0.461149 0.056577 0.150676
0 0.280721 0.391554 0.051171 0.088514
0 0.510090 0.537500 0.034234 0.220946
0 0.539279 0.532095 0.030631 0.200676
0 0.567027 0.513851 0.034234 0.235811
0 0.588108 0.512838 0.043243 0.216216
0 0.617477 0.510473 0.042162 0.200676
0 0.653694 0.488851 0.051892 0.202027
0 0.685586 0.441554 0.063063 0.164189
0 0.710270 0.377365 0.055495 0.091216
0 0.504324 0.732770 0.020541 0.142568
0 0.523604 0.737500 0.024505 0.158784
0 0.543063 0.758446 0.038919 0.207432
0 0.574775 0.743243 0.033153 0.178378
0 0.604685 0.733784 0.043964 0.193243
0 0.652252 0.704730 0.085766 0.195946
0 0.691532 0.654392 0.066306 0.157432
0 0.749369 0.635473 0.055856 0.096622
0 0.483604 0.737838 0.023784 0.148649
0 0.463964 0.737838 0.020541 0.159459
0 0.439099 0.743919 0.031351 0.181081
0 0.413514 0.739865 0.032793 0.174324
0 0.377117 0.733784 0.055135 0.191892
0 0.336757 0.714527 0.088288 0.193919
0 0.299820 0.661149 0.078559 0.164189
0 0.249369 0.642230 0.051171 0.096622