0 0.487027 0.565203 0.024865 0.220946
0 0.465045 0.576014 0.031351 0.129054
0 0.438198 0.465878 0.043243 0.130405
0 0.427027 0.544257 0.041081 0.108784
0 0.396577 0.527027 0.038559 0.109459
0 0.367387 0.554054 0.050090 0.193243
0 0.338919 0.495946 0.056577 0.100000
0 0.518559 0.566554 0.029550 0.219595
0 0.542162 0.567568 0.032072 0.141892
0 0.565405 0.456419 0.043243 0.122297
0 0.578919 0.537838 0.039279 0.105405
0 0.605045 0.511486 0.045405 0.118919
0 0.636937 0.553378 0.049369 0.187838
0 0.663964 0.486149 0.057297 0.106081
0 0.504144 0.767230 0.015856 0.202027
0 0.520360 0.763176 0.028829 0.203378
0 0.538739 0.833108 0.030270 0.136486
0 0.564685 0.785135 0.026667 0.098649
0 0.596396 0.792905 0.036036 0.095270
0 0.635135 0.724324 0.068829 0.168919
0 0.686126 0.719595 0.054775 0.100000
0 0.486847 0.759459 0.018739 0.185135
0 0.471712 0.763514 0.025946 0.182432
0 0.458559 0.837500 0.030631 0.138514
0 0.429369 0.788514 0.028468 0.102703
0 0.395135 0.802365 0.034955 0.102027
0 0.358198 0.734797 0.061261 0.176351
0 0.312252 0.729054 0.047207 0.100000
0 0.439820 0.579054 0.027027 0.183784
0 0.419459 0.609459 0.029550 0.113514
0 0.393694 0.608446 0.045045 0.112838
0 0.567207 0.575338 0.024505 0.177703
0 0.588649 0.611486 0.032793 0.085135
0 0.607928 0.601689 0.046126 0.102027
0 0.545045 0.727027 0.025586 0.139189
0 0.565225 0.704392 0.029189 0.083108
0 0.596937 0.719257 0.052252 0.129054
0 0.449189 0.734459 0.024865 0.148649
0 0.427027 0.713851 0.032432 0.091216
0 0.397838 0.724662 0.047568 0.116892