0 0.476937 0.501689 0.035676 0.245270
0 0.444144 0.505405 0.032072 0.237838
0 0.416216 0.409797 0.046847 0.164189
0 0.387207 0.472635 0.047207 0.120946
0 0.354414 0.536149 0.040721 0.157432
0 0.315315 0.495608 0.052613 0.185811
0 0.289189 0.435811 0.058739 0.117568
0 0.516036 0.496959 0.034595 0.245270
0 0.542703 0.505743 0.023784 0.222297
0 0.576036 0.411486 0.042883 0.170270
0 0.600901 0.543919 0.037117 0.156757
0 0.630811 0.535473 0.045045 0.120946
0 0.670450 0.493919 0.052252 0.187838
0 0.693694 0.418243 0.053333 0.127027
0 0.510631 0.742230 0.025946 0.197973
0 0.537838 0.734797 0.025586 0.179054
0 0.562523 0.802703 0.043243 0.159459
0 0.608829 0.766216 0.040721 0.110811
0 0.652973 0.770608 0.040360 0.097973
0 0.682883 0.677703 0.085766 0.193243
0 0.739459 0.661824 0.061982 0.120946
0 0.483604 0.741892 0.027387 0.197297
0 0.456937 0.730743 0.025225 0.188514
0 0.429550 0.794257 0.038919 0.175000
0 0.384505 0.773986 0.046847 0.112838
0 0.343784 0.748649 0.041081 0.098649
0 0.306486 0.685811 0.082523 0.195946
0 0.250450 0.685811 0.068468 0.135135
0 0.416937 0.546284 0.031712 0.134459
0 0.389550 0.559797 0.035315 0.097973
0 0.581081 0.525676 0.001081 0.004054
0 0.566667 0.521284 0.032072 0.180405
0 0.579279 0.701351 0.001081 0.006757
0 0.564505 0.711149 0.035676 0.150676
0 0.595676 0.693919 0.051892 0.120270
0 0.632793 0.676014 0.050450 0.087162
0 0.429369 0.713176 0.027748 0.156081
0 0.397297 0.700000 0.048649 0.136486
0 0.338919 0.695270 0.001081 0.004054
0 0.348649 0.671622 0.021261 0.063514