0 0.483243 0.477365 0.036757 0.233108
0 0.456216 0.457432 0.038198 0.231081
0 0.431712 0.381081 0.055495 0.160811
0 0.408288 0.444595 0.048288 0.140541
0 0.381982 0.433784 0.044685 0.132432
0 0.334955 0.464527 0.057297 0.229054
0 0.305045 0.395270 0.053694 0.158108
0 0.519279 0.480405 0.038919 0.233784
0 0.543063 0.464527 0.046847 0.241216
0 0.568468 0.397635 0.048649 0.172297
0 0.601261 0.525338 0.045045 0.112838
0 0.606126 0.425000 0.037477 0.150000
0 0.640721 0.464527 0.058378 0.230405
0 0.674414 0.417905 0.059459 0.156081
0 0.708288 0.369595 0.040000 0.040541
0 0.507207 0.714865 0.029189 0.195946
0 0.528829 0.738851 0.042162 0.229054
0 0.545586 0.825338 0.043243 0.176351
0 0.578559 0.727703 0.040000 0.144595
0 0.618018 0.784459 0.043243 0.133784
0 0.664324 0.718581 0.075315 0.203378
0 0.717477 0.709122 0.067027 0.138514
0 0.486667 0.726351 0.022703 0.224324
0 0.463243 0.725338 0.027748 0.210135
0 0.434595 0.800338 0.051171 0.164189
0 0.399279 0.721284 0.034595 0.162838
0 0.362523 0.764527 0.046126 0.129054
0 0.329189 0.702365 0.087568 0.183108
0 0.271171 0.681757 0.071712 0.141892
0 0.235676 0.622973 0.033874 0.083784
0 0.432432 0.490878 0.033874 0.173649
0 0.408829 0.533108 0.047928 0.105405
0 0.381802 0.534797 0.050811 0.104730
0 0.572613 0.499324 0.032432 0.174324
0 0.554054 0.698311 0.031351 0.137162
0 0.613153 0.704054 0.070991 0.135135
0 0.438919 0.687838 0.026667 0.128378
0 0.420721 0.678716 0.030631 0.053378