0 0.461982 0.531081 0.036757 0.198649
0 0.420541 0.522635 0.033153 0.184459
0 0.392432 0.511824 0.038919 0.195270
0 0.363423 0.513176 0.032793 0.179054
0 0.325946 0.499662 0.048649 0.215541
0 0.286486 0.473311 0.050450 0.168243
0 0.275856 0.409797 0.046486 0.115541
0 0.499820 0.526014 0.036036 0.199324
0 0.532793 0.506081 0.058739 0.186486
0 0.577297 0.500000 0.045405 0.191892
0 0.609009 0.509122 0.046847 0.164189
0 0.650631 0.488176 0.055135 0.169595
0 0.685045 0.462838 0.064865 0.156757
0 0.696757 0.382432 0.050811 0.079730
0 0.498919 0.726014 0.023423 0.175000
0 0.521441 0.718919 0.028829 0.156757
0 0.578198 0.752703 0.011171 0.028378
0 0.549189 0.741554 0.031712 0.187162
0 0.580000 0.729730 0.037838 0.174324
0 0.616036 0.717905 0.053694 0.180405
0 0.662162 0.687500 0.094775 0.185811
0 0.708649 0.638851 0.079640 0.166892
0 0.736937 0.656757 0.001441 0.002703
0 0.750811 0.603716 0.042162 0.112838
0 0.479459 0.728378 0.024144 0.168919
0 0.458559 0.719595 0.028468 0.167568
0 0.433514 0.723311 0.030991 0.162838
0 0.406306 0.726014 0.032793 0.185811
0 0.373153 0.714189 0.045766 0.170270
0 0.326126 0.691892 0.083604 0.171622
0 0.656577 0.874324 0.001441 0.002703
0 0.226306 0.639865 0.180180 0.239189
0 0.242162 0.623986 0.046847 0.120946
0 0.750450 0.611149 0.044324 0.099324