0 0.458360 0.459270 0.032742 0.281716
0 0.513876 0.447929 0.059787 0.296399
0 0.551598 0.470615 0.042706 0.253689
0 0.312809 0.447926 0.064768 0.216324
0 0.386829 0.468611 0.037723 0.222993
0 0.668324 0.431243 0.083986 0.239014
0 0.698218 0.656848 0.105337 0.198845
0 0.643769 0.691541 0.093240 0.212189
0 0.591813 0.713564 0.034876 0.242885
0 0.562632 0.718902 0.033452 0.250885
0 0.534517 0.707557 0.028472 0.193507
0 0.512809 0.703554 0.027759 0.217527
0 0.493948 0.707557 0.015658 0.182831
0 0.445195 0.712230 0.033452 0.240216
0 0.419214 0.704223 0.034162 0.210851
0 0.364054 0.690209 0.086119 0.204176
0 0.573306 0.477953 0.041993 0.239014
0 0.474732 0.713564 0.024202 0.218858
0 0.355868 0.447257 0.048400 0.255027
0 0.414232 0.485294 0.041279 0.224331
0 0.598930 0.463274 0.043416 0.236345
0 0.429533 0.459936 0.044840 0.285723
0 0.627400 0.455267 0.073308 0.257696
0 0.308894 0.660848 0.098220 0.198845
0 0.478645 0.491301 0.040569 0.236345
0 0.499286 0.483959 0.043416 0.272378