0 0.484505 0.582095 0.028468 0.200676
0 0.460721 0.581757 0.026306 0.155405
0 0.435135 0.557095 0.033514 0.179054
0 0.411351 0.546284 0.038559 0.161486
0 0.383964 0.535811 0.040000 0.147297
0 0.351712 0.507432 0.041802 0.182432
0 0.324324 0.467568 0.058378 0.135135
0 0.307928 0.373311 0.040000 0.081757
0 0.512613 0.580405 0.027748 0.208108
0 0.536937 0.577365 0.022342 0.166892
0 0.560721 0.555405 0.030270 0.186486
0 0.582523 0.542568 0.037117 0.185135
0 0.607748 0.533108 0.037838 0.177027
0 0.640180 0.510473 0.049369 0.196622
0 0.674595 0.485135 0.054054 0.168919
0 0.689369 0.396284 0.049009 0.077703
0 0.508468 0.762838 0.020180 0.139189
0 0.527207 0.762162 0.019459 0.139189
0 0.550090 0.774324 0.030631 0.181081
0 0.573874 0.761486 0.038559 0.158108
0 0.605045 0.743919 0.051171 0.162162
0 0.640901 0.719595 0.079640 0.178378
0 0.682703 0.672297 0.068108 0.151351
0 0.489550 0.763176 0.018378 0.135811
0 0.469369 0.768243 0.021982 0.148649
0 0.446847 0.782095 0.030991 0.189865
0 0.416937 0.759122 0.051171 0.164189
0 0.389550 0.743243 0.057658 0.166216
0 0.354054 0.713514 0.084685 0.174324
0 0.314775 0.676689 0.068829 0.154730