0 0.476036 0.540878 0.037477 0.199324
0 0.447387 0.521622 0.046486 0.189189
0 0.426486 0.422635 0.045045 0.102027
0 0.403964 0.485811 0.042523 0.172973
0 0.373153 0.461824 0.042883 0.138514
0 0.332072 0.503041 0.053694 0.202027
0 0.308288 0.443919 0.055856 0.118919
0 0.516396 0.543919 0.034595 0.198649
0 0.547027 0.505743 0.041081 0.210135
0 0.569189 0.422635 0.045045 0.097973
0 0.589730 0.511486 0.040721 0.120270
0 0.621982 0.484122 0.038919 0.118243
0 0.658198 0.515203 0.065946 0.193919
0 0.685045 0.450676 0.058378 0.110811
0 0.513333 0.741216 0.019820 0.147297
0 0.536577 0.749662 0.022342 0.165541
0 0.564144 0.815541 0.035676 0.129730
0 0.593333 0.780068 0.033514 0.106081
0 0.634955 0.772973 0.041081 0.093243
0 0.672973 0.685811 0.078919 0.178378
0 0.727748 0.661486 0.058739 0.109459
0 0.491712 0.739189 0.019820 0.147297
0 0.468468 0.737838 0.021622 0.152703
0 0.441081 0.804392 0.035315 0.134459
0 0.519459 0.858784 0.001081 0.002703
0 0.413694 0.762500 0.034595 0.108784
0 0.371892 0.757432 0.041081 0.102703
0 0.331532 0.687500 0.080000 0.183108
0 0.278018 0.673311 0.059459 0.111486
0 0.398739 0.589189 0.032793 0.058108
0 0.372252 0.567230 0.044685 0.095270
0 0.563784 0.606419 0.029189 0.061486
0 0.594955 0.590203 0.033153 0.084459
0 0.625405 0.573649 0.044324 0.104054
0 0.558559 0.698986 0.028108 0.103378
0 0.587928 0.696959 0.045766 0.118243
0 0.620541 0.684459 0.054054 0.118919
0 0.445766 0.678041 0.023784 0.072297
0 0.418919 0.681081 0.043604 0.117568
0 0.384505 0.684459 0.053333 0.151351