0 0.481441 0.500338 0.033153 0.226351
0 0.455315 0.498311 0.039279 0.206081
0 0.443063 0.386149 0.041441 0.218243
0 0.422883 0.511486 0.030631 0.171622
0 0.403964 0.413851 0.038198 0.202027
0 0.374414 0.466892 0.035315 0.235135
0 0.334595 0.444257 0.040000 0.241216
0 0.291712 0.359459 0.078919 0.181081
0 0.519459 0.493243 0.034955 0.233784
0 0.547207 0.494257 0.031351 0.223649
0 0.565405 0.430405 0.036036 0.241892
0 0.596577 0.458446 0.034955 0.234459
0 0.610450 0.413851 0.054054 0.180405
0 0.658378 0.450338 0.049730 0.223649
0 0.686847 0.376689 0.069189 0.215541
0 0.712793 0.376689 0.045405 0.096622
0 0.507207 0.711486 0.018378 0.178378
0 0.527928 0.706419 0.020901 0.177703
0 0.549189 0.720608 0.034595 0.229054
0 0.579099 0.734122 0.035315 0.230405
0 0.611532 0.773986 0.042523 0.185811
0 0.647027 0.682432 0.087568 0.217568
0 0.693514 0.626014 0.084685 0.177703
0 0.744324 0.596622 0.047928 0.086486
0 0.487928 0.705743 0.019459 0.170946
0 0.465586 0.698311 0.028108 0.166892
0 0.440180 0.710135 0.029910 0.222973
0 0.401081 0.712500 0.034595 0.208784
0 0.374775 0.775000 0.058378 0.171622
0 0.348649 0.662838 0.086847 0.204054
0 0.276216 0.662838 0.084685 0.133784
0 0.253514 0.592905 0.049369 0.099324
0 0.400721 0.543243 0.032432 0.091892
0 0.570450 0.570946 0.028108 0.068919
0 0.595676 0.569932 0.033874 0.065541
0 0.625586 0.487838 0.045405 0.202703