0 0.484505 0.488176 0.025586 0.189865
0 0.460901 0.478716 0.023784 0.115541
0 0.445225 0.427365 0.032793 0.108784
0 0.435495 0.481419 0.034955 0.102027
0 0.415315 0.472297 0.034955 0.093243
0 0.384505 0.477365 0.057658 0.158784
0 0.353874 0.434797 0.052613 0.100676
0 0.510631 0.476014 0.024505 0.185811
0 0.528288 0.471959 0.022342 0.123649
0 0.544324 0.419595 0.029189 0.108108
0 0.559099 0.476689 0.033514 0.093919
0 0.575495 0.467905 0.035315 0.088514
0 0.605766 0.473311 0.056216 0.166892
0 0.637477 0.427365 0.052613 0.102027
0 0.505946 0.752027 0.018739 0.189189
0 0.522162 0.785135 0.020180 0.144595
0 0.543964 0.814865 0.026306 0.116216
0 0.564324 0.777703 0.028108 0.078378
0 0.600541 0.768919 0.032793 0.071622
0 0.628649 0.701014 0.066667 0.176351
0 0.681622 0.683108 0.047928 0.101351
0 0.488829 0.752027 0.021261 0.189189
0 0.474414 0.789865 0.021982 0.106757
0 0.460901 0.836486 0.025946 0.110811
0 0.437297 0.783446 0.028468 0.079054
0 0.403964 0.779054 0.031712 0.072973
0 0.365586 0.721284 0.065946 0.169595
0 0.314775 0.698649 0.046486 0.094595
0 0.466667 0.563851 0.018018 0.103378
0 0.450991 0.545946 0.027748 0.136486
0 0.433333 0.561149 0.031351 0.102027
0 0.412072 0.552365 0.038559 0.129054
0 0.528649 0.563176 0.016577 0.087162
0 0.541261 0.531757 0.021622 0.147297
0 0.559820 0.555068 0.028468 0.102027
0 0.582162 0.548311 0.040721 0.103378
0 0.520901 0.708108 0.016937 0.108108
0 0.536757 0.720270 0.016216 0.135135
0 0.588108 0.693243 0.054054 0.131081
0 0.473694 0.715541 0.016216 0.120270
0 0.457658 0.735135 0.018018 0.164865
0 0.438018 0.703041 0.034234 0.103378
0 0.410090 0.698986 0.049009 0.126351