0 0.454076 0.679024 0.024036 0.077250
0 0.435193 0.679828 0.036050 0.088520
0 0.430043 0.778807 0.036050 0.148074
0 0.453647 0.790878 0.036908 0.188311
0 0.470814 0.703966 0.024894 0.165770
0 0.399571 0.793294 0.043777 0.125534
0 0.491414 0.730524 0.021459 0.183480
0 0.309870 0.703966 0.078969 0.178649
0 0.542488 0.689483 0.029186 0.120709
0 0.651501 0.474544 0.075535 0.138574
0 0.563948 0.795706 0.030901 0.140020
0 0.631759 0.703166 0.087553 0.157723
0 0.716308 0.626713 0.055795 0.120709
0 0.684119 0.684655 0.089268 0.143243
0 0.596137 0.798122 0.040346 0.144851
0 0.563948 0.690287 0.044638 0.119101
0 0.530470 0.793294 0.039485 0.154507
0 0.587982 0.691091 0.041204 0.107831
0 0.519312 0.716841 0.024036 0.156115
0 0.407724 0.526527 0.058368 0.101554
0 0.295279 0.433179 0.053218 0.127304
0 0.387124 0.505605 0.060086 0.117655
0 0.392703 0.594122 0.036908 0.098338
0 0.437339 0.450078 0.050641 0.190074
0 0.436910 0.594125 0.030901 0.133750
0 0.412445 0.598149 0.054079 0.080635
0 0.478969 0.548253 0.036050 0.186858
0 0.455795 0.549865 0.034335 0.199730
0 0.686694 0.417405 0.063521 0.098338
0 0.551072 0.604909 0.039485 0.090291
0 0.524032 0.571912 0.042061 0.149838
0 0.566523 0.535703 0.042919 0.080635
0 0.546780 0.438328 0.039485 0.188466
0 0.594420 0.472936 0.057510 0.154669
0 0.625750 0.528456 0.054937 0.220655
0 0.574249 0.592838 0.049787 0.085459
0 0.595708 0.600882 0.046350 0.075804
0 0.318454 0.487095 0.072101 0.167541
0 0.356652 0.558716 0.054076 0.169149
0 0.505578 0.545037 0.036050 0.193291
0 0.503863 0.729720 0.027467 0.165777
0 0.256222 0.653270 0.057510 0.125541
0 0.406436 0.691095 0.045492 0.114270
0 0.359656 0.723284 0.077250 0.197959