0 0.476036 0.560811 0.033874 0.193243
0 0.448649 0.544932 0.026667 0.211486
0 0.422342 0.536824 0.028829 0.227703
0 0.400000 0.556081 0.036036 0.191892
0 0.374414 0.558784 0.035315 0.183784
0 0.336937 0.553378 0.043964 0.179730
0 0.301622 0.551351 0.054775 0.166216
0 0.275495 0.494932 0.046486 0.070946
0 0.509189 0.559122 0.033153 0.210135
0 0.534955 0.560811 0.028468 0.187838
0 0.560180 0.532770 0.032793 0.241216
0 0.579820 0.555068 0.038919 0.191216
0 0.608649 0.545946 0.047568 0.162162
0 0.652072 0.568243 0.050811 0.171622
0 0.692252 0.564865 0.058378 0.135135
0 0.720721 0.490541 0.051892 0.083784
0 0.492252 0.742568 0.027387 0.167568
0 0.510270 0.740878 0.037477 0.172297
0 0.532973 0.760473 0.033153 0.212838
0 0.559640 0.758108 0.037477 0.190541
0 0.585586 0.764527 0.036757 0.192568
0 0.628829 0.757095 0.070631 0.188514
0 0.682523 0.720270 0.077838 0.163514
0 0.735856 0.718919 0.052613 0.086486
0 0.470270 0.737838 0.029550 0.158108
0 0.448288 0.742230 0.023784 0.173649
0 0.423964 0.756419 0.024865 0.202027
0 0.400180 0.748311 0.026306 0.177703
0 0.372252 0.751014 0.036757 0.183108
0 0.332432 0.731081 0.061622 0.167568
0 0.286667 0.706757 0.061622 0.155405
0 0.242523 0.704392 0.044685 0.088514
0 0.608288 0.622635 0.043243 0.072297