0 0.406865 0.668392 0.051207 0.079703
0 0.553326 0.563307 0.029045 0.113115
0 0.286598 0.416605 0.047488 0.080385
0 0.454850 0.681524 0.024101 0.113277
0 0.428571 0.777750 0.035081 0.135203
0 0.460404 0.792365 0.035077 0.174176
0 0.473688 0.708324 0.022800 0.164432
0 0.488953 0.725983 0.018252 0.192453
0 0.684843 0.694922 0.068209 0.120588
0 0.727360 0.623061 0.045539 0.105973
0 0.666946 0.460453 0.055932 0.126676
0 0.572897 0.556797 0.038393 0.107311
0 0.595164 0.553571 0.043589 0.096345
0 0.629919 0.508507 0.052032 0.174297
0 0.595166 0.465875 0.040991 0.115831
0 0.566582 0.468919 0.034497 0.134108
0 0.533777 0.546872 0.032548 0.143851
0 0.546443 0.411500 0.052685 0.199297
0 0.506494 0.523733 0.042941 0.204750
0 0.480508 0.530429 0.040339 0.201101
0 0.460045 0.531645 0.030598 0.203534
0 0.439097 0.568189 0.027023 0.098784
0 0.417820 0.562098 0.035791 0.098777
0 0.436659 0.440294 0.050083 0.157250
0 0.411000 0.480490 0.049438 0.130453
0 0.434402 0.669845 0.027074 0.071865
0 0.356036 0.721003 0.072000 0.196777
0 0.308717 0.739382 0.052620 0.131547
0 0.322004 0.473243 0.058530 0.108405
0 0.357081 0.523122 0.053333 0.184041
0 0.390038 0.519122 0.038094 0.177432
0 0.390894 0.776534 0.040274 0.144946
0 0.265195 0.661429 0.040926 0.112061
0 0.505193 0.724764 0.019553 0.190014
0 0.521110 0.714412 0.022804 0.171743
0 0.541573 0.665084 0.018252 0.075520
0 0.557813 0.669345 0.027351 0.079176
0 0.587088 0.671780 0.046753 0.093791
0 0.542546 0.765571 0.035795 0.142507
0 0.565933 0.775314 0.037092 0.152250
0 0.599714 0.772878 0.037092 0.147378
0 0.633524 0.708787 0.076007 0.192155