0 0.433735 0.375740 0.045539 0.186480
0 0.589351 0.725983 0.042227 0.116926
0 0.401580 0.470139 0.046187 0.124358
0 0.551968 0.677264 0.033845 0.133986
0 0.574735 0.649247 0.044173 0.060899
0 0.572105 0.532865 0.037744 0.118270
0 0.582528 0.436645 0.044169 0.154818
0 0.558169 0.819162 0.059114 0.154689
0 0.372348 0.459784 0.037092 0.188919
0 0.527312 0.699189 0.028584 0.146162
0 0.509416 0.696142 0.034494 0.174176
0 0.488303 0.686399 0.028649 0.162000
0 0.282050 0.643159 0.066977 0.129115
0 0.409050 0.548699 0.037741 0.059804
0 0.468164 0.700405 0.036443 0.133986
0 0.456796 0.490841 0.034494 0.195007
0 0.383067 0.662037 0.063726 0.123020
0 0.446728 0.695534 0.029946 0.143730
0 0.437634 0.808811 0.071521 0.155905
0 0.426591 0.657774 0.044238 0.085264
0 0.408076 0.759480 0.042292 0.135203
0 0.622481 0.707105 0.059117 0.142507
0 0.362604 0.749736 0.055283 0.137635
0 0.712746 0.657774 0.068274 0.133980
0 0.675717 0.400101 0.074771 0.115838
0 0.335643 0.661429 0.083214 0.194885
0 0.644243 0.458564 0.055867 0.184047
0 0.573112 0.355030 0.046123 0.149939
0 0.540921 0.496324 0.036443 0.196230
0 0.610014 0.448105 0.039625 0.130453
0 0.341524 0.447605 0.063661 0.186480
0 0.314207 0.374524 0.061128 0.157250
0 0.429838 0.506679 0.033845 0.148723
0 0.482133 0.507895 0.033196 0.212061
0 0.513962 0.513986 0.040991 0.207189
0 0.747499 0.560943 0.058530 0.103534
0 0.594515 0.540176 0.043589 0.081730
0 0.658211 0.664473 0.098094 0.200973