0 0.624032 0.659385 0.061802 0.193135
0 0.663948 0.631223 0.078108 0.197959
0 0.707724 0.597422 0.088414 0.185088
0 0.710299 0.316493 0.067813 0.164324
0 0.684978 0.399382 0.065236 0.185250
0 0.647209 0.406622 0.073820 0.244797
0 0.615877 0.429159 0.052360 0.238358
0 0.584541 0.444446 0.054919 0.249622
0 0.560514 0.458125 0.037769 0.225480
0 0.381973 0.450081 0.046353 0.215824
0 0.408153 0.446858 0.055795 0.244797
0 0.439056 0.438811 0.050645 0.276986
0 0.462659 0.443639 0.044634 0.254453
0 0.487123 0.447666 0.047211 0.252845
0 0.511587 0.442030 0.049784 0.270547
0 0.539485 0.458932 0.036908 0.217432
0 0.274249 0.340635 0.062659 0.177203
0 0.293991 0.427547 0.048926 0.199730
0 0.337768 0.435595 0.072962 0.219041
0 0.592274 0.670655 0.054933 0.196351
0 0.572960 0.686747 0.045495 0.206007
0 0.548068 0.684331 0.028324 0.194743
0 0.529613 0.681919 0.027470 0.189919
0 0.509870 0.684334 0.029182 0.201182
0 0.491416 0.704453 0.024894 0.225324
0 0.469099 0.702037 0.033477 0.223709
0 0.445923 0.681919 0.033474 0.202784
0 0.412876 0.675480 0.044634 0.212446
0 0.372103 0.648122 0.074677 0.199568
0 0.323604 0.622372 0.060086 0.193135