0 0.472973 0.523311 0.029189 0.231757
0 0.451171 0.509797 0.023784 0.218243
0 0.426126 0.504392 0.028468 0.230405
0 0.408288 0.524662 0.036036 0.183108
0 0.386667 0.516216 0.036036 0.197297
0 0.359640 0.507095 0.046847 0.197973
0 0.326126 0.487838 0.051892 0.171622
0 0.313333 0.401689 0.042883 0.119595
0 0.500180 0.531081 0.029550 0.209459
0 0.520360 0.518243 0.025225 0.208108
0 0.539459 0.510811 0.027387 0.233784
0 0.561802 0.523649 0.037477 0.189189
0 0.580180 0.516554 0.043964 0.202027
0 0.609369 0.512838 0.054775 0.191892
0 0.648108 0.488514 0.059459 0.187838
0 0.669910 0.434122 0.047568 0.095270
0 0.484144 0.733446 0.025586 0.152027
0 0.504144 0.738851 0.023063 0.157432
0 0.527928 0.744595 0.028108 0.167568
0 0.551712 0.731419 0.037477 0.172297
0 0.585586 0.712500 0.056937 0.173649
0 0.626306 0.691892 0.089369 0.195946
0 0.669009 0.651351 0.087568 0.190541
0 0.720901 0.623649 0.061622 0.110811
0 0.465045 0.737500 0.034955 0.157432
0 0.449730 0.742568 0.028829 0.159459
0 0.422162 0.740541 0.038559 0.172973
0 0.399459 0.728378 0.042883 0.179730
0 0.366126 0.712500 0.063423 0.183108
0 0.335676 0.685473 0.081081 0.193919
0 0.299279 0.634459 0.082523 0.187838
0 0.253514 0.596622 0.053694 0.105405