0 0.477117 0.530743 0.040360 0.203378
0 0.452072 0.528378 0.029910 0.193243
0 0.420541 0.431081 0.050450 0.170270
0 0.400180 0.500000 0.047207 0.141892
0 0.365045 0.494257 0.040360 0.108784
0 0.323604 0.530743 0.058378 0.168243
0 0.289730 0.461486 0.052613 0.114865
0 0.512793 0.525676 0.032432 0.205405
0 0.539279 0.521284 0.030631 0.199324
0 0.562703 0.426689 0.040000 0.185811
0 0.591351 0.505743 0.043243 0.197973
0 0.620000 0.508784 0.039279 0.183784
0 0.659279 0.498649 0.055135 0.172973
0 0.691712 0.438176 0.052252 0.129054
0 0.507568 0.722973 0.020541 0.145946
0 0.533333 0.737838 0.025225 0.172973
0 0.555676 0.809797 0.038919 0.172297
0 0.583784 0.729730 0.034595 0.164865
0 0.631892 0.770608 0.036396 0.125000
0 0.674234 0.705743 0.087207 0.206081
0 0.727928 0.680068 0.061261 0.126351
0 0.486306 0.724324 0.021982 0.141892
0 0.462523 0.744595 0.027748 0.163514
0 0.435676 0.783446 0.033874 0.164189
0 0.405766 0.754730 0.033153 0.172973
0 0.355856 0.788176 0.037117 0.122297
0 0.315856 0.729730 0.085405 0.197297
0 0.259279 0.709459 0.061622 0.129730
0 0.426126 0.566216 0.033514 0.139189
0 0.399459 0.587500 0.036396 0.083108
0 0.367928 0.576014 0.046126 0.102027
0 0.564685 0.546622 0.029550 0.139189
0 0.554054 0.703378 0.027748 0.110811
0 0.621441 0.689865 0.064505 0.131081
0 0.367928 0.715203 0.060541 0.135811