0 0.487027 0.497973 0.032072 0.282432
0 0.465225 0.488514 0.048288 0.272973
0 0.440000 0.437162 0.066306 0.198649
0 0.407748 0.513851 0.052252 0.203378
0 0.381982 0.517230 0.052613 0.170946
0 0.345405 0.517905 0.058739 0.169595
0 0.303063 0.467905 0.055495 0.147973
0 0.268108 0.425676 0.048288 0.070270
0 0.516036 0.504730 0.030270 0.275676
0 0.542342 0.511824 0.038919 0.253378
0 0.576216 0.444932 0.062703 0.175000
0 0.596937 0.532432 0.037838 0.189189
0 0.621622 0.500676 0.042523 0.105405
0 0.665766 0.514527 0.050811 0.183108
0 0.698198 0.458446 0.049369 0.157432
0 0.726667 0.410473 0.047207 0.080405
0 0.509550 0.738176 0.020901 0.175000
0 0.530450 0.737500 0.023784 0.179054
0 0.558378 0.759459 0.031351 0.181081
0 0.587928 0.741554 0.037117 0.196622
0 0.619279 0.732095 0.052973 0.189865
0 0.661081 0.711824 0.069550 0.184459
0 0.707928 0.678041 0.061622 0.161486
0 0.750991 0.658784 0.046126 0.083784
0 0.491171 0.743581 0.027387 0.181757
0 0.472973 0.738176 0.036396 0.177703
0 0.444505 0.795608 0.044324 0.195270
0 0.410631 0.757770 0.042883 0.214189
0 0.381622 0.741216 0.051171 0.204054
0 0.337838 0.725338 0.076036 0.196622
0 0.286486 0.697973 0.084324 0.159459
0 0.234414 0.658784 0.050811 0.094595
0 0.436937 0.540541 0.032072 0.163514
0 0.570090 0.574324 0.030270 0.110811
0 0.622342 0.568919 0.041802 0.077027
0 0.440180 0.698649 0.028468 0.094595