0 0.316308 0.677895 0.084977 0.165777
0 0.630901 0.770439 0.054933 0.099784
0 0.266951 0.645706 0.068670 0.127142
0 0.354505 0.751929 0.051503 0.094953
0 0.566094 0.677895 0.047207 0.140020
0 0.621029 0.652949 0.093560 0.148074
0 0.548926 0.698010 0.033477 0.138412
0 0.584119 0.780899 0.050645 0.117486
0 0.547640 0.848497 0.070386 0.133588
0 0.532187 0.698014 0.018883 0.119095
0 0.506007 0.712500 0.033477 0.131973
0 0.726180 0.677091 0.070386 0.148074
0 0.677681 0.442838 0.057510 0.146622
0 0.638196 0.504797 0.067809 0.180419
0 0.606865 0.490314 0.042919 0.109601
0 0.572532 0.447666 0.053222 0.143399
0 0.588411 0.561936 0.045492 0.075804
0 0.615020 0.608608 0.043777 0.101554
0 0.581544 0.602976 0.045495 0.090291
0 0.562659 0.577223 0.035193 0.167541
0 0.517157 0.539395 0.036894 0.198101
0 0.372532 0.647318 0.075535 0.101392
0 0.412016 0.669044 0.044638 0.122318
0 0.482831 0.542622 0.040342 0.182027
0 0.449784 0.604584 0.027467 0.135358
0 0.431759 0.588493 0.027467 0.116041
0 0.403004 0.586078 0.038627 0.111209
0 0.447640 0.511236 0.045492 0.151446
0 0.420171 0.413865 0.055795 0.182027
0 0.413303 0.537794 0.047211 0.098331
0 0.379398 0.449274 0.063517 0.169155
0 0.351072 0.524905 0.065236 0.172351
0 0.319312 0.429155 0.070386 0.112824
0 0.676395 0.689970 0.078973 0.186696
0 0.392274 0.769635 0.053218 0.117486
0 0.415022 0.820331 0.055795 0.141635
0 0.450643 0.745493 0.044638 0.094959
0 0.459227 0.674676 0.027470 0.069203
0 0.483261 0.706061 0.034335 0.144851