0 0.480360 0.486149 0.028829 0.227703
0 0.448829 0.506757 0.029189 0.206757
0 0.420541 0.517568 0.033153 0.231081
0 0.392793 0.530068 0.035315 0.218243
0 0.365586 0.525676 0.032793 0.208108
0 0.342883 0.516892 0.047207 0.187838
0 0.303243 0.537162 0.041441 0.202703
0 0.265225 0.506081 0.043243 0.170270
0 0.508468 0.497297 0.030270 0.198649
0 0.534775 0.488176 0.025225 0.215541
0 0.563063 0.482095 0.030631 0.245270
0 0.587207 0.486149 0.040721 0.229054
0 0.611712 0.511824 0.037117 0.200676
0 0.638739 0.522973 0.047207 0.204054
0 0.677838 0.518243 0.060541 0.208108
0 0.721081 0.487500 0.046847 0.166892
0 0.518739 0.695608 0.024144 0.191216
0 0.539820 0.710811 0.032432 0.214865
0 0.567207 0.721284 0.030991 0.185811
0 0.596036 0.726014 0.036757 0.183108
0 0.639820 0.714865 0.065225 0.131081
0 0.685586 0.701689 0.080360 0.173649
0 0.741441 0.691554 0.073874 0.154730
0 0.498739 0.692230 0.023784 0.162838
0 0.483604 0.690878 0.020901 0.152027
0 0.465405 0.697635 0.020541 0.158784
0 0.440000 0.723649 0.030991 0.200000
0 0.385586 0.740878 0.036036 0.181757
0 0.358198 0.734122 0.038198 0.187162
0 0.310090 0.737162 0.076036 0.162162
0 0.267568 0.694932 0.078919 0.170946