0 0.487207 0.512500 0.028108 0.195270
0 0.460541 0.519932 0.026667 0.160135
0 0.433694 0.501014 0.032793 0.204730
0 0.410631 0.512838 0.035676 0.177027
0 0.386486 0.511486 0.036396 0.160811
0 0.353333 0.518581 0.050811 0.166892
0 0.313153 0.507095 0.043243 0.157432
0 0.290270 0.459797 0.047928 0.084459
0 0.524685 0.420946 0.054054 0.170270
0 0.641982 0.565878 0.001802 0.003378
0 0.533153 0.525000 0.024144 0.162162
0 0.558739 0.495946 0.031351 0.250000
0 0.581261 0.526351 0.043243 0.201351
0 0.585405 0.609122 0.002523 0.003378
0 0.615495 0.608108 0.001441 0.002703
0 0.611712 0.605743 0.001802 0.003378
0 0.592252 0.512162 0.001802 0.010811
0 0.610450 0.514189 0.047568 0.160811
0 0.635676 0.512500 0.057658 0.243919
0 0.678018 0.518581 0.052973 0.157432
0 0.710270 0.476014 0.049009 0.089865
0 0.497297 0.691554 0.022342 0.127703
0 0.509550 0.703378 0.033874 0.148649
0 0.528468 0.723986 0.035676 0.200676
0 0.556036 0.732770 0.036757 0.164189
0 0.571171 0.742568 0.059099 0.183784
0 0.614775 0.731081 0.068468 0.187838
0 0.666486 0.744595 0.061622 0.185135
0 0.719099 0.688176 0.051532 0.111486
0 0.480721 0.698986 0.017297 0.139865
0 0.462342 0.696959 0.021622 0.150676
0 0.443423 0.708784 0.023423 0.182432
0 0.416937 0.719257 0.029550 0.168243
0 0.407387 0.765203 0.006126 0.022297
0 0.394234 0.757770 0.047568 0.143919
0 0.357117 0.709459 0.068468 0.170270
0 0.310991 0.709797 0.049730 0.146622
0 0.269189 0.658784 0.044685 0.095946
0 0.596577 0.598311 0.042162 0.081757
0 0.389369 0.664189 0.040000 0.086486