0 0.469550 0.523986 0.034595 0.253378
0 0.452793 0.500338 0.030631 0.146622
0 0.430450 0.453716 0.034234 0.097973
0 0.422883 0.520270 0.034234 0.097297
0 0.397297 0.505743 0.031351 0.087162
0 0.362342 0.534797 0.046486 0.175000
0 0.332252 0.468919 0.047568 0.102703
0 0.504505 0.543581 0.030991 0.170946
0 0.522162 0.508108 0.029550 0.137838
0 0.545225 0.456757 0.036036 0.097297
0 0.555315 0.528716 0.038198 0.095270
0 0.575676 0.510473 0.037838 0.081757
0 0.615315 0.531419 0.065225 0.193919
0 0.654054 0.465878 0.055495 0.103378
0 0.496577 0.750338 0.023063 0.160135
0 0.514595 0.761824 0.025946 0.129054
0 0.537838 0.834122 0.040721 0.092568
0 0.563964 0.785135 0.038198 0.077027
0 0.606126 0.770946 0.040360 0.078378
0 0.641081 0.692568 0.090090 0.170270
0 0.703423 0.677703 0.051892 0.093243
0 0.478018 0.745946 0.021261 0.160811
0 0.455315 0.751014 0.024865 0.137162
0 0.427387 0.833446 0.040360 0.106081
0 0.405586 0.771622 0.037117 0.077027
0 0.364505 0.759122 0.034955 0.073649
0 0.331171 0.684459 0.075676 0.163514
0 0.279099 0.664527 0.046486 0.093919
0 0.441802 0.594595 0.025225 0.148649
0 0.436036 0.585811 0.037477 0.105405
0 0.400180 0.579392 0.045045 0.122297
0 0.519820 0.620270 0.018378 0.106757
0 0.539279 0.581081 0.025586 0.159459
0 0.556216 0.600000 0.039279 0.104054
0 0.581261 0.589527 0.040360 0.112838
0 0.534775 0.737162 0.020180 0.150000
0 0.560901 0.709122 0.047928 0.112838
0 0.598559 0.698986 0.067027 0.135811
0 0.435135 0.734122 0.022703 0.162838
0 0.410631 0.699662 0.040721 0.110135
0 0.376036 0.691554 0.059459 0.135811