0 0.377544 0.628541 0.055283 0.070649
0 0.446112 0.491453 0.044173 0.240068
0 0.739088 0.621236 0.077953 0.163216
0 0.782580 0.553024 0.048137 0.124236
0 0.688092 0.649247 0.104587 0.214372
0 0.633850 0.688223 0.064962 0.192446
0 0.599422 0.698578 0.055867 0.188791
0 0.571486 0.722331 0.049373 0.172959
0 0.538324 0.727811 0.032548 0.188797
0 0.512987 0.721108 0.028649 0.163216
0 0.489277 0.729635 0.031895 0.182703
0 0.478559 0.511551 0.037744 0.248601
0 0.291472 0.359294 0.075420 0.158466
0 0.634142 0.450649 0.055283 0.209622
0 0.267110 0.288713 0.061780 0.107182
0 0.319762 0.429334 0.066912 0.225453
0 0.386022 0.465872 0.050018 0.237635
0 0.414932 0.451865 0.036378 0.243730
0 0.514613 0.504848 0.039690 0.259561
0 0.541897 0.495716 0.044890 0.238851
0 0.575027 0.470135 0.044886 0.255905
0 0.698778 0.337372 0.074119 0.156027
0 0.461995 0.726591 0.031895 0.174182
0 0.429514 0.726591 0.055279 0.169304
0 0.357407 0.726591 0.065676 0.176615
0 0.317130 0.655946 0.103355 0.215595
0 0.216441 0.563378 0.055283 0.110838
0 0.358413 0.448213 0.041575 0.221804
0 0.607184 0.466480 0.046836 0.236419
0 0.672468 0.419588 0.068274 0.210838
0 0.721841 0.272818 0.048786 0.107311
0 0.402555 0.710760 0.053333 0.193669
0 0.250220 0.635243 0.083863 0.154689