0 0.477658 0.460473 0.030631 0.229054
0 0.449189 0.448986 0.025586 0.219595
0 0.419279 0.430743 0.032793 0.253378
0 0.391532 0.436824 0.036396 0.237162
0 0.363243 0.426351 0.038198 0.233784
0 0.331712 0.425000 0.050811 0.202703
0 0.290090 0.405743 0.053333 0.207432
0 0.263784 0.356757 0.046126 0.131081
0 0.510811 0.461149 0.036396 0.238514
0 0.537658 0.460473 0.025946 0.220946
0 0.564324 0.442905 0.035315 0.264189
0 0.592793 0.446622 0.037477 0.232432
0 0.622342 0.449662 0.036036 0.210135
0 0.656396 0.442230 0.047928 0.208784
0 0.692613 0.435811 0.063423 0.187838
0 0.723964 0.379392 0.043964 0.145270
0 0.505946 0.681081 0.018739 0.171622
0 0.522883 0.673649 0.028108 0.167568
0 0.549189 0.707432 0.037477 0.202703
0 0.571892 0.686149 0.036036 0.180405
0 0.599459 0.684122 0.037117 0.200676
0 0.638378 0.670270 0.076757 0.202703
0 0.724685 0.716554 0.001441 0.002027
0 0.691712 0.639865 0.089009 0.200000
0 0.743964 0.625338 0.070991 0.138514
0 0.488108 0.669595 0.019820 0.163514
0 0.468108 0.692905 0.023784 0.208784
0 0.443243 0.706081 0.033874 0.212162
0 0.419099 0.685135 0.033874 0.193243
0 0.392793 0.683108 0.038919 0.200000
0 0.352973 0.671959 0.070270 0.216892
0 0.300180 0.643919 0.081441 0.201351
0 0.247387 0.623311 0.069550 0.142568