0 0.472793 0.415878 0.025225 0.253378
0 0.466667 0.440878 0.025946 0.222297
0 0.442523 0.416892 0.030991 0.264865
0 0.426306 0.447297 0.033153 0.228378
0 0.401261 0.430405 0.034234 0.237838
0 0.372432 0.425000 0.050811 0.225676
0 0.332252 0.419932 0.052613 0.196622
0 0.309009 0.348986 0.054414 0.096622
0 0.494775 0.440203 0.028829 0.230405
0 0.512252 0.432432 0.026306 0.232432
0 0.536937 0.428378 0.026667 0.228378
0 0.552432 0.436149 0.036757 0.223649
0 0.572973 0.430405 0.046847 0.212162
0 0.599099 0.434459 0.061622 0.198649
0 0.645586 0.407432 0.059459 0.193243
0 0.678559 0.344257 0.058378 0.104730
0 0.494234 0.668243 0.021261 0.190541
0 0.510991 0.666554 0.025946 0.211486
0 0.530811 0.685473 0.028829 0.237162
0 0.551892 0.677365 0.035676 0.219595
0 0.592072 0.663851 0.066306 0.189865
0 0.634775 0.638176 0.091892 0.197973
0 0.681261 0.596959 0.091171 0.187162
0 0.731532 0.556419 0.048288 0.107432
0 0.478919 0.669595 0.023063 0.190541
0 0.463964 0.667905 0.034955 0.188514
0 0.445045 0.706081 0.031712 0.237838
0 0.422342 0.692568 0.033153 0.227027
0 0.386667 0.678716 0.054775 0.204730
0 0.347928 0.647973 0.078198 0.198649
0 0.299099 0.614865 0.078559 0.195946
0 0.257117 0.581419 0.045766 0.106081