0 0.479640 0.520608 0.033874 0.188514
0 0.459279 0.515541 0.025586 0.200000
0 0.433333 0.486486 0.032793 0.217568
0 0.414054 0.516554 0.041802 0.168243
0 0.397477 0.460473 0.043243 0.138514
0 0.350450 0.482095 0.057297 0.193919
0 0.329910 0.416554 0.059459 0.122297
0 0.508108 0.515878 0.033874 0.208784
0 0.530090 0.513514 0.035315 0.198649
0 0.556396 0.488514 0.038198 0.237838
0 0.577838 0.500676 0.045766 0.198649
0 0.601081 0.497973 0.054054 0.194595
0 0.643423 0.492905 0.053694 0.180405
0 0.660360 0.415541 0.068829 0.140541
0 0.516036 0.723986 0.025225 0.152027
0 0.539099 0.729392 0.036036 0.169595
0 0.566126 0.754054 0.042523 0.202703
0 0.591892 0.743243 0.038559 0.195946
0 0.625946 0.719932 0.057658 0.176351
0 0.677117 0.695946 0.085766 0.186486
0 0.730811 0.671622 0.067027 0.131081
0 0.492432 0.720270 0.024865 0.160811
0 0.468108 0.727703 0.032432 0.163514
0 0.438559 0.743581 0.033874 0.196622
0 0.408468 0.741554 0.038559 0.188514
0 0.370811 0.726014 0.051892 0.172297
0 0.322162 0.701014 0.087207 0.199324
0 0.271351 0.671959 0.060541 0.133108
0 0.384324 0.528378 0.044324 0.129730