0 0.477117 0.582770 0.033153 0.181757
0 0.454775 0.570946 0.038919 0.229730
0 0.425586 0.504392 0.059099 0.170946
0 0.397838 0.583784 0.043964 0.181081
0 0.365946 0.567905 0.040000 0.191216
0 0.330270 0.545608 0.057297 0.185811
0 0.307207 0.493581 0.051532 0.106081
0 0.515676 0.561824 0.033153 0.222297
0 0.540180 0.558784 0.037477 0.229730
0 0.565225 0.502703 0.044324 0.164865
0 0.595135 0.579730 0.040000 0.170270
0 0.621261 0.512162 0.041802 0.163514
0 0.663964 0.531081 0.060180 0.178378
0 0.685766 0.472297 0.049009 0.095946
0 0.509189 0.769932 0.021622 0.168243
0 0.526126 0.771622 0.034595 0.164865
0 0.548108 0.789189 0.041081 0.175676
0 0.584324 0.763851 0.035676 0.127703
0 0.619640 0.752365 0.055135 0.129054
0 0.660360 0.720270 0.091171 0.174324
0 0.706126 0.695608 0.058018 0.120946
0 0.486306 0.773986 0.021982 0.170946
0 0.468829 0.782432 0.033874 0.172973
0 0.450090 0.790878 0.043243 0.189865
0 0.415315 0.765203 0.035676 0.138514
0 0.376396 0.801689 0.047928 0.112838
0 0.343604 0.742568 0.088288 0.181081
0 0.292613 0.725000 0.061982 0.122973
0 0.426126 0.625000 0.032793 0.106757
0 0.563063 0.595946 0.037117 0.135135
0 0.630991 0.608108 0.047568 0.101351