0 0.493153 0.525000 0.025586 0.218919
0 0.474955 0.529392 0.022342 0.189865
0 0.455676 0.496284 0.030631 0.256081
0 0.442342 0.531757 0.040000 0.210811
0 0.415676 0.534459 0.041441 0.210811
0 0.386667 0.546622 0.056937 0.201351
0 0.350090 0.529730 0.060901 0.151351
0 0.330090 0.453716 0.050450 0.079054
0 0.519099 0.521959 0.026306 0.231757
0 0.537297 0.537500 0.023063 0.189865
0 0.558198 0.519257 0.028108 0.218243
0 0.579459 0.525676 0.037477 0.216216
0 0.605405 0.519932 0.036757 0.222297
0 0.636757 0.534797 0.043964 0.168243
0 0.662342 0.460473 0.049730 0.091216
0 0.518378 0.710811 0.018378 0.185135
0 0.537297 0.723311 0.023784 0.173649
0 0.552072 0.741892 0.023784 0.216216
0 0.578378 0.728041 0.030270 0.183108
0 0.605766 0.719595 0.043964 0.182432
0 0.646847 0.682095 0.074234 0.149324
0 0.709730 0.648649 0.033514 0.090541
0 0.501622 0.707432 0.021622 0.174324
0 0.490991 0.722973 0.032793 0.183784
0 0.472973 0.746959 0.040721 0.226351
0 0.442703 0.739865 0.034234 0.190541
0 0.416757 0.746622 0.046486 0.191892
0 0.354054 0.708446 0.097658 0.150676
0 0.288288 0.692905 0.044685 0.093919