0 0.488840 0.760784 0.026609 0.180257
0 0.508153 0.748713 0.029186 0.191520
0 0.528755 0.768024 0.030901 0.223709
0 0.551072 0.734226 0.029186 0.143236
0 0.568668 0.731811 0.038627 0.112662
0 0.598283 0.727791 0.058368 0.165770
0 0.552789 0.856541 0.049787 0.162554
0 0.584550 0.809064 0.058368 0.106223
0 0.617596 0.813892 0.059229 0.119095
0 0.653218 0.717328 0.092706 0.170601
0 0.708155 0.713304 0.078969 0.117486
0 0.659656 0.439615 0.071247 0.162716
0 0.633045 0.537794 0.078112 0.178804
0 0.606007 0.595733 0.049787 0.101561
0 0.573820 0.577226 0.052360 0.141791
0 0.550643 0.582054 0.030043 0.125703
0 0.602146 0.476635 0.045495 0.127311
0 0.568240 0.475831 0.058368 0.164324
0 0.546780 0.408233 0.053222 0.202953
0 0.533045 0.564351 0.036050 0.161108
0 0.509013 0.568372 0.037766 0.198122
0 0.473391 0.559520 0.043777 0.209392
0 0.443777 0.549865 0.042919 0.199730
0 0.416308 0.581250 0.030901 0.098338
0 0.387553 0.576419 0.042061 0.114432
0 0.432618 0.417088 0.048068 0.198122
0 0.409870 0.506409 0.064375 0.087074
0 0.381973 0.480659 0.058368 0.145007
0 0.348497 0.536182 0.060086 0.198122
0 0.322317 0.455709 0.081542 0.133743
0 0.449786 0.854132 0.049784 0.173818
0 0.420169 0.812284 0.043777 0.109446
0 0.383261 0.785730 0.052360 0.101392
0 0.295706 0.710084 0.083261 0.123926
0 0.342488 0.718128 0.089272 0.178649
0 0.395708 0.691574 0.061802 0.080473
0 0.412874 0.729399 0.066951 0.107838
0 0.450214 0.729399 0.047211 0.143243
0 0.472532 0.753541 0.030043 0.162554