0 0.475315 0.519595 0.032432 0.216216
0 0.449189 0.518243 0.032793 0.194595
0 0.419099 0.503378 0.033874 0.224324
0 0.392613 0.508784 0.036396 0.197297
0 0.367568 0.511149 0.038198 0.181757
0 0.334414 0.489527 0.056216 0.204730
0 0.295135 0.461149 0.050450 0.172297
0 0.273153 0.395946 0.055495 0.098649
0 0.507027 0.524324 0.031712 0.200000
0 0.532613 0.520608 0.030991 0.189865
0 0.560180 0.497973 0.032793 0.239189
0 0.588829 0.506757 0.035315 0.204054
0 0.616577 0.509459 0.036036 0.179730
0 0.653514 0.496284 0.056577 0.193919
0 0.682162 0.433446 0.061261 0.175000
0 0.711171 0.376689 0.051532 0.103378
0 0.499820 0.714189 0.019459 0.154054
0 0.519279 0.717230 0.024505 0.160135
0 0.543063 0.735473 0.030270 0.204730
0 0.567387 0.717568 0.032793 0.187838
0 0.595495 0.703716 0.045045 0.175000
0 0.640000 0.697635 0.082883 0.203378
0 0.688108 0.660473 0.073153 0.176351
0 0.736757 0.644257 0.050090 0.103378
0 0.482342 0.711149 0.020541 0.146622
0 0.461261 0.718581 0.023784 0.162838
0 0.434955 0.732770 0.033153 0.208784
0 0.412072 0.717905 0.032072 0.192568
0 0.372072 0.749324 0.052252 0.124324
0 0.333514 0.692905 0.071712 0.202027
0 0.286847 0.652703 0.072072 0.187838
0 0.240000 0.633784 0.049730 0.098649
0 0.375315 0.674662 0.052973 0.119595