0 0.481802 0.473311 0.033153 0.250676
0 0.462703 0.461486 0.032432 0.256757
0 0.430270 0.459459 0.036036 0.275676
0 0.413153 0.471622 0.047207 0.229730
0 0.384324 0.472297 0.040000 0.216216
0 0.344324 0.473311 0.052973 0.175000
0 0.298378 0.450338 0.046847 0.149324
0 0.514054 0.471284 0.033514 0.253378
0 0.531171 0.482770 0.031712 0.229054
0 0.559459 0.463851 0.032793 0.252027
0 0.573694 0.461824 0.043243 0.253378
0 0.593153 0.466554 0.043964 0.226351
0 0.632432 0.462500 0.054054 0.214189
0 0.680901 0.463176 0.051532 0.181757
0 0.705586 0.429392 0.067027 0.152027
0 0.503063 0.699324 0.023063 0.168919
0 0.522883 0.711149 0.026667 0.185811
0 0.546126 0.713851 0.034955 0.215541
0 0.569910 0.710135 0.034234 0.217568
0 0.603784 0.715878 0.035676 0.214189
0 0.635495 0.668919 0.079640 0.186486
0 0.707387 0.609122 0.093694 0.149324
0 0.484324 0.703378 0.020901 0.174324
0 0.465405 0.706757 0.028468 0.187838
0 0.440901 0.715878 0.028468 0.199324
0 0.419640 0.708446 0.046486 0.199324
0 0.386306 0.701689 0.049009 0.193919
0 0.350631 0.668919 0.082162 0.190541
0 0.303243 0.634459 0.078919 0.191892
0 0.253694 0.602703 0.068468 0.156757