0 0.480000 0.497297 0.028829 0.240541
0 0.456036 0.498649 0.029189 0.221622
0 0.433333 0.413851 0.046486 0.158784
0 0.417117 0.452027 0.039279 0.186486
0 0.393514 0.463851 0.037477 0.131757
0 0.361802 0.492568 0.041081 0.174324
0 0.331712 0.452027 0.047928 0.116216
0 0.299459 0.406419 0.037477 0.054730
0 0.502883 0.502027 0.032793 0.221622
0 0.518559 0.499324 0.039640 0.224324
0 0.551892 0.429392 0.047207 0.154730
0 0.556757 0.527365 0.038919 0.179054
0 0.579279 0.465541 0.050811 0.140541
0 0.614595 0.502703 0.051532 0.190541
0 0.645045 0.457095 0.055495 0.122297
0 0.678378 0.405405 0.045045 0.055405
0 0.497838 0.746959 0.019820 0.189865
0 0.508649 0.752365 0.027748 0.196622
0 0.522703 0.791892 0.028468 0.217568
0 0.549189 0.770946 0.033153 0.164865
0 0.582342 0.771959 0.054775 0.118243
0 0.614054 0.710135 0.080721 0.200000
0 0.667207 0.701014 0.060901 0.131757
0 0.708649 0.632432 0.043604 0.091892
0 0.480901 0.748311 0.018378 0.196622
0 0.465045 0.755068 0.022703 0.195270
0 0.445225 0.754392 0.028468 0.212838
0 0.416937 0.739865 0.033874 0.177027
0 0.364505 0.704054 0.085405 0.185135
0 0.318018 0.694257 0.057297 0.137162
0 0.277477 0.629392 0.038919 0.069595
0 0.435495 0.535811 0.024144 0.154054
0 0.414955 0.560135 0.034234 0.074324
0 0.392252 0.552365 0.035676 0.085811
0 0.585766 0.544595 0.047928 0.109459
0 0.569910 0.698986 0.050090 0.095270