0 0.474414 0.455068 0.029910 0.237162
0 0.450811 0.460473 0.026667 0.223649
0 0.421441 0.423649 0.034955 0.209459
0 0.403784 0.487838 0.042883 0.193243
0 0.373694 0.487838 0.041802 0.200000
0 0.343604 0.487838 0.056577 0.197297
0 0.308468 0.436486 0.059099 0.140541
0 0.272072 0.378041 0.047568 0.069595
0 0.503604 0.452027 0.026306 0.227027
0 0.522703 0.460811 0.028468 0.197297
0 0.548829 0.397973 0.034595 0.212162
0 0.579279 0.476014 0.040000 0.166892
0 0.605586 0.420608 0.040000 0.158784
0 0.648288 0.465203 0.054775 0.188514
0 0.676757 0.401014 0.056216 0.138514
0 0.707748 0.341216 0.040360 0.058108
0 0.498739 0.666216 0.018018 0.171622
0 0.517658 0.683784 0.019820 0.206757
0 0.536937 0.713176 0.030991 0.247973
0 0.560901 0.677703 0.033514 0.187838
0 0.590450 0.670608 0.047928 0.162838
0 0.635856 0.663176 0.075315 0.187162
0 0.680901 0.630068 0.059459 0.157432
0 0.728649 0.620270 0.046126 0.098649
0 0.485946 0.673649 0.032072 0.181081
0 0.477658 0.686486 0.057297 0.163514
0 0.471171 0.763514 0.052252 0.183784
0 0.434054 0.695946 0.034234 0.195946
0 0.405405 0.707770 0.041081 0.143919
0 0.361441 0.688176 0.058378 0.208784
0 0.307207 0.692905 0.075315 0.160135
0 0.251351 0.670270 0.054414 0.090541
0 0.552432 0.526689 0.028829 0.072297
0 0.606847 0.523649 0.045405 0.101351