0 0.489009 0.554054 0.030991 0.221622
0 0.461802 0.551014 0.027027 0.216892
0 0.437117 0.554054 0.033874 0.216216
0 0.415495 0.554392 0.039640 0.208784
0 0.393514 0.548311 0.037477 0.176351
0 0.362162 0.548986 0.049009 0.189865
0 0.324324 0.527365 0.060541 0.191216
0 0.303063 0.468919 0.065586 0.133784
0 0.515676 0.554392 0.030991 0.211486
0 0.536577 0.534122 0.033153 0.195270
0 0.563243 0.524324 0.032432 0.210811
0 0.583964 0.513514 0.038559 0.224324
0 0.610450 0.505743 0.037477 0.226351
0 0.642162 0.526351 0.046126 0.197297
0 0.678919 0.502027 0.050450 0.187838
0 0.698559 0.452365 0.055856 0.115541
0 0.510270 0.736486 0.021622 0.148649
0 0.528649 0.741554 0.022342 0.168243
0 0.550811 0.747973 0.028468 0.195946
0 0.575135 0.739189 0.031712 0.189189
0 0.600180 0.723311 0.040000 0.169595
0 0.684865 0.686149 0.081081 0.164189
0 0.735495 0.661486 0.048288 0.104054
0 0.492613 0.749662 0.020901 0.154730
0 0.473874 0.758446 0.026667 0.158784
0 0.449910 0.767230 0.030631 0.170946
0 0.424324 0.758108 0.035676 0.177027
0 0.398739 0.761824 0.040721 0.196622
0 0.355135 0.750676 0.078198 0.182432
0 0.309369 0.709797 0.081081 0.165541
0 0.249910 0.697297 0.046486 0.097297