0 0.492072 0.475338 0.034955 0.246622
0 0.466847 0.472635 0.028468 0.210135
0 0.440000 0.439189 0.036036 0.289189
0 0.413333 0.469932 0.036036 0.203378
0 0.387207 0.464527 0.037117 0.192568
0 0.352793 0.477027 0.052613 0.201351
0 0.306486 0.469595 0.052973 0.181081
0 0.528288 0.480068 0.033153 0.242568
0 0.554955 0.472635 0.028108 0.229054
0 0.584865 0.461149 0.031712 0.247973
0 0.610270 0.466554 0.034234 0.208784
0 0.634414 0.479392 0.032793 0.181757
0 0.667207 0.461824 0.047207 0.177703
0 0.708649 0.437500 0.046486 0.195270
0 0.728649 0.368919 0.045405 0.079730
0 0.515676 0.698986 0.025225 0.180405
0 0.536937 0.711149 0.036757 0.191216
0 0.563243 0.738514 0.031712 0.255405
0 0.594414 0.723649 0.040000 0.197297
0 0.634414 0.719595 0.049369 0.140541
0 0.668829 0.693581 0.078559 0.193919
0 0.719459 0.665878 0.067387 0.176351
0 0.495856 0.707770 0.023784 0.206081
0 0.474234 0.707095 0.029550 0.193919
0 0.450811 0.731757 0.035315 0.254054
0 0.414414 0.726689 0.045405 0.206081
0 0.324324 0.703378 0.098018 0.162162
0 0.268468 0.681419 0.083604 0.187162
0 0.376757 0.688176 0.062342 0.092568