0 0.472973 0.391892 0.027748 0.250000
0 0.448108 0.404392 0.022703 0.200676
0 0.422342 0.399324 0.028108 0.224324
0 0.402342 0.399324 0.036396 0.221622
0 0.375495 0.405743 0.036036 0.195270
0 0.343784 0.412500 0.048288 0.183108
0 0.299459 0.397635 0.049009 0.191216
0 0.278559 0.326689 0.049009 0.141216
0 0.500541 0.411486 0.027387 0.206757
0 0.524685 0.410811 0.028108 0.218919
0 0.549550 0.407095 0.033874 0.237162
0 0.573153 0.404392 0.039279 0.223649
0 0.598198 0.402703 0.044685 0.222973
0 0.630991 0.403378 0.054054 0.201351
0 0.675315 0.389189 0.051171 0.205405
0 0.699099 0.315541 0.053333 0.154054
0 0.501261 0.619257 0.020180 0.184459
0 0.520180 0.632095 0.023423 0.187162
0 0.543243 0.641554 0.028468 0.212838
0 0.565946 0.628716 0.032072 0.196622
0 0.594955 0.612500 0.039640 0.189865
0 0.630631 0.607095 0.059820 0.195270
0 0.676577 0.588176 0.074595 0.202027
0 0.727568 0.568919 0.064865 0.124324
0 0.486667 0.614865 0.016216 0.171622
0 0.469550 0.618243 0.021622 0.178378
0 0.445405 0.628378 0.027387 0.225676
0 0.423604 0.610135 0.029189 0.197297
0 0.397838 0.608784 0.040360 0.201351
0 0.365045 0.597973 0.053333 0.194595
0 0.313153 0.591554 0.069189 0.188514
0 0.267387 0.582770 0.057658 0.131757