0 0.500721 0.435811 0.042883 0.228378
0 0.475856 0.450338 0.029910 0.141216
0 0.450631 0.393919 0.037838 0.133784
0 0.435315 0.530405 0.028829 0.106757
0 0.413514 0.477027 0.036396 0.113514
0 0.375495 0.510811 0.047568 0.182432
0 0.348108 0.459122 0.050450 0.096622
0 0.522162 0.449662 0.028108 0.253378
0 0.548649 0.466554 0.027027 0.139865
0 0.571892 0.412838 0.041081 0.121622
0 0.579459 0.517905 0.032432 0.099324
0 0.603063 0.493581 0.032072 0.095270
0 0.634775 0.525676 0.046486 0.193243
0 0.666126 0.480068 0.045766 0.107432
0 0.515135 0.726014 0.021982 0.156081
0 0.527568 0.768581 0.028108 0.134459
0 0.545586 0.825676 0.024505 0.118919
0 0.571532 0.773649 0.031712 0.087838
0 0.601081 0.791554 0.040360 0.072297
0 0.631712 0.728378 0.059820 0.179730
0 0.689730 0.721622 0.050450 0.095946
0 0.496757 0.731757 0.018378 0.170270
0 0.479640 0.774324 0.020901 0.156757
0 0.457477 0.821284 0.027748 0.129054
0 0.437658 0.755743 0.028468 0.089865
0 0.403784 0.774324 0.032793 0.077027
0 0.367928 0.713851 0.071351 0.177703
0 0.314775 0.701351 0.049369 0.093243
0 0.495315 0.554054 0.016937 0.066216
0 0.463243 0.514865 0.023423 0.144595
0 0.407568 0.574324 0.037477 0.082432
0 0.510090 0.566892 0.014775 0.050000
0 0.555676 0.531419 0.047568 0.142568
0 0.605405 0.567905 0.043964 0.125000
0 0.532432 0.678041 0.016937 0.061486
0 0.549009 0.710135 0.021261 0.136486
0 0.567928 0.689865 0.033874 0.064865
0 0.594775 0.698649 0.040000 0.108108
0 0.478919 0.676351 0.016577 0.064865
0 0.459640 0.701014 0.016937 0.134459
0 0.439640 0.688514 0.030991 0.100000
0 0.407748 0.700676 0.039279 0.091892