0 0.483243 0.429392 0.029550 0.270946
0 0.459099 0.419595 0.030270 0.252703
0 0.431532 0.402027 0.034234 0.293243
0 0.405946 0.426689 0.040721 0.231757
0 0.378919 0.421284 0.041441 0.216892
0 0.338018 0.420946 0.049730 0.182432
0 0.296757 0.396959 0.051532 0.188514
0 0.274234 0.323986 0.049730 0.153378
0 0.516577 0.429392 0.032072 0.269595
0 0.537117 0.417230 0.027027 0.266892
0 0.566667 0.410135 0.036396 0.286486
0 0.592252 0.438514 0.040721 0.208108
0 0.623784 0.434797 0.033874 0.203378
0 0.663604 0.411486 0.050811 0.221622
0 0.706847 0.393919 0.048649 0.204054
0 0.729189 0.330743 0.055856 0.156081
0 0.509369 0.671622 0.024865 0.193243
0 0.525766 0.681757 0.032432 0.208108
0 0.551171 0.716216 0.033514 0.278378
0 0.576216 0.673986 0.038919 0.204730
0 0.600180 0.658108 0.042883 0.202703
0 0.650811 0.640541 0.083604 0.202703
0 0.696937 0.609797 0.072793 0.189865
0 0.757117 0.590541 0.081441 0.150000
0 0.491532 0.667568 0.023063 0.201351
0 0.466847 0.577365 0.001081 0.002027
0 0.471892 0.666216 0.024865 0.181081
0 0.445946 0.701014 0.034234 0.268243
0 0.423243 0.672973 0.037117 0.216216
0 0.397117 0.666892 0.051171 0.218919
0 0.351171 0.642905 0.083243 0.207432
0 0.304324 0.603716 0.072432 0.188514
0 0.243784 0.570270 0.079640 0.148649