0 0.478919 0.422973 0.029550 0.214865
0 0.454775 0.409797 0.031712 0.214189
0 0.428288 0.392568 0.037117 0.266216
0 0.407027 0.405068 0.044324 0.238514
0 0.380000 0.413514 0.047928 0.218919
0 0.342342 0.413851 0.064144 0.214189
0 0.302883 0.396622 0.063063 0.177027
0 0.277658 0.320608 0.050811 0.129054
0 0.507027 0.419257 0.028829 0.227703
0 0.531712 0.417230 0.024865 0.211486
0 0.555856 0.348986 0.033514 0.211486
0 0.581622 0.436824 0.042523 0.179054
0 0.605405 0.433108 0.051892 0.179730
0 0.638559 0.436149 0.059099 0.172297
0 0.684324 0.400676 0.053333 0.185135
0 0.710991 0.332770 0.043243 0.129054
0 0.503063 0.658446 0.018018 0.183108
0 0.518018 0.663176 0.021982 0.189865
0 0.539279 0.672297 0.025586 0.224324
0 0.564505 0.685473 0.034234 0.223649
0 0.585586 0.675338 0.042523 0.212838
0 0.632613 0.671959 0.091892 0.223649
0 0.680180 0.618243 0.075315 0.197297
0 0.730811 0.598649 0.064865 0.135135
0 0.484865 0.663514 0.018378 0.201351
0 0.466306 0.652703 0.020180 0.179730
0 0.447027 0.680405 0.027027 0.227027
0 0.422703 0.680743 0.028829 0.226351
0 0.397477 0.677703 0.039640 0.224324
0 0.353333 0.664189 0.094054 0.213514
0 0.303243 0.620608 0.078198 0.203378
0 0.252252 0.596622 0.061261 0.132432