0 0.486306 0.517905 0.029189 0.183108
0 0.462342 0.516892 0.022342 0.167568
0 0.440721 0.523986 0.027387 0.142568
0 0.406667 0.471622 0.042883 0.071622
0 0.388288 0.535811 0.045766 0.112162
0 0.349730 0.516554 0.050090 0.152027
0 0.307027 0.500676 0.046847 0.139189
0 0.514234 0.506081 0.033153 0.206757
0 0.540180 0.523311 0.022342 0.161486
0 0.562703 0.528041 0.025586 0.137162
0 0.581081 0.498311 0.033514 0.203378
0 0.613694 0.519595 0.050450 0.160811
0 0.646847 0.518581 0.046126 0.150676
0 0.686667 0.499324 0.045045 0.151351
0 0.698018 0.431081 0.042523 0.082432
0 0.501802 0.705743 0.020541 0.165541
0 0.523063 0.713514 0.023423 0.182432
0 0.542523 0.707432 0.028468 0.162162
0 0.567207 0.716892 0.033153 0.164865
0 0.593333 0.711824 0.032793 0.160135
0 0.632793 0.697297 0.069189 0.155405
0 0.680000 0.672297 0.063423 0.163514
0 0.724685 0.666216 0.043243 0.109459
0 0.482162 0.703716 0.020180 0.160135
0 0.461261 0.701014 0.022342 0.161486
0 0.438378 0.714865 0.027748 0.186486
0 0.411892 0.717905 0.041081 0.185811
0 0.382883 0.718919 0.050090 0.181081
0 0.347568 0.701689 0.068829 0.172297
0 0.297477 0.661149 0.076757 0.160135
0 0.252252 0.658108 0.043964 0.091892
0 0.418919 0.528378 0.037838 0.148649