0 0.489189 0.539189 0.032793 0.150000
0 0.472072 0.531757 0.026667 0.121622
0 0.447207 0.456419 0.034595 0.114189
0 0.436396 0.526014 0.049730 0.126351
0 0.419820 0.577703 0.038919 0.151351
0 0.386847 0.565878 0.052973 0.158784
0 0.356216 0.497635 0.052973 0.100676
0 0.522883 0.596959 0.028829 0.164189
0 0.540180 0.534459 0.027387 0.124324
0 0.565405 0.464865 0.033153 0.104054
0 0.571712 0.548311 0.037117 0.089865
0 0.591171 0.516554 0.043604 0.093919
0 0.624324 0.582770 0.048649 0.135811
0 0.653874 0.503716 0.052973 0.110135
0 0.511351 0.742905 0.016577 0.133108
0 0.526667 0.807432 0.023423 0.128378
0 0.552072 0.863176 0.038919 0.106081
0 0.567027 0.803378 0.034234 0.078378
0 0.598198 0.794257 0.034595 0.069595
0 0.623964 0.712838 0.068829 0.152703
0 0.689189 0.708446 0.053694 0.107432
0 0.497838 0.747635 0.021261 0.153378
0 0.478919 0.807432 0.024505 0.132432
0 0.449369 0.862162 0.040360 0.106757
0 0.435856 0.798311 0.037838 0.081757
0 0.404685 0.792230 0.035315 0.069595
0 0.381802 0.709797 0.069550 0.157432
0 0.319099 0.700000 0.050090 0.100000
0 0.461261 0.587500 0.026667 0.062838
0 0.446486 0.608784 0.023063 0.102703
0 0.552072 0.593243 0.020180 0.154054
0 0.565045 0.607095 0.019459 0.119595
0 0.591351 0.606757 0.040360 0.112162
0 0.525946 0.705743 0.015495 0.097973
0 0.545586 0.756757 0.026667 0.197297
0 0.558198 0.715203 0.026667 0.100676
0 0.582703 0.712162 0.050450 0.109459
0 0.481982 0.714527 0.018378 0.111486
0 0.466847 0.733108 0.022703 0.150000
0 0.453153 0.709797 0.029910 0.122297
0 0.421441 0.710473 0.050811 0.129054