0 0.486847 0.554054 0.031712 0.217568
0 0.470090 0.536824 0.043604 0.189865
0 0.452072 0.455068 0.035676 0.150676
0 0.435315 0.514527 0.044685 0.104730
0 0.408829 0.489865 0.042883 0.108108
0 0.364324 0.529392 0.057658 0.168243
0 0.334054 0.468243 0.057658 0.083784
0 0.520180 0.531419 0.027748 0.275000
0 0.546486 0.551351 0.027027 0.209459
0 0.570270 0.468581 0.037117 0.127703
0 0.584144 0.518243 0.043964 0.104054
0 0.607748 0.510811 0.041441 0.083784
0 0.647027 0.537162 0.055856 0.172973
0 0.675856 0.484122 0.050090 0.096622
0 0.508829 0.773649 0.021622 0.172973
0 0.524865 0.792230 0.027027 0.157432
0 0.549369 0.853716 0.040000 0.123649
0 0.576577 0.826014 0.036036 0.100676
0 0.612432 0.810811 0.044324 0.082432
0 0.646667 0.730743 0.076757 0.170946
0 0.701261 0.720946 0.054775 0.104054
0 0.490450 0.775000 0.019459 0.178378
0 0.470631 0.781757 0.020180 0.163514
0 0.444685 0.854392 0.035315 0.125000
0 0.420000 0.814865 0.034955 0.109459
0 0.383243 0.800338 0.042883 0.080405
0 0.345586 0.721959 0.084324 0.179054
0 0.292432 0.702703 0.050811 0.095946
0 0.435315 0.591892 0.034595 0.097297
0 0.405045 0.578716 0.048288 0.108784
0 0.569910 0.587838 0.024144 0.159459
0 0.587027 0.591892 0.033874 0.120270
0 0.614234 0.588851 0.045045 0.107432
0 0.542883 0.753378 0.019820 0.131081
0 0.565586 0.745608 0.042162 0.108784
0 0.601081 0.740203 0.058378 0.130405
0 0.452973 0.752703 0.020180 0.139189
0 0.429189 0.736824 0.043964 0.102027
0 0.393874 0.730405 0.061982 0.132432