0 0.480000 0.491554 0.026667 0.243919
0 0.462523 0.492230 0.032793 0.226351
0 0.443964 0.400676 0.036757 0.175676
0 0.421261 0.464527 0.041081 0.120946
0 0.402342 0.419932 0.037838 0.118243
0 0.354234 0.439527 0.057658 0.215541
0 0.339279 0.362838 0.052973 0.129730
0 0.511532 0.504730 0.025586 0.231081
0 0.529369 0.507432 0.037477 0.228378
0 0.546306 0.409122 0.039640 0.180405
0 0.571892 0.464527 0.042523 0.120946
0 0.596036 0.435811 0.043964 0.105405
0 0.640000 0.450338 0.057658 0.218243
0 0.658198 0.373986 0.058018 0.115541
0 0.506486 0.723649 0.021261 0.170270
0 0.520360 0.728716 0.036036 0.180405
0 0.542523 0.768243 0.032072 0.156757
0 0.577838 0.767568 0.037117 0.108108
0 0.614414 0.753716 0.052613 0.108784
0 0.651171 0.668919 0.095856 0.195946
0 0.704865 0.655068 0.066306 0.120946
0 0.726847 0.571959 0.034595 0.095270
0 0.489910 0.725338 0.019820 0.179054
0 0.470991 0.734459 0.023063 0.177027
0 0.444685 0.764527 0.031712 0.179054
0 0.413514 0.757095 0.037117 0.110135
0 0.376216 0.751351 0.043964 0.106757
0 0.343964 0.662500 0.088288 0.203378
0 0.294595 0.650676 0.059459 0.114865
0 0.270631 0.579730 0.024505 0.090541
0 0.439640 0.534797 0.025946 0.138514
0 0.418378 0.546622 0.034595 0.090541
0 0.390811 0.513514 0.043604 0.125676
0 0.553694 0.538851 0.024865 0.157432
0 0.576036 0.552027 0.035676 0.098649
0 0.601982 0.529392 0.044324 0.116892
0 0.544505 0.678041 0.023063 0.089865
0 0.572613 0.677703 0.046847 0.094595
0 0.603243 0.666892 0.071351 0.132432
0 0.424324 0.680068 0.045766 0.096622
0 0.390270 0.669932 0.065586 0.138514