0 0.640474 0.500574 0.076631 0.159243
0 0.384726 0.496986 0.036400 0.195162
0 0.408993 0.548470 0.031290 0.226291
0 0.427510 0.545476 0.030011 0.239466
0 0.473488 0.559841 0.035121 0.229885
0 0.538941 0.552659 0.035762 0.220304
0 0.583002 0.610132 0.033204 0.086209
0 0.570231 0.502973 0.025542 0.147270
0 0.666975 0.413770 0.051723 0.114946
0 0.662186 0.683166 0.079182 0.181993
0 0.582043 0.770571 0.046616 0.150858
0 0.559056 0.766382 0.041506 0.199953
0 0.515314 0.741236 0.039593 0.159243
0 0.500306 0.742436 0.038955 0.176007
0 0.466463 0.740041 0.038951 0.209527
0 0.416973 0.748419 0.037038 0.183189
0 0.386323 0.765784 0.044703 0.153257
0 0.315760 0.680774 0.068328 0.160439
0 0.269144 0.668199 0.061942 0.101777
0 0.308737 0.412571 0.047895 0.112547
0 0.321827 0.495787 0.052360 0.152061
0 0.439005 0.767578 0.030011 0.226291
0 0.352477 0.746625 0.067686 0.205939
0 0.451777 0.553257 0.022350 0.219108
0 0.497432 0.563446 0.028097 0.215541
0 0.520103 0.560443 0.035124 0.209534
0 0.555863 0.553260 0.042782 0.211926
0 0.611418 0.529912 0.065769 0.213122
0 0.713272 0.673588 0.062580 0.117338
0 0.619081 0.738243 0.088764 0.189176
0 0.533514 0.744828 0.045341 0.178399
0 0.485620 0.743632 0.028739 0.178399
0 0.375148 0.623301 0.037676 0.079020
0 0.347050 0.532902 0.049171 0.211926