0 0.485225 0.515541 0.029910 0.232432
0 0.458559 0.512162 0.027027 0.200000
0 0.436577 0.502703 0.032072 0.237838
0 0.414054 0.509122 0.043243 0.214189
0 0.389550 0.510135 0.039640 0.205405
0 0.352973 0.498311 0.049369 0.206081
0 0.315135 0.486486 0.052252 0.179730
0 0.293694 0.416554 0.055495 0.122297
0 0.514955 0.520270 0.030991 0.212162
0 0.538559 0.506081 0.027748 0.202703
0 0.563063 0.493581 0.033514 0.226351
0 0.583784 0.485135 0.035315 0.227027
0 0.610631 0.485811 0.041441 0.214865
0 0.644505 0.476351 0.054414 0.201351
0 0.680541 0.463514 0.061622 0.170270
0 0.700000 0.397973 0.055135 0.102703
0 0.506486 0.736824 0.019820 0.162838
0 0.526126 0.729730 0.023784 0.158108
0 0.550270 0.747635 0.033153 0.187162
0 0.576036 0.738514 0.040000 0.170270
0 0.609550 0.738514 0.050090 0.185135
0 0.653514 0.706757 0.086126 0.186486
0 0.704324 0.658784 0.085405 0.166216
0 0.756216 0.635135 0.066667 0.121622
0 0.489730 0.728716 0.020901 0.160135
0 0.469189 0.735473 0.028829 0.173649
0 0.446126 0.748649 0.032432 0.197297
0 0.416757 0.750338 0.034234 0.177703
0 0.388288 0.749662 0.037838 0.206081
0 0.340901 0.719595 0.074955 0.191892
0 0.285586 0.687500 0.086126 0.183108
0 0.242703 0.661824 0.057297 0.122297