0 0.481622 0.505743 0.028468 0.238514
0 0.460000 0.486149 0.024865 0.220946
0 0.438018 0.475000 0.030631 0.241892
0 0.419279 0.501014 0.037838 0.212838
0 0.393874 0.500338 0.037477 0.204730
0 0.362883 0.472297 0.051171 0.229730
0 0.330270 0.425338 0.050811 0.168243
0 0.307748 0.360811 0.038919 0.063514
0 0.511532 0.506757 0.029910 0.237838
0 0.534414 0.492568 0.028108 0.205405
0 0.558559 0.464865 0.030270 0.263514
0 0.578739 0.492230 0.038919 0.216892
0 0.602162 0.482095 0.040360 0.222297
0 0.633514 0.472635 0.059099 0.223649
0 0.661982 0.413851 0.060541 0.158784
0 0.697117 0.351351 0.034955 0.052703
0 0.508468 0.738176 0.018739 0.197973
0 0.526306 0.744257 0.017658 0.207432
0 0.548829 0.746622 0.028108 0.231081
0 0.571712 0.731757 0.034234 0.213514
0 0.599279 0.720608 0.047568 0.199324
0 0.635315 0.701689 0.079279 0.197973
0 0.690090 0.651689 0.083604 0.172297
0 0.738378 0.627365 0.050450 0.108784
0 0.490811 0.731081 0.019459 0.186486
0 0.471351 0.742905 0.020901 0.204730
0 0.448649 0.762838 0.025225 0.236486
0 0.426847 0.734459 0.029910 0.213514
0 0.399820 0.721959 0.043604 0.197973
0 0.363063 0.705405 0.083964 0.201351
0 0.309550 0.659459 0.082162 0.181081
0 0.260901 0.640203 0.047568 0.106081