0 0.475856 0.582095 0.037838 0.212838
0 0.444865 0.589527 0.036396 0.169595
0 0.417297 0.613514 0.029550 0.120270
0 0.420901 0.488851 0.038919 0.187162
0 0.391532 0.561486 0.039279 0.158108
0 0.364144 0.572635 0.037117 0.150676
0 0.330991 0.539527 0.054414 0.172297
0 0.306306 0.483446 0.053333 0.115541
0 0.512793 0.585811 0.037477 0.208108
0 0.541261 0.582095 0.036757 0.192568
0 0.562523 0.487838 0.040360 0.182432
0 0.588288 0.544257 0.034234 0.131757
0 0.619099 0.526014 0.038198 0.119595
0 0.657117 0.529392 0.056577 0.172297
0 0.684144 0.470608 0.055856 0.115541
0 0.508649 0.776689 0.024144 0.149324
0 0.532252 0.781081 0.028829 0.168919
0 0.562703 0.802703 0.041441 0.160811
0 0.597477 0.801689 0.046847 0.115541
0 0.632072 0.792568 0.042523 0.104054
0 0.671351 0.724324 0.085045 0.190541
0 0.719459 0.705405 0.062342 0.121622
0 0.485946 0.779392 0.025586 0.156081
0 0.463243 0.784122 0.033514 0.168243
0 0.429730 0.834459 0.053694 0.156757
0 0.404324 0.794595 0.040360 0.116216
0 0.365946 0.798311 0.041441 0.107432
0 0.320180 0.734122 0.089730 0.202027
0 0.266306 0.710811 0.067748 0.122973
0 0.569730 0.618581 0.028108 0.102027
0 0.594955 0.622635 0.033153 0.064189
0 0.621261 0.594932 0.038198 0.085811
0 0.584505 0.725676 0.042523 0.075676
0 0.623423 0.750000 0.065586 0.182432
0 0.437838 0.734459 0.031712 0.078378
0 0.412432 0.721284 0.034234 0.065541
0 0.372432 0.723986 0.065225 0.118243