0 0.543877 0.706493 0.033132 0.199757
0 0.517569 0.703449 0.027283 0.196101
0 0.499996 0.706493 0.024750 0.192446
0 0.482133 0.702841 0.024101 0.182709
0 0.462968 0.704669 0.027348 0.193662
0 0.439908 0.717456 0.031895 0.194885
0 0.412950 0.722939 0.032544 0.208284
0 0.386964 0.712584 0.037741 0.194885
0 0.422692 0.492672 0.033845 0.215709
0 0.453550 0.495105 0.031899 0.213277
0 0.683187 0.446385 0.076717 0.171865
0 0.740029 0.644375 0.052685 0.107182
0 0.685818 0.637068 0.075355 0.172959
0 0.643268 0.693706 0.083798 0.196101
0 0.605267 0.710760 0.064962 0.203412
0 0.575059 0.715632 0.048721 0.203412
0 0.477910 0.498152 0.036447 0.216926
0 0.510065 0.500588 0.034494 0.231541
0 0.535076 0.493280 0.036443 0.216926
0 0.564443 0.481088 0.029297 0.216932
0 0.591917 0.481706 0.040987 0.205966
0 0.621800 0.481709 0.042288 0.188919
0 0.652005 0.457348 0.055932 0.210845
0 0.306445 0.451257 0.070159 0.169432
0 0.344090 0.705277 0.078018 0.214378
0 0.280427 0.361122 0.052032 0.101216
0 0.247297 0.651074 0.062429 0.108405
0 0.704950 0.358139 0.065676 0.097439
0 0.372380 0.468307 0.035730 0.223020
0 0.340874 0.471355 0.057164 0.190128
0 0.300240 0.654730 0.069575 0.183919
0 0.399663 0.480490 0.035730 0.223020