0 0.479820 0.409122 0.037117 0.237162
0 0.451171 0.391554 0.029550 0.196622
0 0.418198 0.395608 0.040000 0.215541
0 0.395856 0.413176 0.036396 0.199324
0 0.366126 0.412162 0.037477 0.198649
0 0.327568 0.414527 0.054775 0.202027
0 0.281441 0.431081 0.048288 0.177027
0 0.248829 0.338851 0.047928 0.095270
0 0.515135 0.411824 0.034955 0.237162
0 0.544505 0.404054 0.036036 0.229730
0 0.583604 0.311486 0.074595 0.263514
0 0.603964 0.411824 0.036036 0.212838
0 0.631532 0.421284 0.032793 0.206081
0 0.668288 0.440878 0.051532 0.180405
0 0.715495 0.452365 0.049369 0.191216
0 0.749730 0.371284 0.050090 0.139865
0 0.511171 0.652703 0.022703 0.197297
0 0.534414 0.657095 0.025225 0.215541
0 0.560541 0.665203 0.033514 0.252027
0 0.595315 0.670270 0.041802 0.214865
0 0.628108 0.677703 0.038919 0.206757
0 0.669189 0.669257 0.059099 0.193919
0 0.737477 0.692568 0.084685 0.133784
0 0.780721 0.632432 0.070991 0.108108
0 0.488468 0.652027 0.021982 0.187838
0 0.465405 0.664527 0.026306 0.208784
0 0.438739 0.682095 0.029910 0.245270
0 0.408649 0.664189 0.033874 0.204054
0 0.378739 0.666892 0.038198 0.197297
0 0.329550 0.651689 0.073874 0.185811
0 0.279099 0.626014 0.068108 0.158784
0 0.226486 0.601014 0.066667 0.126351
0 0.579640 0.447973 0.033514 0.105405