0 0.488288 0.513851 0.033874 0.273649
0 0.466486 0.498649 0.044324 0.270270
0 0.434775 0.489527 0.029910 0.237162
0 0.416396 0.518919 0.044324 0.221622
0 0.390450 0.509459 0.042162 0.227027
0 0.354054 0.513514 0.050090 0.191892
0 0.317658 0.486149 0.061622 0.191216
0 0.293153 0.422973 0.057297 0.109459
0 0.521802 0.505405 0.034595 0.274324
0 0.539459 0.504392 0.043964 0.241216
0 0.564144 0.464527 0.031351 0.230405
0 0.577658 0.494932 0.036757 0.230405
0 0.605225 0.492230 0.037117 0.225000
0 0.638018 0.476014 0.050811 0.243919
0 0.675315 0.466216 0.059820 0.206757
0 0.697297 0.403378 0.058378 0.102703
0 0.519640 0.744932 0.021622 0.176351
0 0.540180 0.744932 0.023063 0.184459
0 0.560901 0.746622 0.030631 0.225676
0 0.585405 0.720608 0.036396 0.211486
0 0.613694 0.702703 0.046126 0.209459
0 0.655856 0.678041 0.072072 0.199324
0 0.699459 0.655743 0.062703 0.189865
0 0.744505 0.624662 0.049730 0.108784
0 0.498378 0.759122 0.022342 0.196622
0 0.478739 0.752027 0.024865 0.182432
0 0.453694 0.774324 0.036036 0.222973
0 0.429369 0.745270 0.042883 0.205405
0 0.398919 0.728378 0.056216 0.200000
0 0.358559 0.704730 0.077838 0.205405
0 0.311532 0.668581 0.073153 0.185811
0 0.260541 0.642230 0.054775 0.110135