0 0.483423 0.413176 0.029910 0.212838
0 0.460360 0.415878 0.027748 0.138514
0 0.434955 0.357095 0.038919 0.095270
0 0.418378 0.425338 0.036757 0.102027
0 0.397838 0.403378 0.038198 0.071622
0 0.358739 0.438851 0.049369 0.177703
0 0.329369 0.386486 0.046847 0.087838
0 0.517297 0.413851 0.034955 0.185811
0 0.547928 0.419257 0.029910 0.111486
0 0.572432 0.361824 0.037838 0.102027
0 0.582523 0.437162 0.034955 0.098649
0 0.607928 0.427365 0.035315 0.087162
0 0.642883 0.460473 0.052613 0.166892
0 0.676757 0.392568 0.046126 0.093243
0 0.508108 0.685135 0.025946 0.147297
0 0.526667 0.715878 0.024144 0.123649
0 0.549189 0.791216 0.031712 0.097297
0 0.578739 0.743243 0.034595 0.066216
0 0.619640 0.731081 0.034955 0.055405
0 0.654414 0.658108 0.069910 0.179730
0 0.712613 0.659797 0.050811 0.087162
0 0.490631 0.688514 0.017658 0.163514
0 0.471171 0.701689 0.024144 0.134459
0 0.445405 0.791216 0.036036 0.102703
0 0.416036 0.735473 0.033514 0.072297
0 0.377838 0.717230 0.030631 0.062838
0 0.337117 0.652365 0.068108 0.162838
0 0.287027 0.646622 0.048649 0.090541
0 0.467207 0.498649 0.018378 0.085135
0 0.442162 0.468919 0.024505 0.181081
0 0.415495 0.505743 0.036036 0.097973
0 0.390811 0.479730 0.042162 0.135135
0 0.515315 0.493919 0.019459 0.113514
0 0.536216 0.491554 0.015856 0.122297
0 0.560721 0.479392 0.024505 0.166892
0 0.584685 0.508446 0.034234 0.100676
0 0.609730 0.498311 0.039640 0.114189
0 0.532252 0.639527 0.014414 0.066892
0 0.550631 0.681757 0.025225 0.145946
0 0.575495 0.649662 0.033874 0.102027
0 0.613694 0.656081 0.057658 0.139189
0 0.449009 0.679392 0.024505 0.156081
0 0.422523 0.658108 0.035676 0.117568
0 0.385225 0.644932 0.057658 0.127703