0 0.499279 0.544257 0.032793 0.203378
0 0.476216 0.527703 0.029189 0.208108
0 0.450090 0.512500 0.037477 0.226351
0 0.427928 0.510811 0.045766 0.205405
0 0.400000 0.505068 0.038919 0.185811
0 0.340180 0.480068 0.043964 0.153378
0 0.301081 0.444595 0.043604 0.171622
0 0.525045 0.555405 0.032432 0.194595
0 0.551892 0.535811 0.023423 0.189189
0 0.575676 0.511486 0.028468 0.220270
0 0.599099 0.515541 0.033514 0.187838
0 0.625586 0.510473 0.033874 0.169595
0 0.655676 0.487500 0.049369 0.181757
0 0.690450 0.466216 0.045405 0.181081
0 0.706847 0.379730 0.001081 0.002703
0 0.703604 0.373649 0.001081 0.005405
0 0.700721 0.418919 0.052252 0.139189
0 0.516396 0.729054 0.029550 0.124324
0 0.537477 0.731419 0.024144 0.129054
0 0.569550 0.738851 0.042883 0.164189
0 0.595315 0.734122 0.044685 0.164189
0 0.626486 0.724662 0.054414 0.158784
0 0.670090 0.694595 0.081081 0.164865
0 0.709189 0.651014 0.057658 0.097973
0 0.746126 0.611149 0.047207 0.095270
0 0.496036 0.729730 0.031351 0.129730
0 0.473153 0.732770 0.032432 0.139865
0 0.442883 0.743581 0.034595 0.164189
0 0.414955 0.741554 0.040000 0.165541
0 0.374595 0.722635 0.052973 0.169595
0 0.328468 0.689865 0.084685 0.181081
0 0.283423 0.643243 0.076036 0.154054
0 0.234595 0.629730 0.050450 0.090541