0 0.484505 0.494595 0.029910 0.179730
0 0.459459 0.478716 0.027387 0.115541
0 0.431171 0.426014 0.040000 0.107432
0 0.422342 0.529392 0.034595 0.091216
0 0.405225 0.488514 0.033514 0.077027
0 0.364144 0.500676 0.055135 0.167568
0 0.329189 0.451689 0.055135 0.084459
0 0.517658 0.483784 0.032793 0.170270
0 0.543784 0.483108 0.030991 0.122973
0 0.570811 0.426689 0.042523 0.097973
0 0.576036 0.512162 0.033514 0.094595
0 0.596396 0.490203 0.034595 0.081757
0 0.632613 0.532770 0.049369 0.145270
0 0.670270 0.464527 0.053333 0.095270
0 0.507387 0.685811 0.018018 0.158108
0 0.521982 0.692568 0.017658 0.155405
0 0.542162 0.771959 0.027027 0.106081
0 0.567748 0.732432 0.027748 0.082432
0 0.603604 0.726689 0.031712 0.070946
0 0.638018 0.679392 0.049369 0.168243
0 0.692072 0.688851 0.052973 0.097973
0 0.492432 0.684797 0.014775 0.161486
0 0.476396 0.700676 0.017297 0.156757
0 0.455856 0.760473 0.023784 0.112838
0 0.433514 0.725338 0.023063 0.079054
0 0.401802 0.719595 0.030991 0.067568
0 0.356577 0.722297 0.056577 0.136486
0 0.310631 0.674662 0.051171 0.107432
0 0.463964 0.548986 0.014054 0.096622
0 0.446126 0.575000 0.023063 0.110811
0 0.390631 0.566554 0.036036 0.156081
0 0.534054 0.560473 0.018739 0.097973
0 0.552793 0.574662 0.023784 0.127703
0 0.567748 0.567230 0.024865 0.064189
0 0.594955 0.576351 0.045405 0.100000
0 0.541081 0.648986 0.017658 0.115541
0 0.594955 0.626014 0.043243 0.127703
0 0.460721 0.641892 0.016216 0.117568