0 0.477658 0.495946 0.028468 0.228378
0 0.452793 0.494932 0.023423 0.222297
0 0.428108 0.483108 0.030270 0.251351
0 0.407928 0.500000 0.036757 0.197297
0 0.379640 0.498986 0.045045 0.135811
0 0.343423 0.484459 0.051171 0.202703
0 0.299820 0.481081 0.048288 0.183784
0 0.279820 0.427365 0.043604 0.097973
0 0.506126 0.490203 0.027027 0.227703
0 0.529009 0.483446 0.023063 0.227703
0 0.558018 0.461824 0.034955 0.273649
0 0.577477 0.495608 0.045045 0.218243
0 0.599640 0.499324 0.037477 0.205405
0 0.632973 0.492230 0.053694 0.212838
0 0.679279 0.476014 0.051171 0.192568
0 0.704505 0.430068 0.052613 0.107432
0 0.510811 0.732095 0.021261 0.215541
0 0.527027 0.740878 0.021982 0.237162
0 0.548649 0.754392 0.027027 0.262838
0 0.575135 0.746622 0.036036 0.213514
0 0.654234 0.722973 0.086126 0.194595
0 0.694234 0.672973 0.066667 0.166216
0 0.741622 0.667568 0.047568 0.091892
0 0.493694 0.737838 0.019459 0.214865
0 0.476577 0.735811 0.022703 0.210811
0 0.454414 0.759797 0.027387 0.252027
0 0.424865 0.754054 0.033153 0.225676
0 0.347748 0.715541 0.087207 0.187838
0 0.303964 0.691892 0.068829 0.181081
0 0.601622 0.715203 0.057297 0.115541
0 0.396757 0.710135 0.044685 0.074324