0 0.479099 0.456757 0.032072 0.222973
0 0.452613 0.462838 0.031712 0.221622
0 0.419099 0.450676 0.038919 0.259459
0 0.391171 0.467905 0.037838 0.222297
0 0.358198 0.472297 0.036757 0.212162
0 0.320901 0.479392 0.050090 0.183108
0 0.290450 0.430405 0.050450 0.167568
0 0.266667 0.375000 0.051892 0.118919
0 0.509009 0.447297 0.033514 0.237838
0 0.537297 0.457095 0.030270 0.229054
0 0.567207 0.438514 0.038198 0.245946
0 0.595856 0.453378 0.045766 0.251351
0 0.623423 0.465203 0.049009 0.226351
0 0.664685 0.475338 0.051532 0.193919
0 0.698018 0.429730 0.054775 0.175676
0 0.729730 0.381757 0.043243 0.089189
0 0.501622 0.688851 0.020901 0.202027
0 0.524505 0.684459 0.026306 0.194595
0 0.547568 0.692230 0.030631 0.233108
0 0.574595 0.687500 0.037117 0.212838
0 0.603784 0.682432 0.045045 0.210811
0 0.649910 0.669595 0.070991 0.204054
0 0.702342 0.637162 0.061982 0.187838
0 0.747027 0.615541 0.049009 0.109459
0 0.480180 0.684459 0.023423 0.202703
0 0.460541 0.687838 0.025225 0.212162
0 0.430991 0.693243 0.034595 0.231081
0 0.404685 0.681757 0.034595 0.214865
0 0.373514 0.681081 0.039279 0.213514
0 0.329550 0.673649 0.068829 0.221622
0 0.281441 0.638851 0.056216 0.189865
0 0.238378 0.617230 0.048649 0.106081