0 0.603436 0.467652 0.035759 0.199953
0 0.702095 0.396409 0.054281 0.131709
0 0.748072 0.598159 0.060663 0.120926
0 0.708800 0.619709 0.079186 0.168824
0 0.661865 0.661020 0.069604 0.165230
0 0.626744 0.674189 0.058108 0.201149
0 0.556822 0.450885 0.054919 0.228689
0 0.533831 0.461064 0.043423 0.205939
0 0.514036 0.464057 0.039589 0.226291
0 0.486578 0.449689 0.034483 0.262216
0 0.470614 0.457473 0.039593 0.241865
0 0.442191 0.530507 0.052987 0.093392
0 0.444434 0.414966 0.053640 0.219108
0 0.408034 0.450889 0.060025 0.257426
0 0.375146 0.459270 0.059387 0.238270
0 0.330766 0.455676 0.060025 0.221500
0 0.300755 0.410179 0.066411 0.118534
0 0.604714 0.669399 0.062580 0.191568
0 0.580447 0.449091 0.051085 0.232277
0 0.567676 0.671193 0.031928 0.190372
0 0.546604 0.662213 0.024263 0.172412
0 0.525213 0.670595 0.024905 0.201149
0 0.519463 0.675385 0.053002 0.179595
0 0.501586 0.684365 0.065773 0.207135
0 0.470614 0.682571 0.054915 0.172412
0 0.444432 0.693345 0.049809 0.201149
0 0.413142 0.694541 0.044699 0.210730
0 0.363973 0.679574 0.086843 0.195162
0 0.310333 0.651439 0.084292 0.179595
0 0.258290 0.632882 0.064494 0.128115
0 0.673998 0.449095 0.068328 0.186784
0 0.639515 0.469446 0.049171 0.172419