0 0.475495 0.496622 0.045766 0.245946
0 0.458378 0.641892 0.002883 0.004054
0 0.449910 0.495946 0.026306 0.221622
0 0.420360 0.478716 0.034955 0.243919
0 0.390811 0.496622 0.036396 0.209459
0 0.359459 0.495608 0.032793 0.206081
0 0.319099 0.503378 0.049369 0.179730
0 0.285586 0.472297 0.055135 0.150000
0 0.514414 0.499324 0.031351 0.229730
0 0.548468 0.488176 0.029550 0.214189
0 0.585225 0.484459 0.043964 0.248649
0 0.623423 0.500000 0.036757 0.191892
0 0.665766 0.488514 0.050811 0.198649
0 0.709369 0.460811 0.050811 0.155405
0 0.508468 0.712162 0.020901 0.167568
0 0.530811 0.716216 0.023063 0.178378
0 0.561081 0.734459 0.033874 0.225676
0 0.596216 0.727703 0.034234 0.208108
0 0.628649 0.722973 0.034955 0.194595
0 0.680360 0.715203 0.083604 0.216892
0 0.733153 0.691892 0.064505 0.168919
0 0.485405 0.712162 0.018018 0.166216
0 0.462162 0.722973 0.021982 0.189189
0 0.430991 0.741216 0.035315 0.243243
0 0.399099 0.729730 0.031351 0.197297
0 0.366667 0.730068 0.036396 0.195270
0 0.318559 0.717230 0.082162 0.210135
0 0.270631 0.687500 0.067748 0.183108
0 0.230991 0.649662 0.041081 0.096622
0 0.378198 0.455068 0.045766 0.010135