0 0.491171 0.463176 0.024505 0.202027
0 0.469009 0.458108 0.022703 0.183784
0 0.449009 0.446959 0.028108 0.231757
0 0.429189 0.461149 0.036036 0.204730
0 0.404324 0.465541 0.034595 0.190541
0 0.370450 0.444595 0.051171 0.213514
0 0.325586 0.440203 0.052973 0.204730
0 0.306126 0.361824 0.045045 0.079054
0 0.518018 0.456757 0.026306 0.206757
0 0.536577 0.454730 0.022342 0.187838
0 0.558739 0.442230 0.028468 0.218243
0 0.578018 0.452027 0.036036 0.204054
0 0.605946 0.442230 0.040721 0.204730
0 0.640180 0.430405 0.053694 0.213514
0 0.679640 0.419257 0.059820 0.183108
0 0.701441 0.334797 0.055135 0.092568
0 0.518378 0.648649 0.016216 0.152703
0 0.535495 0.661486 0.018018 0.181081
0 0.557838 0.678041 0.025946 0.197973
0 0.581622 0.654392 0.034595 0.210135
0 0.610090 0.648311 0.047568 0.223649
0 0.659279 0.625676 0.093333 0.228378
0 0.703964 0.605405 0.087568 0.205405
0 0.745225 0.579392 0.048288 0.104730
0 0.500721 0.651351 0.018378 0.193243
0 0.482883 0.660473 0.022342 0.179054
0 0.463243 0.679730 0.027748 0.225676
0 0.462703 0.760811 0.001441 0.002703
0 0.439459 0.669595 0.032793 0.205405
0 0.462703 0.673986 0.028108 0.211486
0 0.409730 0.669932 0.048288 0.219595
0 0.361802 0.654054 0.090811 0.209459
0 0.310450 0.623311 0.086126 0.202027
0 0.263784 0.596959 0.048288 0.102027