0 0.270067 0.436034 0.066259 0.156027
0 0.243724 0.370868 0.064378 0.110966
0 0.374620 0.644375 0.053333 0.080385
0 0.367150 0.752162 0.053982 0.171757
0 0.602960 0.499980 0.042288 0.193784
0 0.673443 0.489017 0.066324 0.201101
0 0.511690 0.487797 0.041643 0.225459
0 0.611114 0.636456 0.051971 0.066993
0 0.615335 0.740601 0.051319 0.172959
0 0.418146 0.418980 0.046836 0.226676
0 0.666980 0.713804 0.084447 0.219243
0 0.419769 0.561486 0.030595 0.056149
0 0.766663 0.644375 0.053982 0.124236
0 0.448710 0.491453 0.042876 0.203527
0 0.477292 0.490845 0.032479 0.219365
0 0.539950 0.488409 0.048786 0.214493
0 0.751072 0.378176 0.060479 0.108527
0 0.717618 0.431770 0.067625 0.193784
0 0.572429 0.433598 0.050083 0.233980
0 0.636416 0.495108 0.041640 0.188919
0 0.463294 0.689443 0.040987 0.190007
0 0.723497 0.694922 0.083153 0.159561
0 0.487004 0.684571 0.027348 0.168088
0 0.574085 0.722331 0.046771 0.192446
0 0.440232 0.744861 0.036443 0.188791
0 0.526306 0.694926 0.043589 0.162000
0 0.507142 0.683351 0.029946 0.180270
0 0.414573 0.642547 0.044886 0.079176
0 0.319409 0.704051 0.087106 0.197304
0 0.267436 0.714412 0.070223 0.152257
0 0.223261 0.654118 0.061132 0.121804
0 0.542872 0.748517 0.044238 0.183926
0 0.407751 0.743645 0.040339 0.157128
0 0.384040 0.507287 0.052685 0.188912
0 0.352533 0.489625 0.042941 0.207182
0 0.313915 0.491453 0.055218 0.208405