0 0.487748 0.495946 0.026306 0.212162
0 0.466306 0.488176 0.023063 0.197973
0 0.446667 0.489527 0.029910 0.215541
0 0.422342 0.478716 0.039640 0.216892
0 0.397838 0.493243 0.035315 0.189189
0 0.362162 0.469932 0.051892 0.200676
0 0.325586 0.452703 0.053694 0.163514
0 0.307568 0.366892 0.038559 0.094595
0 0.512432 0.498649 0.031712 0.212162
0 0.536757 0.492568 0.022703 0.194595
0 0.556577 0.474324 0.030631 0.227027
0 0.581802 0.451351 0.038559 0.214865
0 0.602162 0.415878 0.034595 0.180405
0 0.628108 0.456757 0.057658 0.195946
0 0.675856 0.468919 0.045766 0.129730
0 0.698378 0.371622 0.038919 0.105405
0 0.485045 0.683108 0.018018 0.147297
0 0.519099 0.679730 0.032793 0.156757
0 0.542703 0.675676 0.031712 0.194595
0 0.569550 0.672635 0.034955 0.184459
0 0.596757 0.691554 0.048288 0.199324
0 0.645766 0.666892 0.087207 0.191892
0 0.693694 0.633108 0.067027 0.171622
0 0.736216 0.609122 0.047568 0.097973
0 0.466306 0.688514 0.024505 0.152703
0 0.445766 0.697635 0.028829 0.187162
0 0.418559 0.704054 0.029910 0.197297
0 0.394595 0.734797 0.037477 0.183108
0 0.348649 0.687838 0.095495 0.189189
0 0.307568 0.640541 0.078919 0.166216
0 0.259640 0.629054 0.048649 0.100000