0 0.481081 0.464527 0.033153 0.284459
0 0.450991 0.464527 0.027748 0.256081
0 0.421802 0.457770 0.032793 0.273649
0 0.396937 0.463851 0.042162 0.215541
0 0.394414 0.369932 0.045045 0.206081
0 0.360360 0.427703 0.051892 0.235135
0 0.326306 0.397297 0.054414 0.220270
0 0.304865 0.340878 0.046847 0.084459
0 0.515676 0.476689 0.031712 0.264189
0 0.544324 0.463851 0.025586 0.272297
0 0.572432 0.452027 0.030631 0.298649
0 0.598198 0.462500 0.041081 0.227703
0 0.605586 0.413176 0.038559 0.223649
0 0.635495 0.452027 0.050811 0.213514
0 0.668829 0.406757 0.050450 0.201351
0 0.686667 0.340541 0.046486 0.093243
0 0.509550 0.728041 0.019459 0.218243
0 0.526847 0.728041 0.022342 0.216892
0 0.550090 0.725676 0.034234 0.232432
0 0.572432 0.702703 0.034234 0.209459
0 0.596937 0.687162 0.040000 0.214865
0 0.640180 0.648649 0.076757 0.190541
0 0.680541 0.596622 0.078198 0.178378
0 0.725045 0.571622 0.043243 0.095946
0 0.491351 0.725000 0.019820 0.221622
0 0.472072 0.718243 0.020901 0.208108
0 0.447748 0.721284 0.029189 0.238514
0 0.423784 0.702365 0.032432 0.220946
0 0.397658 0.685473 0.042883 0.222297
0 0.354595 0.645270 0.082883 0.201351
0 0.315135 0.600676 0.077477 0.181081
0 0.270631 0.574662 0.036757 0.073649