0 0.476757 0.540541 0.028108 0.193243
0 0.457838 0.529054 0.026306 0.189189
0 0.435856 0.529730 0.030631 0.181081
0 0.414775 0.518243 0.039640 0.193243
0 0.386847 0.512838 0.034955 0.175676
0 0.352793 0.518919 0.049730 0.160811
0 0.319640 0.490203 0.063423 0.170946
0 0.293874 0.428041 0.042162 0.141216
0 0.500901 0.535473 0.032432 0.192568
0 0.520180 0.523986 0.021261 0.184459
0 0.541261 0.515541 0.026667 0.197297
0 0.558739 0.509122 0.039279 0.191216
0 0.583784 0.507770 0.041081 0.181757
0 0.618018 0.489527 0.056216 0.204730
0 0.659459 0.494257 0.059099 0.164189
0 0.680721 0.430743 0.074234 0.141216
0 0.495135 0.731081 0.019459 0.160811
0 0.517477 0.737500 0.024505 0.173649
0 0.539459 0.749662 0.028829 0.170946
0 0.563604 0.741216 0.037477 0.175676
0 0.593153 0.730743 0.037477 0.166892
0 0.640000 0.723311 0.069189 0.185811
0 0.685225 0.685135 0.057297 0.155405
0 0.738919 0.684797 0.064505 0.110135
0 0.476577 0.727027 0.019820 0.128378
0 0.457117 0.745946 0.027027 0.182432
0 0.433874 0.752027 0.027387 0.166216
0 0.411171 0.750000 0.031712 0.179730
0 0.377297 0.734122 0.041081 0.150676
0 0.333874 0.723986 0.076757 0.180405
0 0.288108 0.683446 0.070991 0.156081