0 0.471532 0.547297 0.031351 0.200000
0 0.443423 0.541216 0.026306 0.197297
0 0.420721 0.478716 0.037838 0.122297
0 0.398739 0.540878 0.036396 0.112838
0 0.371712 0.532095 0.035676 0.108784
0 0.340000 0.565541 0.050811 0.179730
0 0.312432 0.496959 0.051892 0.116892
0 0.503243 0.529730 0.030631 0.216216
0 0.524324 0.536824 0.033874 0.206081
0 0.548649 0.472297 0.044324 0.131081
0 0.567027 0.547635 0.042883 0.111486
0 0.596577 0.535811 0.042162 0.102703
0 0.634234 0.562838 0.063423 0.195946
0 0.669009 0.520608 0.062342 0.127703
0 0.496036 0.752703 0.021261 0.171622
0 0.518018 0.753041 0.025586 0.157432
0 0.533153 0.851689 0.032072 0.119595
0 0.562703 0.791554 0.034234 0.093919
0 0.604144 0.796959 0.047928 0.083108
0 0.642162 0.730743 0.080000 0.166892
0 0.702883 0.737162 0.062342 0.097297
0 0.478018 0.749662 0.019820 0.168243
0 0.455135 0.750338 0.020901 0.158784
0 0.435676 0.848311 0.031712 0.125000
0 0.411171 0.787838 0.029550 0.089189
0 0.373333 0.794257 0.043243 0.084459
0 0.336036 0.721622 0.068829 0.166216
0 0.279640 0.720608 0.055495 0.092568
0 0.420180 0.585473 0.027387 0.172297
0 0.398559 0.619932 0.033874 0.087162
0 0.375856 0.612838 0.041081 0.110811
0 0.548649 0.586149 0.027748 0.176351
0 0.567027 0.618581 0.035676 0.093919
0 0.596036 0.610811 0.050450 0.114865
0 0.539820 0.732432 0.023784 0.155405
0 0.563964 0.712838 0.039640 0.097297
0 0.596036 0.714865 0.060541 0.116216
0 0.432613 0.733446 0.024144 0.160135
0 0.409910 0.711149 0.035676 0.100676
0 0.378198 0.723986 0.057297 0.141216