0 0.482523 0.515541 0.031712 0.209459
0 0.461622 0.524662 0.022342 0.139865
0 0.433694 0.500000 0.033514 0.194595
0 0.414595 0.498649 0.037117 0.175676
0 0.390270 0.480743 0.038919 0.183108
0 0.354595 0.489189 0.059099 0.174324
0 0.308288 0.459122 0.053694 0.180405
0 0.519640 0.518581 0.030270 0.200676
0 0.555856 0.454054 0.081081 0.139189
0 0.564685 0.510811 0.025225 0.158108
0 0.587928 0.509459 0.032072 0.164865
0 0.606126 0.447635 0.030270 0.168243
0 0.649369 0.488514 0.048288 0.197297
0 0.690450 0.474662 0.051171 0.166892
0 0.505946 0.718919 0.018739 0.167568
0 0.519820 0.723986 0.027027 0.175000
0 0.543604 0.735135 0.027748 0.213514
0 0.566486 0.734797 0.030991 0.208784
0 0.598378 0.730405 0.047207 0.210811
0 0.639099 0.702703 0.080360 0.187838
0 0.688288 0.659459 0.077117 0.162162
0 0.488468 0.723311 0.019099 0.175000
0 0.472072 0.726351 0.024505 0.189189
0 0.451532 0.726351 0.032432 0.214865
0 0.422523 0.721959 0.032072 0.214189
0 0.398018 0.706419 0.036396 0.211486
0 0.356577 0.687162 0.077477 0.178378
0 0.306306 0.645608 0.076396 0.162838
0 0.543784 0.510811 0.024505 0.185135
0 0.614955 0.549662 0.039279 0.075000