0 0.485946 0.467905 0.028468 0.265541
0 0.459640 0.475000 0.025586 0.220270
0 0.433694 0.395608 0.040000 0.206081
0 0.396757 0.458784 0.049009 0.166216
0 0.370811 0.428716 0.049730 0.179054
0 0.339279 0.462162 0.055856 0.208108
0 0.304865 0.408108 0.051892 0.162162
0 0.274054 0.367905 0.025586 0.053378
0 0.519099 0.461824 0.029910 0.295270
0 0.543784 0.486486 0.030270 0.225676
0 0.569730 0.399662 0.038198 0.218243
0 0.599099 0.507432 0.037117 0.179730
0 0.627027 0.440541 0.043243 0.191892
0 0.671351 0.471959 0.054775 0.216892
0 0.698378 0.428716 0.056216 0.179054
0 0.725045 0.357432 0.044685 0.077027
0 0.509189 0.697297 0.020180 0.182432
0 0.529189 0.711149 0.022703 0.202027
0 0.568649 0.744257 0.033153 0.207432
0 0.594234 0.688176 0.033874 0.206081
0 0.632793 0.719257 0.033874 0.147973
0 0.688108 0.689189 0.076757 0.213514
0 0.736036 0.683108 0.060901 0.133784
0 0.767207 0.610811 0.040360 0.101351
0 0.487928 0.696959 0.024505 0.199324
0 0.468649 0.696284 0.028468 0.204730
0 0.445586 0.756757 0.042883 0.200000
0 0.409189 0.686149 0.034955 0.195270
0 0.382883 0.685135 0.037117 0.187838
0 0.316216 0.670608 0.094054 0.215541
0 0.260901 0.672635 0.065586 0.150676
0 0.227928 0.598986 0.043604 0.097973
0 0.436577 0.532770 0.035676 0.092568
0 0.377658 0.538851 0.039640 0.092568
0 0.568829 0.541554 0.032793 0.112838
0 0.628829 0.562838 0.042523 0.090541
0 0.547568 0.676689 0.025586 0.150676
0 0.446306 0.665203 0.032072 0.147973
0 0.433514 0.612500 0.044685 0.054730