0 0.483243 0.495270 0.037477 0.289189
0 0.450090 0.525000 0.037477 0.198649
0 0.422703 0.426689 0.050450 0.200676
0 0.388108 0.488176 0.043964 0.185811
0 0.360180 0.449662 0.039279 0.164189
0 0.311892 0.486486 0.068829 0.220270
0 0.292252 0.406081 0.056937 0.147297
0 0.262342 0.354054 0.041081 0.059459
0 0.514595 0.490203 0.034595 0.291216
0 0.542162 0.508784 0.040000 0.210811
0 0.565586 0.399324 0.060901 0.194595
0 0.591532 0.445946 0.046486 0.217568
0 0.624505 0.439865 0.045405 0.164865
0 0.672973 0.467905 0.071712 0.233108
0 0.702703 0.402027 0.054775 0.140541
0 0.732613 0.346284 0.053333 0.083108
0 0.499640 0.769595 0.025586 0.239189
0 0.512973 0.784797 0.040000 0.233108
0 0.544685 0.835473 0.042883 0.189865
0 0.579099 0.783446 0.038919 0.169595
0 0.626306 0.797635 0.045405 0.161486
0 0.675495 0.711486 0.088288 0.221622
0 0.725225 0.700000 0.065225 0.152703
0 0.759459 0.608108 0.047928 0.094595
0 0.479820 0.759122 0.024144 0.225000
0 0.457117 0.770946 0.025586 0.237838
0 0.428108 0.837838 0.042523 0.195946
0 0.397838 0.782432 0.041081 0.177027
0 0.351171 0.794595 0.042883 0.156757
0 0.303964 0.714865 0.090450 0.221622
0 0.252793 0.704054 0.068108 0.159459
0 0.224685 0.590541 0.044324 0.085135
0 0.419820 0.557770 0.036036 0.134459
0 0.388468 0.586824 0.038198 0.073649
0 0.348468 0.559122 0.046847 0.116892
0 0.569730 0.541554 0.033153 0.153378
0 0.600180 0.571284 0.037117 0.080405
0 0.636396 0.547297 0.047568 0.117568
0 0.548468 0.720946 0.028829 0.141892
0 0.572793 0.679392 0.039279 0.065541
0 0.623604 0.713851 0.076036 0.170946
0 0.431351 0.731081 0.027387 0.170270
0 0.404324 0.676351 0.039640 0.060811
0 0.356036 0.712162 0.075676 0.156757