0 0.487387 0.495270 0.032072 0.251351
0 0.461802 0.497635 0.034955 0.222297
0 0.430811 0.463514 0.037117 0.262162
0 0.406667 0.477027 0.048649 0.212162
0 0.378919 0.448986 0.047207 0.187162
0 0.329369 0.467568 0.059820 0.206757
0 0.302342 0.410473 0.067748 0.162838
0 0.290991 0.339865 0.049369 0.068919
0 0.526126 0.499662 0.033153 0.249324
0 0.556396 0.506081 0.033153 0.210811
0 0.585405 0.445946 0.030631 0.279730
0 0.614414 0.464189 0.034595 0.229730
0 0.640180 0.464865 0.038559 0.218919
0 0.675856 0.465203 0.055856 0.211486
0 0.695135 0.385811 0.064865 0.156757
0 0.712432 0.327365 0.047568 0.091216
0 0.505946 0.724662 0.023063 0.184459
0 0.524144 0.736824 0.026306 0.196622
0 0.546486 0.756081 0.031351 0.252703
0 0.570270 0.740878 0.032072 0.207432
0 0.597477 0.740203 0.040360 0.204730
0 0.643784 0.718581 0.077477 0.200676
0 0.688649 0.679392 0.073514 0.188514
0 0.737658 0.663514 0.046847 0.101351
0 0.485766 0.731757 0.020180 0.198649
0 0.466847 0.723986 0.027748 0.179054
0 0.442703 0.754392 0.034234 0.223649
0 0.419099 0.752365 0.034595 0.206081
0 0.394775 0.742568 0.038559 0.193243
0 0.350811 0.719932 0.076757 0.196622
0 0.301982 0.695608 0.080000 0.192568
0 0.252072 0.673311 0.051532 0.103378