0 0.494595 0.469257 0.036396 0.265541
0 0.467568 0.462162 0.039279 0.247297
0 0.440541 0.452027 0.034955 0.208108
0 0.422342 0.478041 0.038198 0.180405
0 0.390631 0.464865 0.041081 0.190541
0 0.350811 0.450338 0.048649 0.215541
0 0.330450 0.384797 0.062703 0.137162
0 0.301802 0.320946 0.050811 0.090541
0 0.522523 0.473986 0.031712 0.252027
0 0.545405 0.451689 0.041441 0.241216
0 0.571892 0.382770 0.031712 0.315541
0 0.590991 0.453041 0.038198 0.188514
0 0.617477 0.429054 0.044324 0.205405
0 0.650811 0.405405 0.056937 0.198649
0 0.675856 0.338176 0.055856 0.134459
0 0.706126 0.290878 0.050811 0.079054
0 0.510270 0.690541 0.032432 0.158108
0 0.525586 0.681757 0.026306 0.158108
0 0.557658 0.679730 0.040721 0.170270
0 0.583423 0.676014 0.042523 0.170946
0 0.618198 0.651014 0.051532 0.145270
0 0.667568 0.611824 0.092613 0.170946
0 0.718378 0.591216 0.067387 0.145946
0 0.755495 0.520608 0.034234 0.106081
0 0.483423 0.689189 0.024865 0.152703
0 0.462342 0.702365 0.030270 0.185811
0 0.432613 0.695270 0.034955 0.178378
0 0.399820 0.688514 0.037117 0.179730
0 0.366306 0.679392 0.042883 0.160135
0 0.315315 0.650338 0.028829 0.070946
0 0.279279 0.620608 0.073514 0.153378
0 0.241802 0.549662 0.028829 0.104730