0 0.474775 0.498311 0.031351 0.175000
0 0.449369 0.486149 0.031712 0.187162
0 0.419820 0.462162 0.033874 0.216216
0 0.397838 0.471622 0.039640 0.183784
0 0.395856 0.371959 0.001081 0.002027
0 0.377117 0.454730 0.037838 0.190541
0 0.347568 0.448649 0.050811 0.185135
0 0.312973 0.435135 0.052252 0.174324
0 0.299279 0.360135 0.045045 0.141892
0 0.506306 0.499662 0.033874 0.165541
0 0.530811 0.495608 0.029550 0.179054
0 0.560000 0.472635 0.036757 0.235811
0 0.583964 0.499662 0.050811 0.176351
0 0.606847 0.464865 0.049009 0.218919
0 0.642342 0.475676 0.058018 0.181081
0 0.678378 0.458108 0.057297 0.191892
0 0.695135 0.391892 0.048288 0.155405
0 0.498378 0.705743 0.030991 0.175000
0 0.515315 0.706419 0.046126 0.168243
0 0.553333 0.784797 0.001081 0.002027
0 0.539820 0.738514 0.038919 0.235135
0 0.566847 0.718243 0.034595 0.170270
0 0.596937 0.698649 0.038559 0.181081
0 0.638739 0.672973 0.088288 0.174324
0 0.681441 0.646622 0.075676 0.147297
0 0.730811 0.634122 0.079279 0.134459
0 0.480000 0.705068 0.019459 0.172297
0 0.459099 0.705743 0.024505 0.183108
0 0.437477 0.729730 0.031712 0.202703
0 0.409550 0.700338 0.040721 0.177703
0 0.369730 0.709797 0.037477 0.072297
0 0.349550 0.647635 0.079279 0.172297
0 0.313874 0.624662 0.065586 0.154730
0 0.269910 0.619257 0.057658 0.133108
0 0.387748 0.658446 0.042523 0.152027