0 0.485225 0.513851 0.032793 0.211486
0 0.462162 0.481757 0.030631 0.232432
0 0.437477 0.468243 0.028108 0.256757
0 0.409189 0.486149 0.029189 0.200676
0 0.386126 0.481757 0.035676 0.212162
0 0.354234 0.475000 0.050450 0.195946
0 0.327207 0.429730 0.056216 0.163514
0 0.293333 0.360811 0.050450 0.093243
0 0.515676 0.511486 0.030270 0.210811
0 0.542162 0.488851 0.023423 0.230405
0 0.563964 0.481757 0.027387 0.251351
0 0.585766 0.485473 0.032793 0.237162
0 0.609910 0.460811 0.035676 0.204054
0 0.646486 0.489527 0.049730 0.195270
0 0.670270 0.429730 0.065586 0.166216
0 0.706126 0.352365 0.055856 0.106081
0 0.509910 0.727703 0.018739 0.193243
0 0.528649 0.726689 0.020180 0.180405
0 0.545946 0.735473 0.025225 0.207432
0 0.564685 0.733446 0.032432 0.212838
0 0.598018 0.735135 0.048649 0.174324
0 0.639820 0.706757 0.066667 0.195946
0 0.689910 0.680068 0.068829 0.169595
0 0.733514 0.618919 0.033514 0.083784
0 0.494054 0.731757 0.020901 0.201351
0 0.474054 0.731757 0.021261 0.190541
0 0.454955 0.742230 0.024865 0.215541
0 0.431351 0.728716 0.030270 0.192568
0 0.395315 0.722973 0.043964 0.191892
0 0.354414 0.695946 0.073153 0.191892
0 0.299640 0.661824 0.076036 0.149324
0 0.608108 0.571622 0.042162 0.067568