0 0.474054 0.487838 0.059459 0.256757
0 0.461622 0.508784 0.025946 0.206757
0 0.434054 0.477027 0.033514 0.225676
0 0.412613 0.488176 0.036036 0.231757
0 0.389009 0.484459 0.037838 0.200000
0 0.358378 0.476689 0.050090 0.195270
0 0.325586 0.447297 0.048649 0.141892
0 0.297477 0.388514 0.034955 0.074324
0 0.520180 0.503041 0.026306 0.204730
0 0.548288 0.465541 0.030631 0.272973
0 0.570631 0.490878 0.037838 0.220946
0 0.598018 0.487838 0.037838 0.198649
0 0.628649 0.469595 0.054414 0.204054
0 0.660360 0.433446 0.051532 0.139865
0 0.501441 0.721959 0.024144 0.187162
0 0.518739 0.720270 0.027748 0.200000
0 0.543063 0.719257 0.033874 0.218243
0 0.570450 0.716216 0.036757 0.179730
0 0.619640 0.733446 0.046486 0.139865
0 0.650811 0.663851 0.087207 0.183108
0 0.703243 0.657095 0.063063 0.145270
0 0.738739 0.592568 0.038198 0.100000
0 0.480180 0.718581 0.022703 0.184459
0 0.458739 0.725338 0.023063 0.189865
0 0.432973 0.719257 0.027748 0.203378
0 0.407748 0.715541 0.033514 0.191892
0 0.360360 0.725338 0.042523 0.139865
0 0.329550 0.664189 0.080360 0.177027
0 0.283063 0.661486 0.055135 0.143243
0 0.250991 0.587838 0.039279 0.100000
0 0.603243 0.657770 0.062703 0.122297
0 0.376757 0.655743 0.054414 0.120946