0 0.482523 0.425338 0.041802 0.230405
0 0.458739 0.446284 0.033153 0.234459
0 0.432793 0.427703 0.033874 0.271622
0 0.406847 0.429054 0.037477 0.255405
0 0.376757 0.431757 0.035676 0.237838
0 0.347568 0.425676 0.045766 0.198649
0 0.304685 0.382432 0.046486 0.233784
0 0.284505 0.313851 0.052252 0.096622
0 0.519820 0.427027 0.032793 0.279730
0 0.547387 0.420608 0.025946 0.249324
0 0.573153 0.412162 0.029910 0.259459
0 0.599279 0.401689 0.036036 0.249324
0 0.620901 0.402703 0.034595 0.229730
0 0.656577 0.384797 0.043243 0.223649
0 0.694595 0.360135 0.042883 0.222973
0 0.514054 0.673649 0.029189 0.212162
0 0.538739 0.685811 0.028829 0.228378
0 0.567027 0.687162 0.032793 0.233784
0 0.606486 0.663176 0.051171 0.204730
0 0.656216 0.627365 0.077117 0.180405
0 0.706667 0.588176 0.087928 0.179054
0 0.759279 0.569257 0.061261 0.111486
0 0.487027 0.671622 0.026306 0.201351
0 0.460180 0.686149 0.030270 0.220946
0 0.427027 0.687500 0.036036 0.233108
0 0.380000 0.673649 0.040000 0.206757
0 0.327928 0.645608 0.075676 0.187162
0 0.276036 0.599324 0.093694 0.183784
0 0.224324 0.572973 0.065225 0.104054