0 0.480901 0.537838 0.032072 0.200000
0 0.456036 0.518243 0.021982 0.208108
0 0.430631 0.522973 0.031712 0.201351
0 0.405586 0.524324 0.037117 0.198649
0 0.381261 0.521959 0.033874 0.166892
0 0.348829 0.509797 0.045405 0.168243
0 0.321261 0.443581 0.042883 0.152027
0 0.511532 0.539865 0.030631 0.197297
0 0.538378 0.535811 0.023784 0.178378
0 0.564324 0.522635 0.030991 0.208784
0 0.586486 0.525000 0.034234 0.200000
0 0.610450 0.521284 0.028108 0.187162
0 0.642523 0.513176 0.046847 0.184459
0 0.669730 0.448311 0.050090 0.162838
0 0.500901 0.741892 0.018739 0.177027
0 0.521622 0.747973 0.021261 0.187838
0 0.543784 0.745946 0.025225 0.190541
0 0.574414 0.743243 0.029550 0.187838
0 0.610450 0.732432 0.042523 0.179730
0 0.655135 0.707770 0.075676 0.181757
0 0.707387 0.683784 0.064144 0.143243
0 0.481441 0.745270 0.019459 0.182432
0 0.462523 0.745608 0.021982 0.197973
0 0.438378 0.743919 0.027748 0.205405
0 0.410450 0.728378 0.028829 0.181081
0 0.371532 0.721284 0.043243 0.172297
0 0.328468 0.695270 0.077477 0.183784
0 0.274414 0.668581 0.062342 0.134459