0 0.440923 0.647503 0.061924 0.209520
0 0.552312 0.632155 0.037013 0.162811
0 0.615299 0.683534 0.050533 0.206851
0 0.481494 0.656848 0.044840 0.225534
0 0.756582 0.665520 0.105337 0.202851
0 0.647685 0.463274 0.041279 0.236345
0 0.572595 0.451929 0.051957 0.235007
0 0.464054 0.431912 0.045550 0.229676
0 0.388966 0.428574 0.057650 0.223000
0 0.399998 0.642834 0.045553 0.200182
0 0.291456 0.636828 0.084699 0.201507
0 0.585762 0.646172 0.048396 0.193507
0 0.513166 0.646838 0.038432 0.226865
0 0.500353 0.441919 0.041283 0.239014
0 0.424908 0.409895 0.039856 0.263034
0 0.691456 0.701554 0.049110 0.216189
0 0.280425 0.410561 0.083986 0.205649
0 0.547328 0.457270 0.045553 0.253689
0 0.650532 0.699551 0.045553 0.222858
0 0.615656 0.446591 0.039859 0.272372
0 0.354447 0.636162 0.055517 0.216189
0 0.720281 0.463274 0.061211 0.204318
0 0.679357 0.479953 0.051960 0.200311