0 0.478739 0.534459 0.030631 0.191892
0 0.446126 0.420608 0.038198 0.179054
0 0.429369 0.523311 0.029189 0.158784
0 0.405586 0.520946 0.033514 0.140541
0 0.382883 0.434122 0.040721 0.133108
0 0.345225 0.471622 0.046847 0.181081
0 0.319820 0.402703 0.049369 0.131081
0 0.299099 0.342230 0.036036 0.072297
0 0.516757 0.522973 0.030991 0.216216
0 0.541802 0.532432 0.031351 0.163514
0 0.560721 0.406757 0.036757 0.164865
0 0.590090 0.466892 0.032072 0.181081
0 0.616937 0.411824 0.039640 0.184459
0 0.653514 0.468581 0.051532 0.196622
0 0.685405 0.396622 0.053333 0.148649
0 0.510991 0.716216 0.020180 0.145946
0 0.530631 0.721959 0.021982 0.162838
0 0.559820 0.809797 0.050811 0.161486
0 0.583964 0.762162 0.037838 0.133784
0 0.620541 0.758446 0.048288 0.131757
0 0.655676 0.685811 0.080360 0.200000
0 0.711712 0.684459 0.067748 0.124324
0 0.744685 0.625000 0.037838 0.086486
0 0.491712 0.715203 0.019820 0.152027
0 0.470991 0.725676 0.023063 0.177027
0 0.439820 0.809797 0.056577 0.168243
0 0.417117 0.755068 0.036396 0.125000
0 0.382883 0.757095 0.042162 0.126351
0 0.341622 0.678378 0.090090 0.189189
0 0.287928 0.684797 0.066306 0.133108
0 0.257117 0.620946 0.039279 0.095946
0 0.450991 0.541892 0.022703 0.141892
0 0.379820 0.524662 0.037477 0.107432
0 0.571892 0.513514 0.029550 0.177027
0 0.618559 0.534122 0.042883 0.107432
0 0.554054 0.695608 0.024144 0.135811
0 0.579099 0.677703 0.036757 0.112162
0 0.609369 0.671959 0.060541 0.131757
0 0.440721 0.713176 0.036036 0.164189
0 0.422342 0.673311 0.036757 0.102027
0 0.392072 0.671284 0.054054 0.135811