0 0.476937 0.539865 0.036396 0.228378
0 0.451171 0.531081 0.051171 0.229730
0 0.421982 0.468243 0.034595 0.239189
0 0.408468 0.518919 0.044324 0.244595
0 0.378559 0.522635 0.037838 0.242568
0 0.342162 0.536824 0.052973 0.166892
0 0.312072 0.462500 0.064865 0.154730
0 0.511532 0.543919 0.033514 0.228378
0 0.544685 0.534797 0.032793 0.235811
0 0.571712 0.506757 0.032793 0.245946
0 0.592613 0.527027 0.042883 0.225676
0 0.623243 0.530068 0.040000 0.212838
0 0.651712 0.510135 0.059459 0.212162
0 0.677658 0.459122 0.075315 0.150676
0 0.699640 0.397973 0.052973 0.083784
0 0.506486 0.743581 0.021261 0.146622
0 0.525045 0.747635 0.031712 0.156081
0 0.553153 0.766216 0.034595 0.181081
0 0.581802 0.764189 0.037838 0.194595
0 0.613153 0.755068 0.045766 0.185811
0 0.661441 0.738176 0.074595 0.210135
0 0.714595 0.726014 0.092252 0.164189
0 0.754234 0.649324 0.051892 0.102703
0 0.485225 0.747635 0.020541 0.147973
0 0.463604 0.760811 0.028468 0.175676
0 0.438559 0.769257 0.037477 0.199324
0 0.408829 0.760811 0.037117 0.195946
0 0.377477 0.762500 0.049369 0.195270
0 0.327027 0.736149 0.079640 0.211486
0 0.271171 0.751014 0.074595 0.164189
0 0.235135 0.664189 0.058018 0.106757