0 0.501441 0.487162 0.034955 0.205405
0 0.478378 0.471622 0.045045 0.195946
0 0.446667 0.445270 0.037838 0.191892
0 0.422703 0.469257 0.046126 0.191216
0 0.401441 0.404392 0.051171 0.162838
0 0.347568 0.472973 0.063063 0.185135
0 0.326306 0.392568 0.051532 0.151351
0 0.295856 0.339189 0.047568 0.087838
0 0.538018 0.485473 0.039640 0.208784
0 0.568829 0.487162 0.030631 0.187838
0 0.594775 0.450338 0.033514 0.234459
0 0.615315 0.483446 0.038559 0.212838
0 0.633153 0.426689 0.038919 0.142568
0 0.677477 0.469932 0.055495 0.192568
0 0.692613 0.389527 0.048288 0.145270
0 0.718198 0.331081 0.047568 0.087838
0 0.534775 0.694595 0.025946 0.177027
0 0.556757 0.708446 0.027387 0.193919
0 0.577838 0.705068 0.026306 0.177703
0 0.606667 0.709797 0.034234 0.197973
0 0.635856 0.702703 0.037838 0.195946
0 0.675676 0.682770 0.052613 0.170946
0 0.720901 0.687838 0.059459 0.144595
0 0.761622 0.636149 0.041441 0.103378
0 0.512613 0.696622 0.024144 0.185135
0 0.492072 0.701014 0.029910 0.192568
0 0.469550 0.710473 0.036036 0.196622
0 0.434955 0.717568 0.043243 0.193243
0 0.398018 0.722297 0.052973 0.193243
0 0.350991 0.705743 0.070631 0.192568
0 0.296216 0.701689 0.063423 0.161486
0 0.255856 0.637838 0.045405 0.124324
0 0.392432 0.507095 0.047568 0.119595
0 0.645766 0.521284 0.039640 0.108784