0 0.480180 0.541216 0.032793 0.174324
0 0.454775 0.543243 0.028829 0.159459
0 0.421622 0.429392 0.038198 0.127703
0 0.409369 0.522635 0.046847 0.103378
0 0.382703 0.500676 0.037477 0.102703
0 0.334054 0.532095 0.054775 0.197973
0 0.303063 0.472297 0.053333 0.109459
0 0.514595 0.541892 0.033874 0.175676
0 0.542703 0.542230 0.027387 0.142568
0 0.565766 0.419257 0.037477 0.138514
0 0.581622 0.501351 0.046847 0.109459
0 0.607928 0.487838 0.041802 0.093243
0 0.655676 0.518243 0.060180 0.189189
0 0.687568 0.455743 0.057658 0.110135
0 0.505766 0.750000 0.021982 0.166216
0 0.530270 0.743919 0.026306 0.152703
0 0.555315 0.817230 0.036036 0.120946
0 0.583604 0.775338 0.038559 0.088514
0 0.621441 0.759459 0.034234 0.085135
0 0.661982 0.687500 0.079279 0.180405
0 0.721081 0.670946 0.057658 0.101351
0 0.483604 0.756419 0.022342 0.166892
0 0.463063 0.750676 0.025225 0.164865
0 0.439099 0.822973 0.035676 0.124324
0 0.407568 0.785473 0.039640 0.088514
0 0.365766 0.779392 0.038919 0.081757
0 0.319279 0.707770 0.082883 0.180405
0 0.260901 0.689189 0.056937 0.095946
0 0.433694 0.568243 0.029189 0.160811
0 0.408829 0.603378 0.043604 0.104054
0 0.378378 0.579392 0.051892 0.134459
0 0.563243 0.552027 0.029550 0.172973
0 0.584505 0.581757 0.036036 0.098649
0 0.613694 0.566216 0.048288 0.118919
0 0.551712 0.711149 0.025225 0.137162
0 0.577658 0.694595 0.043243 0.112162
0 0.611351 0.684122 0.060901 0.134459
0 0.439279 0.726014 0.025946 0.137162
0 0.413333 0.713851 0.043964 0.104730
0 0.373874 0.706419 0.065225 0.143919