0 0.478559 0.407432 0.039640 0.221622
0 0.453874 0.422297 0.047207 0.208108
0 0.421081 0.361149 0.050090 0.210135
0 0.408108 0.397973 0.043604 0.222973
0 0.374775 0.406081 0.038198 0.191892
0 0.334234 0.394932 0.051532 0.204730
0 0.293874 0.405743 0.049369 0.164189
0 0.271532 0.319257 0.034955 0.115541
0 0.517297 0.405068 0.039279 0.225000
0 0.541622 0.398311 0.038919 0.234459
0 0.575856 0.376014 0.036757 0.243919
0 0.605045 0.380405 0.041081 0.236486
0 0.637477 0.390541 0.037477 0.179730
0 0.674775 0.377703 0.045766 0.178378
0 0.714054 0.359122 0.042883 0.196622
0 0.734054 0.299324 0.041802 0.083784
0 0.515495 0.644932 0.023423 0.191216
0 0.539279 0.654054 0.027748 0.216216
0 0.565586 0.648649 0.031351 0.222973
0 0.594234 0.631081 0.038919 0.198649
0 0.625045 0.626014 0.042162 0.211486
0 0.670811 0.593581 0.078919 0.196622
0 0.719099 0.562162 0.081802 0.183784
0 0.763243 0.550676 0.058378 0.118919
0 0.492072 0.646622 0.025586 0.194595
0 0.470991 0.646622 0.025946 0.205405
0 0.445405 0.653716 0.032432 0.225000
0 0.414234 0.634797 0.034234 0.187162
0 0.374775 0.628041 0.054054 0.180405
0 0.334054 0.620608 0.080721 0.192568
0 0.284144 0.597297 0.079640 0.195946
0 0.240360 0.581757 0.053333 0.116216