0 0.489730 0.512162 0.033874 0.190541
0 0.460000 0.512500 0.024865 0.165541
0 0.430631 0.490203 0.036036 0.153378
0 0.409009 0.511149 0.037477 0.156081
0 0.379459 0.529054 0.034595 0.156757
0 0.342703 0.522635 0.051892 0.189865
0 0.300360 0.473311 0.045766 0.187162
0 0.288649 0.420270 0.047568 0.104054
0 0.523423 0.516892 0.033514 0.186486
0 0.552613 0.526689 0.027027 0.203378
0 0.580541 0.509122 0.030270 0.239865
0 0.602523 0.505405 0.035315 0.191892
0 0.632072 0.518243 0.039640 0.167568
0 0.668829 0.502703 0.050450 0.193243
0 0.711712 0.488176 0.046847 0.179054
0 0.726126 0.419257 0.044685 0.093919
0 0.518018 0.718919 0.022703 0.171622
0 0.540180 0.720608 0.025946 0.170946
0 0.567568 0.735811 0.031712 0.216216
0 0.597297 0.729730 0.035676 0.222973
0 0.631892 0.740541 0.045766 0.200000
0 0.677297 0.717568 0.075315 0.194595
0 0.721982 0.672297 0.059459 0.159459
0 0.767928 0.634459 0.046126 0.101351
0 0.494414 0.715541 0.022342 0.172973
0 0.472252 0.729054 0.025586 0.189189
0 0.518018 0.729054 0.021982 0.194595
0 0.447568 0.721622 0.039640 0.189189
0 0.412973 0.733446 0.039640 0.197973
0 0.377838 0.754730 0.048649 0.245946
0 0.336577 0.708446 0.075676 0.179054
0 0.287928 0.643581 0.064865 0.180405
0 0.245946 0.632095 0.045045 0.087162