0 0.387982 0.648118 0.053218 0.186696
0 0.588411 0.421111 0.045492 0.222264
0 0.563948 0.406625 0.037769 0.225480
0 0.641631 0.417889 0.067809 0.193291
0 0.661802 0.379264 0.077254 0.128919
0 0.661373 0.613517 0.093564 0.188304
0 0.529613 0.433986 0.054937 0.215824
0 0.631759 0.653753 0.077254 0.197966
0 0.590128 0.665824 0.050641 0.189919
0 0.566524 0.669851 0.056652 0.194743
0 0.506867 0.432375 0.042058 0.241574
0 0.615022 0.432375 0.047211 0.199736
0 0.691845 0.304426 0.058371 0.098338
0 0.304292 0.298791 0.042061 0.112824
0 0.275106 0.540287 0.052360 0.103007
0 0.352789 0.613517 0.070386 0.201182
0 0.316308 0.566845 0.067809 0.152892
0 0.451932 0.677895 0.033477 0.217277
0 0.419312 0.660193 0.042061 0.181872
0 0.494849 0.677091 0.021459 0.173818
0 0.455793 0.442838 0.029186 0.230311
0 0.426609 0.423524 0.036050 0.217439
0 0.481115 0.450882 0.038627 0.236750
0 0.393562 0.423524 0.045495 0.217439
0 0.370814 0.429963 0.034335 0.220655
0 0.476395 0.675480 0.018886 0.183473
0 0.340771 0.408233 0.044634 0.241574
0 0.705578 0.550750 0.101290 0.168986
0 0.319742 0.377655 0.064378 0.167541
0 0.515450 0.670652 0.011160 0.173818
0 0.531330 0.686747 0.020598 0.231764
0 0.742917 0.532240 0.064378 0.109439