0 0.477477 0.478716 0.066306 0.131757
0 0.471532 0.519932 0.025586 0.230405
0 0.447387 0.509797 0.031351 0.273649
0 0.422883 0.524324 0.037117 0.212162
0 0.407928 0.459459 0.054775 0.166216
0 0.357477 0.519932 0.049009 0.172297
0 0.328108 0.465878 0.049369 0.145270
0 0.308288 0.420608 0.041441 0.076351
0 0.509189 0.550676 0.036757 0.222973
0 0.532432 0.544595 0.021261 0.210811
0 0.558919 0.528041 0.032432 0.233108
0 0.578198 0.520270 0.037117 0.220270
0 0.594775 0.477027 0.042883 0.120270
0 0.636396 0.514527 0.052613 0.177703
0 0.669369 0.472635 0.056577 0.131757
0 0.687928 0.411486 0.043243 0.074324
0 0.506486 0.753041 0.021261 0.165541
0 0.523423 0.754730 0.021261 0.175676
0 0.544505 0.764865 0.028108 0.213514
0 0.567748 0.757770 0.032072 0.180405
0 0.594595 0.739527 0.044685 0.161486
0 0.634234 0.717230 0.078559 0.177703
0 0.674775 0.680405 0.074595 0.155405
0 0.722162 0.659122 0.040360 0.087162
0 0.486667 0.756419 0.017658 0.180405
0 0.470450 0.765203 0.027748 0.141216
0 0.445045 0.775000 0.038919 0.218919
0 0.423964 0.756081 0.034234 0.177027
0 0.390090 0.770270 0.044324 0.131081
0 0.351892 0.723649 0.071712 0.177027
0 0.301802 0.695946 0.066667 0.151351
0 0.268108 0.658446 0.034595 0.083108
0 0.394054 0.561486 0.040721 0.104054
0 0.602342 0.567230 0.042883 0.102027
0 0.398378 0.686824 0.044324 0.070946