0 0.477658 0.423986 0.027027 0.238514
0 0.451351 0.435811 0.025586 0.214865
0 0.425586 0.415203 0.028829 0.237162
0 0.404144 0.443581 0.036396 0.157432
0 0.379279 0.369257 0.033514 0.189865
0 0.342342 0.408108 0.047568 0.209459
0 0.302162 0.409459 0.047207 0.132432
0 0.283784 0.343243 0.047207 0.113514
0 0.505586 0.426689 0.025946 0.231757
0 0.530811 0.431419 0.026667 0.220946
0 0.556937 0.408446 0.028468 0.257432
0 0.578018 0.431081 0.036757 0.189189
0 0.601441 0.387838 0.036036 0.131081
0 0.644324 0.413851 0.049730 0.193919
0 0.679820 0.390878 0.052252 0.127703
0 0.697477 0.335811 0.063784 0.121622
0 0.499459 0.648649 0.018018 0.171622
0 0.518919 0.663851 0.021622 0.204730
0 0.537477 0.673986 0.031351 0.229054
0 0.565586 0.671284 0.030631 0.199324
0 0.594414 0.657432 0.036396 0.182432
0 0.644144 0.649662 0.083243 0.230405
0 0.688649 0.591892 0.085045 0.195946
0 0.744324 0.592905 0.052973 0.112838
0 0.482523 0.647635 0.017297 0.168243
0 0.463423 0.650338 0.018739 0.184459
0 0.440901 0.656081 0.028468 0.214865
0 0.414234 0.658108 0.030631 0.195946
0 0.388288 0.660473 0.043604 0.202027
0 0.338198 0.643919 0.078919 0.224324
0 0.294414 0.593919 0.080721 0.202703
0 0.239820 0.588851 0.052973 0.108784
0 0.379279 0.479392 0.038559 0.081757
0 0.607027 0.477365 0.040721 0.083108