0 0.486667 0.540203 0.029910 0.207432
0 0.463423 0.524662 0.028108 0.196622
0 0.438198 0.497297 0.030991 0.218919
0 0.418739 0.507432 0.038198 0.186486
0 0.393153 0.499324 0.034595 0.177027
0 0.362883 0.505068 0.050450 0.150676
0 0.326306 0.480068 0.052973 0.138514
0 0.312072 0.401689 0.049009 0.080405
0 0.514775 0.543243 0.029189 0.201351
0 0.538919 0.534122 0.028468 0.187162
0 0.563243 0.509459 0.031712 0.201351
0 0.578378 0.503716 0.041802 0.166892
0 0.615315 0.486824 0.048649 0.166892
0 0.655315 0.467230 0.048649 0.153378
0 0.674955 0.401351 0.049730 0.077027
0 0.505766 0.736824 0.019820 0.130405
0 0.525225 0.739865 0.020541 0.140541
0 0.548829 0.752365 0.026667 0.168243
0 0.572793 0.731081 0.032072 0.143243
0 0.603784 0.722297 0.049369 0.162162
0 0.642162 0.691216 0.084324 0.168919
0 0.683423 0.653041 0.081081 0.156081
0 0.725586 0.629054 0.041441 0.087838
0 0.487568 0.736824 0.019459 0.125000
0 0.468468 0.745608 0.021622 0.141216
0 0.447928 0.755068 0.028108 0.181757
0 0.423964 0.742230 0.032793 0.169595
0 0.389369 0.738176 0.055135 0.181757
0 0.347387 0.704054 0.092252 0.182432
0 0.307928 0.668243 0.068829 0.156757
0 0.260360 0.640541 0.044324 0.090541