0 0.482162 0.518243 0.029550 0.217568
0 0.460541 0.502703 0.030270 0.204054
0 0.434595 0.464527 0.035315 0.191216
0 0.412973 0.513176 0.038198 0.197973
0 0.381802 0.519932 0.036396 0.177703
0 0.343964 0.493581 0.050090 0.208784
0 0.308468 0.456757 0.043964 0.160811
0 0.287928 0.383446 0.051171 0.085811
0 0.513153 0.519257 0.030991 0.230405
0 0.536937 0.513176 0.030991 0.212838
0 0.561802 0.472973 0.034595 0.195946
0 0.582342 0.518581 0.037477 0.193919
0 0.609369 0.509797 0.046847 0.199324
0 0.645405 0.503716 0.056937 0.204730
0 0.687568 0.473311 0.056216 0.157432
0 0.714595 0.412500 0.052613 0.091216
0 0.511171 0.723649 0.024144 0.194595
0 0.531712 0.723649 0.024865 0.191892
0 0.556036 0.733108 0.033153 0.212162
0 0.584144 0.706757 0.033153 0.163514
0 0.612613 0.695270 0.043243 0.154054
0 0.657838 0.680068 0.084685 0.195270
0 0.704505 0.643243 0.066306 0.155405
0 0.764685 0.611824 0.051171 0.099324
0 0.489369 0.724324 0.023063 0.198649
0 0.467928 0.726351 0.026306 0.195946
0 0.443423 0.730405 0.034234 0.197297
0 0.411892 0.713176 0.040360 0.165541
0 0.381081 0.702027 0.050090 0.175676
0 0.341261 0.690541 0.074955 0.200000
0 0.297477 0.631081 0.060901 0.166216
0 0.255135 0.614527 0.048288 0.099324