0 0.736132 0.618189 0.047485 0.120581
0 0.435360 0.515203 0.038389 0.197446
0 0.512341 0.509111 0.031247 0.214493
0 0.550050 0.498149 0.033780 0.209622
0 0.593899 0.512162 0.034429 0.181608
0 0.429870 0.720503 0.029881 0.210723
0 0.689717 0.638284 0.084450 0.170527
0 0.647168 0.681527 0.091596 0.181486
0 0.609490 0.706493 0.056515 0.192446
0 0.579932 0.710760 0.048072 0.203412
0 0.552973 0.701014 0.034429 0.188797
0 0.531859 0.696142 0.023387 0.171743
0 0.516595 0.701014 0.029232 0.181486
0 0.313479 0.488409 0.045697 0.170642
0 0.461995 0.512159 0.021503 0.196223
0 0.498079 0.693706 0.033780 0.161993
0 0.475995 0.702230 0.025986 0.181486
0 0.454555 0.718676 0.033780 0.211932
0 0.403562 0.709541 0.030533 0.188797
0 0.367151 0.703449 0.081265 0.203412
0 0.322652 0.664473 0.068923 0.169311
0 0.280427 0.637676 0.050735 0.120581
0 0.357730 0.508507 0.042941 0.191351
0 0.390861 0.522510 0.024750 0.177953
0 0.411649 0.526774 0.031247 0.184047
0 0.482133 0.516419 0.038393 0.199878
0 0.531178 0.514598 0.020850 0.176736
0 0.669903 0.479331 0.057816 0.198541
0 0.568238 0.526166 0.037679 0.177953
0 0.625373 0.501196 0.057232 0.188919