0 0.475315 0.478041 0.036036 0.227703
0 0.443063 0.446622 0.031351 0.220270
0 0.418018 0.379392 0.035315 0.138514
0 0.401081 0.456081 0.041081 0.105405
0 0.367928 0.445270 0.035315 0.094595
0 0.332432 0.473649 0.047928 0.172973
0 0.303243 0.411486 0.040721 0.112162
0 0.512793 0.482432 0.032432 0.241892
0 0.545405 0.456081 0.029910 0.252703
0 0.570991 0.399324 0.036396 0.136486
0 0.589550 0.474324 0.038198 0.112162
0 0.621441 0.468919 0.040721 0.097297
0 0.657838 0.492230 0.047928 0.185811
0 0.691171 0.432770 0.051171 0.120946
0 0.506486 0.718919 0.026306 0.177027
0 0.523784 0.725000 0.034955 0.168919
0 0.544505 0.818581 0.038198 0.135811
0 0.585946 0.770946 0.033153 0.087838
0 0.626667 0.765878 0.035315 0.091216
0 0.670090 0.687500 0.084685 0.189865
0 0.719640 0.675000 0.061982 0.113514
0 0.484865 0.705068 0.021261 0.161486
0 0.461081 0.709122 0.024865 0.162838
0 0.430631 0.806081 0.039640 0.150000
0 0.404685 0.731757 0.029550 0.090541
0 0.367387 0.732432 0.029910 0.087838
0 0.328468 0.672973 0.076036 0.186486
0 0.277297 0.654392 0.055135 0.106081
0 0.241802 0.571622 0.029550 0.067568
0 0.419640 0.504392 0.027748 0.170946
0 0.394955 0.535135 0.030991 0.095946
0 0.367748 0.526014 0.035676 0.089865
0 0.565405 0.540878 0.030270 0.152027
0 0.591351 0.563176 0.031712 0.089865
0 0.620901 0.553041 0.041802 0.099324
0 0.554054 0.707095 0.027027 0.153378
0 0.580000 0.695946 0.037838 0.109459
0 0.619099 0.676351 0.058378 0.112162
0 0.436036 0.688851 0.023063 0.165541
0 0.412252 0.666554 0.036757 0.126351
0 0.374595 0.652027 0.054414 0.114865