0 0.480360 0.455068 0.035315 0.243919
0 0.458739 0.439865 0.034595 0.222973
0 0.427027 0.428041 0.036036 0.283108
0 0.401802 0.439189 0.040360 0.231081
0 0.367027 0.457770 0.054414 0.189865
0 0.324144 0.424324 0.061622 0.206757
0 0.298018 0.362162 0.049009 0.082432
0 0.512613 0.459797 0.032793 0.229054
0 0.535135 0.446622 0.036757 0.214865
0 0.565045 0.419932 0.038919 0.262838
0 0.589369 0.435473 0.045045 0.218243
0 0.626667 0.441554 0.053333 0.212838
0 0.670991 0.419932 0.059099 0.219595
0 0.693874 0.360473 0.050090 0.099324
0 0.504685 0.690541 0.024865 0.204054
0 0.521081 0.684459 0.033874 0.202703
0 0.548288 0.710135 0.042883 0.272973
0 0.578378 0.688514 0.036036 0.220270
0 0.616216 0.698649 0.039640 0.228378
0 0.694595 0.634797 0.099099 0.196622
0 0.746486 0.609459 0.047928 0.097297
0 0.488649 0.688514 0.021622 0.190541
0 0.467387 0.696284 0.024505 0.220946
0 0.443063 0.720946 0.034955 0.262162
0 0.416937 0.696959 0.033153 0.212838
0 0.381982 0.695608 0.037477 0.191216
0 0.295135 0.642568 0.095135 0.195946
0 0.250991 0.607432 0.050090 0.120270