0 0.475676 0.493581 0.029550 0.273649
0 0.451712 0.499324 0.021261 0.243243
0 0.432973 0.423649 0.033514 0.206757
0 0.402523 0.488851 0.032432 0.210135
0 0.378198 0.481419 0.037838 0.199324
0 0.348829 0.475000 0.048288 0.187838
0 0.324324 0.418581 0.047568 0.108784
0 0.503964 0.497297 0.027027 0.266216
0 0.527207 0.488851 0.024505 0.245270
0 0.545225 0.415878 0.032432 0.218243
0 0.572973 0.484797 0.033153 0.223649
0 0.599640 0.464189 0.036036 0.227027
0 0.627207 0.453041 0.054414 0.230405
0 0.658198 0.426014 0.048649 0.112838
0 0.674775 0.357432 0.045766 0.067568
0 0.499640 0.724662 0.021982 0.168243
0 0.515315 0.732095 0.027387 0.183108
0 0.535135 0.755405 0.028108 0.233784
0 0.559640 0.735135 0.030991 0.186486
0 0.586486 0.709797 0.041441 0.162838
0 0.629009 0.684797 0.087568 0.197973
0 0.673333 0.653716 0.074595 0.152027
0 0.712973 0.608108 0.039279 0.087838
0 0.476036 0.731419 0.033874 0.173649
0 0.463964 0.729730 0.024144 0.172973
0 0.436036 0.758446 0.040360 0.231757
0 0.413514 0.743581 0.047928 0.220946
0 0.386667 0.741216 0.035315 0.129730
0 0.350450 0.689527 0.078198 0.189865
0 0.308649 0.656419 0.069550 0.153378
0 0.270270 0.609797 0.029550 0.083108
0 0.430631 0.542568 0.025946 0.136486
0 0.547387 0.553378 0.028829 0.101351
0 0.395676 0.668919 0.049730 0.086486