0 0.338112 0.727470 0.091315 0.181993
0 0.356310 0.540088 0.056195 0.168824
0 0.406755 0.492794 0.040868 0.143682
0 0.452094 0.437118 0.043423 0.164034
0 0.431341 0.541287 0.041506 0.092196
0 0.403564 0.595166 0.042148 0.094588
0 0.443155 0.592770 0.030649 0.118541
0 0.466463 0.540686 0.036400 0.138885
0 0.430384 0.709510 0.058750 0.088601
0 0.486897 0.559243 0.032569 0.197554
0 0.524892 0.564034 0.034483 0.199946
0 0.548840 0.537693 0.033845 0.125723
0 0.574063 0.450889 0.040868 0.174804
0 0.572465 0.596361 0.033845 0.123318
0 0.596092 0.596361 0.045337 0.101777
0 0.612377 0.507159 0.048530 0.148466
0 0.650371 0.538892 0.060663 0.192770
0 0.677191 0.455078 0.074714 0.137696
0 0.708481 0.739439 0.065769 0.143676
0 0.439962 0.834625 0.045978 0.152061
0 0.646859 0.734061 0.086843 0.195149
0 0.605672 0.804693 0.046616 0.106561
0 0.570550 0.805294 0.049171 0.114939
0 0.571189 0.723875 0.051726 0.098182
0 0.530000 0.832831 0.037038 0.126919
0 0.597688 0.723280 0.060025 0.106561
0 0.545326 0.721483 0.035762 0.102966
0 0.331724 0.460466 0.064494 0.117338
0 0.283832 0.712503 0.060667 0.118534
0 0.412823 0.804098 0.040227 0.124520
0 0.522018 0.737645 0.033845 0.130507
0 0.505735 0.749622 0.029373 0.159243
0 0.466463 0.746625 0.026180 0.162831
0 0.484982 0.753209 0.026180 0.149662
0 0.375786 0.777753 0.051723 0.122128