0 0.483604 0.506419 0.032432 0.223649
0 0.458198 0.498649 0.029910 0.210811
0 0.430631 0.470270 0.036036 0.255405
0 0.405405 0.476014 0.036036 0.204730
0 0.377297 0.475338 0.037477 0.191216
0 0.342162 0.478041 0.048649 0.158784
0 0.303964 0.447973 0.049369 0.166216
0 0.512252 0.498311 0.029910 0.239865
0 0.536577 0.503716 0.028829 0.204730
0 0.559459 0.478378 0.035676 0.236486
0 0.587568 0.483784 0.040721 0.204054
0 0.611351 0.489527 0.044324 0.191216
0 0.649369 0.485473 0.055495 0.170946
0 0.687387 0.466554 0.062342 0.153378
0 0.710991 0.391892 0.051171 0.136486
0 0.504144 0.712838 0.023063 0.179730
0 0.520360 0.717230 0.025225 0.179054
0 0.542883 0.727703 0.029189 0.210811
0 0.568468 0.716554 0.036396 0.188514
0 0.606847 0.706081 0.062703 0.163514
0 0.651171 0.691216 0.099459 0.195946
0 0.690450 0.660135 0.072072 0.167568
0 0.741982 0.626351 0.080721 0.112162
0 0.484144 0.708108 0.024865 0.182432
0 0.468468 0.705068 0.027387 0.164189
0 0.437838 0.717905 0.041081 0.196622
0 0.412432 0.700000 0.043604 0.175676
0 0.388829 0.696622 0.050450 0.182432
0 0.345405 0.675676 0.081081 0.197297
0 0.302342 0.630068 0.068468 0.154730