0 0.490991 0.530068 0.029910 0.250676
0 0.467928 0.531757 0.037117 0.224324
0 0.435856 0.478378 0.040000 0.298649
0 0.405405 0.512500 0.043964 0.204730
0 0.381261 0.510135 0.049009 0.175676
0 0.341081 0.476351 0.060180 0.210811
0 0.317658 0.433784 0.065225 0.132432
0 0.520721 0.538851 0.028829 0.231757
0 0.548468 0.531757 0.023784 0.222973
0 0.576396 0.499324 0.032793 0.283784
0 0.597838 0.514527 0.038198 0.193919
0 0.597297 0.437162 0.060180 0.132432
0 0.664324 0.463851 0.058739 0.211486
0 0.684865 0.420946 0.060180 0.147297
0 0.703964 0.361149 0.034955 0.064189
0 0.507568 0.751014 0.021982 0.207432
0 0.529189 0.767905 0.026306 0.231757
0 0.556577 0.761149 0.034234 0.243919
0 0.586486 0.725338 0.038559 0.175000
0 0.627928 0.736486 0.034955 0.156757
0 0.666126 0.684122 0.077477 0.185811
0 0.712432 0.621622 0.084324 0.163514
0 0.741982 0.581081 0.025946 0.068919
0 0.488108 0.750676 0.023423 0.205405
0 0.467207 0.767230 0.026306 0.220946
0 0.436757 0.770270 0.041802 0.241892
0 0.412432 0.737162 0.039279 0.178378
0 0.376757 0.760811 0.044324 0.155405
0 0.333874 0.698311 0.086126 0.197973
0 0.284144 0.642230 0.085405 0.158784
0 0.245225 0.597297 0.034955 0.078378
0 0.629550 0.523986 0.040360 0.138514
0 0.614054 0.650338 0.046847 0.072297
0 0.383964 0.665541 0.050090 0.067568