0 0.572103 0.445250 0.057510 0.264108
0 0.522317 0.471807 0.036908 0.223872
0 0.506867 0.471003 0.047211 0.251236
0 0.697423 0.670652 0.078112 0.167385
0 0.547209 0.451689 0.045495 0.257676
0 0.436908 0.475024 0.034335 0.207777
0 0.543346 0.724571 0.037769 0.220493
0 0.447640 0.741466 0.042061 0.225324
0 0.469528 0.722152 0.051503 0.202791
0 0.594849 0.451689 0.046353 0.235135
0 0.293560 0.676287 0.068670 0.175426
0 0.525750 0.706061 0.038627 0.193135
0 0.503863 0.715716 0.025751 0.212446
0 0.472103 0.473419 0.049784 0.246405
0 0.483261 0.710892 0.027467 0.196351
0 0.605578 0.710084 0.064375 0.188304
0 0.312016 0.448470 0.067809 0.228696
0 0.336910 0.722155 0.093560 0.218878
0 0.691845 0.383287 0.072101 0.153061
0 0.621458 0.448470 0.063521 0.244791
0 0.457510 0.489510 0.041204 0.246412
0 0.380686 0.454105 0.048926 0.256061
0 0.243348 0.665020 0.062659 0.130365
0 0.414593 0.731811 0.048068 0.225324
0 0.348497 0.448470 0.060086 0.257669
0 0.384119 0.722155 0.054076 0.206014
0 0.648068 0.707669 0.070386 0.199568
0 0.660514 0.462149 0.091845 0.149838
0 0.571672 0.708473 0.036050 0.210838
0 0.406865 0.474220 0.060086 0.219047
0 0.748497 0.679507 0.080685 0.149676
0 0.293562 0.375240 0.066951 0.133750