0 0.470450 0.502365 0.036396 0.230405
0 0.445045 0.486149 0.035315 0.219595
0 0.420180 0.435135 0.033153 0.252703
0 0.400000 0.473649 0.037477 0.225676
0 0.373153 0.475338 0.032793 0.192568
0 0.342342 0.458108 0.054054 0.185135
0 0.322523 0.387162 0.068468 0.147297
0 0.300541 0.320608 0.031712 0.092568
0 0.501982 0.507770 0.030991 0.218243
0 0.520901 0.496284 0.042162 0.203378
0 0.547207 0.403378 0.034234 0.270270
0 0.576937 0.476351 0.041081 0.202703
0 0.606126 0.425000 0.039640 0.178378
0 0.641982 0.466554 0.061622 0.188514
0 0.663243 0.377027 0.072432 0.152703
0 0.681261 0.316216 0.046486 0.078378
0 0.507207 0.727027 0.024865 0.179730
0 0.529910 0.721959 0.029189 0.165541
0 0.558018 0.739189 0.037117 0.213514
0 0.584865 0.724324 0.039640 0.193243
0 0.620360 0.709459 0.046486 0.163514
0 0.661982 0.678378 0.077117 0.194595
0 0.715676 0.657095 0.076396 0.160135
0 0.753514 0.587500 0.049009 0.104730
0 0.483243 0.722973 0.024505 0.168919
0 0.459459 0.718581 0.025946 0.156081
0 0.428649 0.733784 0.040721 0.193243
0 0.402883 0.709122 0.043964 0.173649
0 0.373694 0.694595 0.050450 0.167568
0 0.334955 0.666216 0.070991 0.191892
0 0.278378 0.642905 0.080360 0.147973
0 0.242342 0.584122 0.045045 0.099324
0 0.605405 0.529730 0.047568 0.087838