0 0.479099 0.457432 0.030631 0.208108
0 0.455495 0.449324 0.023784 0.200000
0 0.433874 0.438176 0.028108 0.233108
0 0.417838 0.447297 0.047928 0.213514
0 0.400180 0.444932 0.037117 0.200676
0 0.371171 0.445608 0.052613 0.189865
0 0.328288 0.436149 0.042523 0.185811
0 0.303964 0.397635 0.048649 0.145270
0 0.509369 0.454054 0.032072 0.218919
0 0.531532 0.455405 0.027387 0.198649
0 0.552973 0.439527 0.034234 0.237162
0 0.565586 0.450338 0.037838 0.208784
0 0.588288 0.452365 0.037838 0.199324
0 0.622342 0.449662 0.048288 0.180405
0 0.663784 0.435135 0.051171 0.193243
0 0.687027 0.396959 0.052973 0.142568
0 0.509369 0.676014 0.019820 0.204730
0 0.525766 0.672635 0.028108 0.193919
0 0.546306 0.688514 0.025225 0.243243
0 0.564324 0.679054 0.032432 0.218919
0 0.595315 0.684459 0.035315 0.202703
0 0.640000 0.653041 0.087207 0.204730
0 0.678919 0.633108 0.075676 0.190541
0 0.728468 0.596959 0.065225 0.120946
0 0.491171 0.676351 0.020180 0.205405
0 0.473874 0.684122 0.024505 0.208784
0 0.452252 0.689527 0.025946 0.233108
0 0.429369 0.690203 0.032072 0.238514
0 0.405045 0.679054 0.036036 0.235135
0 0.361982 0.658108 0.059459 0.212162
0 0.318559 0.631419 0.064144 0.191216
0 0.274054 0.599662 0.063784 0.142568