0 0.481982 0.491216 0.036396 0.218919
0 0.449910 0.486824 0.027748 0.189865
0 0.421982 0.468919 0.036757 0.222973
0 0.392252 0.459797 0.032072 0.207432
0 0.370631 0.462162 0.038559 0.198649
0 0.332432 0.461824 0.052252 0.195270
0 0.287748 0.456419 0.048649 0.197973
0 0.258559 0.400000 0.054414 0.125676
0 0.514234 0.493243 0.034595 0.213514
0 0.542523 0.476351 0.031351 0.224324
0 0.567387 0.473986 0.034234 0.226351
0 0.591532 0.465878 0.044324 0.208784
0 0.622162 0.462162 0.033514 0.216216
0 0.658919 0.482432 0.049369 0.177027
0 0.704144 0.465203 0.046847 0.195270
0 0.724865 0.400676 0.052252 0.133784
0 0.502523 0.681081 0.021982 0.147297
0 0.521982 0.701351 0.028468 0.193243
0 0.548649 0.711486 0.034234 0.216216
0 0.575495 0.721622 0.036036 0.222973
0 0.605766 0.714189 0.040360 0.197297
0 0.644324 0.711149 0.061261 0.192568
0 0.695135 0.687838 0.063423 0.185135
0 0.747027 0.653378 0.067748 0.135135
0 0.481802 0.677027 0.020180 0.141892
0 0.462523 0.675676 0.031351 0.147297
0 0.438018 0.700000 0.034955 0.221622
0 0.408649 0.703041 0.034595 0.192568
0 0.383063 0.698986 0.036036 0.188514
0 0.344865 0.697973 0.059820 0.201351
0 0.296577 0.683784 0.066306 0.193243
0 0.235315 0.659122 0.074955 0.139865