0 0.489189 0.376351 0.024865 0.247297
0 0.469189 0.396284 0.023063 0.212838
0 0.449009 0.356419 0.030270 0.307432
0 0.430991 0.401689 0.036757 0.220946
0 0.409369 0.404392 0.036757 0.208784
0 0.378739 0.405068 0.046126 0.210135
0 0.338018 0.403378 0.046847 0.198649
0 0.307387 0.403041 0.057658 0.181757
0 0.515135 0.366892 0.025586 0.264865
0 0.536577 0.365878 0.025946 0.262838
0 0.557117 0.382770 0.027387 0.249324
0 0.574955 0.411486 0.034234 0.201351
0 0.596757 0.410473 0.039640 0.211486
0 0.627748 0.412838 0.047568 0.187838
0 0.664324 0.405068 0.050811 0.199324
0 0.695856 0.399662 0.057658 0.165541
0 0.511712 0.606419 0.015856 0.208784
0 0.522883 0.608108 0.020180 0.233784
0 0.541982 0.621284 0.021622 0.246622
0 0.561081 0.615878 0.028108 0.216892
0 0.581441 0.622635 0.034234 0.215541
0 0.619099 0.611824 0.061982 0.222297
0 0.657117 0.596622 0.057297 0.202703
0 0.714595 0.554054 0.089369 0.118919
0 0.496757 0.600338 0.016937 0.203378
0 0.481982 0.606757 0.019820 0.216216
0 0.464505 0.617230 0.024505 0.234459
0 0.445225 0.609122 0.028468 0.203378
0 0.423063 0.612500 0.036036 0.216892
0 0.384144 0.614527 0.070631 0.225000
0 0.349369 0.598986 0.058739 0.210135
0 0.287928 0.559797 0.082162 0.118243