0 0.367928 0.488851 0.046126 0.153378
0 0.377838 0.385473 0.054414 0.106081
0 0.345946 0.374662 0.030270 0.085811
0 0.498919 0.514865 0.034234 0.091892
0 0.521441 0.429730 0.031712 0.198649
0 0.525766 0.537838 0.024505 0.058108
0 0.538559 0.403378 0.037838 0.190541
0 0.538739 0.516892 0.033153 0.075676
0 0.572973 0.420270 0.062703 0.118919
0 0.557477 0.524324 0.047568 0.128378
0 0.585225 0.501014 0.061982 0.150676
0 0.619099 0.432432 0.060541 0.125676
0 0.640721 0.385135 0.054054 0.085135
0 0.658378 0.662162 0.062703 0.109459
0 0.590270 0.653716 0.081441 0.192568
0 0.560000 0.718581 0.045405 0.077703
0 0.557838 0.647297 0.054054 0.120270
0 0.536396 0.741892 0.029910 0.106757
0 0.537477 0.667568 0.034234 0.095946
0 0.506126 0.771284 0.040721 0.142568
0 0.520721 0.668919 0.020180 0.097297
0 0.501982 0.711486 0.038919 0.145946
0 0.490090 0.712162 0.029550 0.168919
0 0.404324 0.428716 0.033874 0.125000
0 0.477477 0.715878 0.021622 0.184459
0 0.460901 0.718919 0.018739 0.174324
0 0.440721 0.756757 0.027387 0.131081
0 0.445405 0.656757 0.020901 0.093243
0 0.422162 0.727027 0.029189 0.097297
0 0.426306 0.653716 0.036036 0.093919
0 0.395676 0.709797 0.026667 0.075000
0 0.404685 0.634122 0.045405 0.118243
0 0.367568 0.642905 0.058378 0.168243
0 0.318739 0.639865 0.047207 0.108108
0 0.395135 0.520608 0.033514 0.133108
0 0.432072 0.391554 0.035315 0.125000
0 0.420901 0.487500 0.039640 0.095270
0 0.446486 0.490203 0.026667 0.150676
0 0.468108 0.471284 0.028108 0.177703
0 0.495135 0.387162 0.038198 0.208108