0 0.493153 0.533784 0.025586 0.168919
0 0.467387 0.534459 0.023784 0.177027
0 0.442342 0.508446 0.031351 0.234459
0 0.421622 0.528716 0.038198 0.180405
0 0.397838 0.513851 0.038198 0.195270
0 0.367387 0.513176 0.052252 0.197973
0 0.324324 0.503716 0.052613 0.193919
0 0.305405 0.443919 0.052252 0.127027
0 0.518739 0.522297 0.024144 0.195946
0 0.543604 0.516216 0.027748 0.197297
0 0.567207 0.490541 0.030991 0.256757
0 0.588649 0.512500 0.037838 0.202027
0 0.611351 0.496622 0.038559 0.221622
0 0.641622 0.513851 0.048649 0.177703
0 0.674234 0.499662 0.061261 0.191216
0 0.690631 0.431757 0.053694 0.132432
0 0.503784 0.711824 0.020901 0.184459
0 0.521261 0.710473 0.024144 0.177703
0 0.544505 0.733784 0.028108 0.193243
0 0.566667 0.725676 0.035676 0.182432
0 0.592432 0.736824 0.036036 0.216892
0 0.634414 0.707770 0.072432 0.172297
0 0.680000 0.698986 0.067027 0.177703
0 0.729189 0.670946 0.065225 0.120270
0 0.484144 0.716554 0.019099 0.207432
0 0.467387 0.721959 0.023063 0.185811
0 0.441622 0.738851 0.028468 0.238514
0 0.421622 0.747635 0.039640 0.226351
0 0.392252 0.739189 0.035676 0.222973
0 0.356216 0.719932 0.058739 0.193919
0 0.303964 0.692905 0.069550 0.184459
0 0.258919 0.658784 0.058018 0.117568