0 0.473874 0.475338 0.025946 0.242568
0 0.456036 0.483108 0.034955 0.220270
0 0.428108 0.461486 0.031712 0.235135
0 0.414234 0.482095 0.030631 0.210135
0 0.394775 0.478716 0.034234 0.200676
0 0.360000 0.475676 0.042523 0.193243
0 0.330450 0.439189 0.053333 0.186486
0 0.315135 0.361149 0.049369 0.115541
0 0.498559 0.478041 0.024144 0.233108
0 0.517297 0.476351 0.026306 0.218919
0 0.535495 0.477365 0.034595 0.264189
0 0.552613 0.482095 0.035676 0.229054
0 0.573514 0.488514 0.037117 0.210811
0 0.600000 0.479392 0.057658 0.208784
0 0.635676 0.463514 0.074234 0.183784
0 0.657838 0.374324 0.063063 0.118919
0 0.504505 0.699662 0.019459 0.185811
0 0.516937 0.703378 0.025586 0.183784
0 0.535856 0.730068 0.035315 0.226351
0 0.554775 0.705068 0.038559 0.200676
0 0.573153 0.687500 0.059459 0.195270
0 0.605586 0.674662 0.091171 0.204730
0 0.651712 0.630405 0.085405 0.181081
0 0.711532 0.612500 0.059459 0.115541
0 0.490450 0.702365 0.017297 0.184459
0 0.475495 0.702027 0.019099 0.195946
0 0.451712 0.707432 0.033514 0.208108
0 0.431171 0.685473 0.035676 0.195270
0 0.412432 0.681419 0.040000 0.208784
0 0.377658 0.668243 0.066306 0.200000
0 0.336036 0.635473 0.060901 0.172297
0 0.290270 0.616892 0.047207 0.106757