0 0.487568 0.483784 0.038919 0.266216
0 0.456036 0.475676 0.029189 0.244595
0 0.424865 0.461824 0.033874 0.264189
0 0.397838 0.475338 0.042523 0.227703
0 0.367748 0.491892 0.037117 0.183784
0 0.330270 0.487162 0.051532 0.178378
0 0.281622 0.478716 0.044324 0.177703
0 0.258018 0.425000 0.046847 0.078378
0 0.532432 0.499662 0.034955 0.227703
0 0.562342 0.495608 0.023423 0.208784
0 0.592252 0.454392 0.029910 0.276351
0 0.617297 0.457095 0.037477 0.260135
0 0.647027 0.473311 0.037117 0.218243
0 0.681802 0.486149 0.044685 0.184459
0 0.725045 0.476689 0.048288 0.183108
0 0.747387 0.415541 0.047568 0.098649
0 0.521441 0.736486 0.034595 0.212162
0 0.544505 0.729730 0.024505 0.193243
0 0.571712 0.734459 0.029189 0.205405
0 0.600180 0.740878 0.029910 0.193919
0 0.627207 0.733784 0.031351 0.185135
0 0.671712 0.726014 0.067027 0.192568
0 0.719640 0.692905 0.067027 0.175000
0 0.765225 0.678378 0.049369 0.102703
0 0.491532 0.731419 0.024505 0.199324
0 0.466667 0.723649 0.030270 0.189189
0 0.432252 0.735473 0.030631 0.225000
0 0.400180 0.728378 0.034955 0.191892
0 0.371712 0.730405 0.034955 0.193243
0 0.332613 0.718919 0.066306 0.187838
0 0.276396 0.692230 0.069189 0.168243
0 0.234414 0.671622 0.046486 0.097297