0 0.486667 0.492905 0.032072 0.223649
0 0.457658 0.482432 0.028108 0.208108
0 0.429550 0.468919 0.033874 0.218919
0 0.400541 0.473311 0.043604 0.206081
0 0.370450 0.478716 0.042523 0.154730
0 0.332252 0.446959 0.056937 0.173649
0 0.306126 0.381081 0.062342 0.139189
0 0.283784 0.309122 0.043604 0.091216
0 0.518919 0.491554 0.032432 0.229054
0 0.544865 0.478716 0.033874 0.226351
0 0.570991 0.439865 0.034234 0.194595
0 0.597477 0.479392 0.039640 0.184459
0 0.619459 0.413851 0.040360 0.152027
0 0.662342 0.441216 0.062703 0.200000
0 0.693333 0.381419 0.059820 0.141216
0 0.507928 0.696284 0.021982 0.153378
0 0.529009 0.695608 0.023784 0.160135
0 0.551171 0.708446 0.031351 0.195270
0 0.580360 0.690203 0.038559 0.165541
0 0.614775 0.689865 0.046847 0.159459
0 0.658739 0.668919 0.080000 0.204054
0 0.708288 0.630743 0.068108 0.153378
0 0.755495 0.598311 0.047928 0.107432
0 0.487748 0.695270 0.020541 0.154054
0 0.465946 0.701014 0.027387 0.172297
0 0.440901 0.710473 0.031351 0.197973
0 0.412072 0.701351 0.036396 0.158108
0 0.378018 0.698311 0.044685 0.158784
0 0.338198 0.668581 0.081081 0.203378
0 0.287568 0.631757 0.069910 0.156757
0 0.245586 0.581419 0.039279 0.112838
0 0.631171 0.516554 0.046486 0.104730