0 0.353023 0.690878 0.095373 0.189500
0 0.399998 0.731578 0.041279 0.198845
0 0.433094 0.732916 0.041993 0.198845
0 0.460139 0.772949 0.039146 0.236209
0 0.479714 0.747591 0.024198 0.230872
0 0.528468 0.740922 0.026335 0.225534
0 0.611386 0.736250 0.064054 0.194838
0 0.704980 0.662851 0.091813 0.170824
0 0.621706 0.487963 0.064768 0.221669
0 0.556939 0.413230 0.033452 0.235014
0 0.508895 0.505311 0.054094 0.267041
0 0.435231 0.465943 0.041993 0.233669
0 0.362987 0.468611 0.052670 0.206980
0 0.299643 0.670858 0.078292 0.181500
0 0.683984 0.371861 0.056941 0.112236
0 0.649463 0.421236 0.081852 0.210986
0 0.587897 0.473949 0.056941 0.247020
0 0.569750 0.506645 0.041993 0.216331
0 0.526688 0.504645 0.066905 0.247020
0 0.484341 0.504645 0.044840 0.257696
0 0.463342 0.504645 0.035586 0.252358
0 0.416011 0.472615 0.057650 0.260365
0 0.391456 0.475953 0.038436 0.227000
0 0.327400 0.413230 0.061207 0.178959
0 0.553378 0.760270 0.036299 0.202851
0 0.513521 0.738919 0.023488 0.216189
0 0.499641 0.728243 0.025625 0.229541
0 0.651598 0.696213 0.106050 0.176155
0 0.582915 0.753598 0.048396 0.208182