0 0.489730 0.523311 0.030270 0.233108
0 0.468108 0.533784 0.033153 0.200000
0 0.452432 0.456419 0.033514 0.162838
0 0.424505 0.492905 0.043964 0.122297
0 0.398378 0.485473 0.040721 0.122297
0 0.363243 0.523649 0.049730 0.187838
0 0.334414 0.483108 0.054775 0.104054
0 0.525766 0.501351 0.039640 0.262162
0 0.540901 0.535135 0.025225 0.174324
0 0.556396 0.440541 0.031712 0.179730
0 0.582703 0.479730 0.043964 0.158108
0 0.607027 0.494257 0.038559 0.106081
0 0.642342 0.519595 0.046486 0.193243
0 0.662703 0.473311 0.056216 0.097973
0 0.515315 0.713176 0.019459 0.183108
0 0.530811 0.718581 0.025225 0.192568
0 0.547207 0.768919 0.027027 0.193243
0 0.566486 0.767905 0.030991 0.133108
0 0.599459 0.772297 0.039279 0.125676
0 0.641081 0.722297 0.065586 0.189189
0 0.683964 0.715203 0.051171 0.114189
0 0.495676 0.709122 0.016937 0.183108
0 0.481081 0.714527 0.027387 0.183108
0 0.464505 0.782770 0.028108 0.187162
0 0.456396 0.731419 0.001081 0.002027
0 0.441441 0.754054 0.034595 0.137838
0 0.407027 0.763514 0.034955 0.118919
0 0.365946 0.715541 0.078198 0.186486
0 0.325225 0.711824 0.051532 0.107432
0 0.446486 0.568581 0.030270 0.141216
0 0.426306 0.576351 0.033153 0.095946
0 0.397477 0.572635 0.043964 0.100676
0 0.558739 0.569932 0.024865 0.125000
0 0.581261 0.576014 0.031712 0.097973
0 0.610090 0.571622 0.045405 0.105405
0 0.566306 0.675338 0.031351 0.083108
0 0.598739 0.691554 0.048649 0.115541
0 0.440721 0.667230 0.027387 0.065541
0 0.414775 0.675338 0.044685 0.095270