0 0.390537 0.709541 0.050083 0.218027
0 0.233978 0.617578 0.063077 0.121804
0 0.284326 0.643159 0.089712 0.187574
0 0.344088 0.682125 0.080616 0.209520
0 0.420744 0.694926 0.037741 0.191230
0 0.448351 0.705885 0.031895 0.225338
0 0.473362 0.702841 0.027351 0.194885
0 0.497398 0.721111 0.028649 0.219250
0 0.516238 0.715020 0.023452 0.211932
0 0.538649 0.717459 0.029297 0.216811
0 0.561386 0.722328 0.035795 0.241169
0 0.592892 0.727203 0.035146 0.233865
0 0.625049 0.718676 0.043589 0.214378
0 0.670195 0.682135 0.068923 0.207068
0 0.725737 0.642547 0.082566 0.200973
0 0.769586 0.603571 0.053333 0.108399
0 0.736456 0.347784 0.061128 0.098662
0 0.710472 0.436642 0.066328 0.181608
0 0.674418 0.463436 0.061780 0.203534
0 0.637715 0.481706 0.044238 0.213277
0 0.606535 0.481706 0.045539 0.240074
0 0.580874 0.481709 0.038389 0.237635
0 0.549694 0.484142 0.038393 0.235203
0 0.521759 0.483534 0.040987 0.236419
0 0.488303 0.475618 0.042941 0.235196
0 0.447377 0.457348 0.033845 0.242507
0 0.417820 0.462220 0.039690 0.259561
0 0.389562 0.465872 0.044241 0.244946
0 0.363578 0.470747 0.040339 0.220588
0 0.326223 0.456797 0.063077 0.199757
0 0.284650 0.433047 0.070872 0.200973
0 0.274288 0.351439 0.053917 0.091351