0 0.480180 0.529054 0.036396 0.255405
0 0.448829 0.519595 0.033514 0.268919
0 0.421081 0.470608 0.034955 0.275000
0 0.394775 0.537162 0.038559 0.158108
0 0.365405 0.491554 0.040360 0.146622
0 0.325045 0.507770 0.050450 0.173649
0 0.295676 0.455743 0.052973 0.123649
0 0.516036 0.538176 0.036757 0.247973
0 0.545405 0.526351 0.035676 0.233784
0 0.574234 0.484797 0.034234 0.261486
0 0.595315 0.511824 0.039640 0.212838
0 0.626486 0.515203 0.034234 0.181757
0 0.664865 0.507095 0.049730 0.172297
0 0.685405 0.435811 0.066306 0.148649
0 0.507027 0.761149 0.023784 0.184459
0 0.531532 0.761824 0.027387 0.183108
0 0.562523 0.761486 0.037477 0.201351
0 0.589009 0.742568 0.037838 0.170270
0 0.620360 0.729054 0.045045 0.155405
0 0.672252 0.700676 0.090450 0.171622
0 0.715135 0.659122 0.063063 0.143919
0 0.483243 0.760811 0.024505 0.174324
0 0.459459 0.760811 0.027387 0.175676
0 0.424505 0.775676 0.040360 0.217568
0 0.391351 0.764527 0.046847 0.210135
0 0.355315 0.750676 0.059099 0.137838
0 0.306667 0.698649 0.094414 0.189189
0 0.257658 0.676689 0.066306 0.135811
0 0.419279 0.610135 0.027027 0.043243
0 0.360721 0.577365 0.038919 0.070946
0 0.367928 0.672635 0.047568 0.066892