0 0.474234 0.517230 0.036036 0.225000
0 0.451351 0.494595 0.031351 0.245946
0 0.424505 0.460811 0.030270 0.304054
0 0.404505 0.513851 0.040000 0.189865
0 0.391171 0.487162 0.034955 0.206757
0 0.354955 0.487838 0.056216 0.208108
0 0.319640 0.463851 0.067027 0.181757
0 0.294054 0.421284 0.040360 0.076351
0 0.510811 0.519932 0.037838 0.216892
0 0.534595 0.514865 0.025586 0.206757
0 0.561622 0.477365 0.034955 0.285811
0 0.582162 0.493919 0.043604 0.243243
0 0.604144 0.495946 0.037117 0.220270
0 0.646667 0.499662 0.054414 0.199324
0 0.678378 0.471959 0.067387 0.181757
0 0.699279 0.420608 0.051532 0.084459
0 0.505946 0.735135 0.020901 0.194595
0 0.526667 0.732770 0.022703 0.180405
0 0.549550 0.750676 0.032432 0.231081
0 0.576396 0.746284 0.035676 0.195270
0 0.613874 0.742230 0.063784 0.179054
0 0.660721 0.719595 0.091171 0.194595
0 0.705045 0.672635 0.073153 0.162838
0 0.745766 0.655743 0.045045 0.092568
0 0.485946 0.741554 0.024144 0.196622
0 0.463063 0.742568 0.026667 0.195946
0 0.438559 0.749324 0.031712 0.213514
0 0.411532 0.741216 0.036036 0.178378
0 0.378198 0.738514 0.038559 0.191892
0 0.330450 0.714189 0.079279 0.190541
0 0.285586 0.694932 0.063784 0.164189
0 0.247027 0.644257 0.042883 0.092568