0 0.472793 0.430743 0.029550 0.249324
0 0.443423 0.445946 0.025586 0.208108
0 0.416577 0.426689 0.033874 0.256081
0 0.391351 0.456081 0.041802 0.181081
0 0.363423 0.462162 0.032072 0.167568
0 0.325586 0.463176 0.049369 0.153378
0 0.281802 0.448986 0.043243 0.180405
0 0.260000 0.384122 0.044324 0.096622
0 0.502523 0.442230 0.033514 0.239865
0 0.526847 0.454730 0.027387 0.209459
0 0.556757 0.442568 0.041081 0.250000
0 0.583604 0.451014 0.048649 0.222297
0 0.614595 0.458784 0.044324 0.209459
0 0.654955 0.469932 0.059459 0.181757
0 0.704505 0.459797 0.056937 0.183108
0 0.729910 0.384122 0.053694 0.103378
0 0.493874 0.639865 0.035676 0.163514
0 0.512793 0.650676 0.041802 0.171622
0 0.536577 0.683784 0.041802 0.210811
0 0.569369 0.685135 0.039640 0.197297
0 0.670991 0.617568 0.007207 0.039189
0 0.598739 0.679054 0.039279 0.183784
0 0.695856 0.823649 0.002162 0.004054
0 0.643243 0.681081 0.069189 0.181081
0 0.705946 0.655405 0.076396 0.162162
0 0.754414 0.637162 0.048649 0.101351
0 0.478378 0.631419 0.024144 0.152027
0 0.457297 0.635473 0.024505 0.158784
0 0.432072 0.671622 0.027387 0.221622
0 0.403604 0.660473 0.029550 0.179054
0 0.377117 0.665541 0.034234 0.182432
0 0.336036 0.670946 0.057297 0.191892
0 0.288649 0.635811 0.058378 0.155405
0 0.243604 0.617230 0.049730 0.110135