0 0.495315 0.536824 0.029910 0.207432
0 0.471712 0.520270 0.026667 0.191892
0 0.446486 0.502703 0.033153 0.217568
0 0.424685 0.524324 0.043604 0.186486
0 0.394595 0.508108 0.038198 0.200000
0 0.362883 0.508108 0.054775 0.186486
0 0.329189 0.443919 0.049369 0.147297
0 0.299640 0.400338 0.033514 0.047973
0 0.521622 0.534122 0.029189 0.197973
0 0.541261 0.515203 0.027387 0.206081
0 0.567387 0.491216 0.032793 0.222973
0 0.583964 0.505405 0.038559 0.220270
0 0.612252 0.514527 0.039640 0.184459
0 0.641622 0.511824 0.052252 0.175000
0 0.675315 0.466216 0.051171 0.150000
0 0.511351 0.744595 0.020180 0.187838
0 0.523964 0.743243 0.022342 0.201351
0 0.543063 0.751351 0.028829 0.220270
0 0.562703 0.740203 0.032072 0.181757
0 0.595856 0.776351 0.056577 0.116216
0 0.622342 0.721622 0.080721 0.202703
0 0.663063 0.682770 0.074234 0.165541
0 0.710991 0.635811 0.040360 0.081081
0 0.495495 0.743243 0.020180 0.193243
0 0.481261 0.746622 0.017658 0.193243
0 0.465586 0.754392 0.030991 0.216892
0 0.443784 0.740203 0.030631 0.179054
0 0.412793 0.743919 0.050090 0.148649
0 0.373874 0.709459 0.088288 0.195946
0 0.325946 0.655405 0.080360 0.147297