0 0.480541 0.509122 0.030631 0.235811
0 0.458198 0.501014 0.029189 0.156081
0 0.440360 0.448649 0.033153 0.120270
0 0.424144 0.491216 0.036757 0.133784
0 0.397297 0.493581 0.041441 0.097973
0 0.355135 0.520608 0.052252 0.176351
0 0.323964 0.457770 0.052613 0.115541
0 0.511892 0.525676 0.032072 0.225676
0 0.531171 0.507432 0.030991 0.182432
0 0.549910 0.447297 0.035315 0.131081
0 0.569009 0.504054 0.046847 0.116216
0 0.595495 0.501351 0.047928 0.091892
0 0.634054 0.529392 0.063784 0.172297
0 0.669009 0.466554 0.059459 0.104730
0 0.500721 0.769257 0.029189 0.206081
0 0.516396 0.818243 0.041081 0.159459
0 0.541982 0.879054 0.044685 0.121622
0 0.568108 0.820608 0.042883 0.095270
0 0.636396 0.825676 0.045405 0.086486
0 0.668468 0.727027 0.096577 0.183784
0 0.730090 0.719595 0.064144 0.110811
0 0.482342 0.772635 0.023423 0.204730
0 0.460360 0.813514 0.031351 0.151351
0 0.437838 0.871622 0.031712 0.122973
0 0.412252 0.817568 0.034595 0.098649
0 0.361982 0.801014 0.036396 0.089865
0 0.321441 0.719932 0.082883 0.183108
0 0.274234 0.706757 0.051171 0.109459
0 0.457658 0.590203 0.019459 0.123649
0 0.436937 0.568919 0.024144 0.158108
0 0.415856 0.587500 0.034595 0.107432
0 0.389009 0.564527 0.042162 0.130405
0 0.535315 0.620946 0.020541 0.083784
0 0.554595 0.569595 0.024505 0.175676
0 0.575676 0.607770 0.037838 0.083108
0 0.598198 0.587838 0.054054 0.106757
0 0.524324 0.739189 0.019459 0.141892
0 0.543604 0.745270 0.029910 0.158108
0 0.567568 0.737162 0.049009 0.117568
0 0.616757 0.731757 0.080360 0.136486
0 0.462342 0.734797 0.018018 0.133108
0 0.442162 0.749324 0.022342 0.167568
0 0.412793 0.732770 0.045766 0.116892
0 0.370270 0.744595 0.068108 0.174324