0 0.475676 0.491554 0.028108 0.233108
0 0.460360 0.478378 0.040000 0.247297
0 0.433333 0.442905 0.030631 0.214189
0 0.401441 0.499324 0.038198 0.200000
0 0.370991 0.507770 0.045766 0.170946
0 0.343243 0.484122 0.060901 0.176351
0 0.326306 0.420608 0.050090 0.096622
0 0.504324 0.500000 0.030631 0.225676
0 0.523243 0.489189 0.030991 0.222973
0 0.543423 0.477703 0.033874 0.235135
0 0.556396 0.500000 0.035315 0.212162
0 0.577658 0.496622 0.038198 0.224324
0 0.608468 0.495946 0.050811 0.210811
0 0.640721 0.489865 0.059820 0.175676
0 0.658739 0.424662 0.055495 0.083108
0 0.498739 0.704054 0.023784 0.185135
0 0.513874 0.710135 0.033874 0.197297
0 0.533153 0.717568 0.026306 0.210811
0 0.551351 0.726689 0.035315 0.191216
0 0.574414 0.713176 0.040360 0.204730
0 0.610811 0.695608 0.070631 0.193919
0 0.658018 0.656419 0.079279 0.170946
0 0.711712 0.647973 0.049730 0.091892
0 0.484144 0.699662 0.016216 0.177703
0 0.468829 0.703378 0.020901 0.186486
0 0.450631 0.717568 0.024865 0.233784
0 0.428829 0.710473 0.032432 0.200676
0 0.399279 0.708108 0.048288 0.198649
0 0.368108 0.686486 0.066667 0.186486
0 0.319640 0.648649 0.069189 0.163514
0 0.274054 0.639865 0.051532 0.106757
0 0.427027 0.556081 0.033874 0.094595