0 0.482883 0.471284 0.026667 0.204730
0 0.458018 0.457095 0.023784 0.203378
0 0.432432 0.442230 0.028108 0.238514
0 0.406847 0.447973 0.033153 0.208108
0 0.380180 0.445946 0.033874 0.204054
0 0.350631 0.456757 0.046126 0.170270
0 0.312072 0.445270 0.043243 0.166216
0 0.294955 0.373311 0.045045 0.116892
0 0.510991 0.460135 0.029550 0.224324
0 0.535315 0.452703 0.025586 0.212162
0 0.561982 0.432095 0.028468 0.256081
0 0.585045 0.442905 0.036396 0.225000
0 0.612072 0.448311 0.034955 0.203378
0 0.641982 0.443919 0.049369 0.194595
0 0.685045 0.430068 0.051171 0.188514
0 0.701982 0.353716 0.051892 0.114189
0 0.514054 0.667568 0.019099 0.170270
0 0.532973 0.679054 0.018739 0.190541
0 0.552973 0.676351 0.024865 0.205405
0 0.575676 0.664189 0.029910 0.175676
0 0.599279 0.663851 0.033153 0.188514
0 0.638378 0.655405 0.065225 0.198649
0 0.681802 0.627703 0.064144 0.182432
0 0.738018 0.612162 0.063423 0.120270
0 0.496216 0.667905 0.017297 0.175000
0 0.476937 0.660473 0.018378 0.164189
0 0.457658 0.687500 0.026667 0.226351
0 0.432432 0.664189 0.031712 0.181081
0 0.407928 0.668919 0.032432 0.201351
0 0.368829 0.655405 0.062342 0.190541
0 0.327568 0.636149 0.064144 0.177703
0 0.272072 0.626014 0.065586 0.142568