0 0.481441 0.459122 0.032432 0.243919
0 0.456396 0.446284 0.030631 0.223649
0 0.427568 0.432432 0.035676 0.259459
0 0.403063 0.428716 0.047207 0.230405
0 0.371351 0.428041 0.045045 0.188514
0 0.327928 0.412162 0.049730 0.189189
0 0.300180 0.357770 0.056216 0.153378
0 0.275495 0.282432 0.042883 0.083784
0 0.517477 0.458108 0.036757 0.243243
0 0.542342 0.441892 0.033153 0.239189
0 0.572072 0.435135 0.035676 0.251351
0 0.596036 0.430743 0.043964 0.227703
0 0.625586 0.427365 0.046126 0.192568
0 0.663784 0.411486 0.058378 0.205405
0 0.693333 0.351689 0.056216 0.157432
0 0.715495 0.281757 0.045766 0.086486
0 0.502523 0.660135 0.021261 0.129730
0 0.523604 0.648649 0.024505 0.122973
0 0.550450 0.670270 0.033514 0.179730
0 0.578198 0.658446 0.034955 0.168243
0 0.609369 0.644932 0.049009 0.170946
0 0.657477 0.627703 0.087568 0.202703
0 0.700000 0.576689 0.075315 0.168243
0 0.745766 0.551014 0.047207 0.096622
0 0.480901 0.671959 0.021261 0.161486
0 0.457838 0.670946 0.026306 0.168919
0 0.429730 0.678378 0.036396 0.200000
0 0.405045 0.658446 0.036757 0.184459
0 0.372072 0.635473 0.047928 0.166892
0 0.328288 0.620270 0.085766 0.201351
0 0.285225 0.575676 0.071712 0.174324
0 0.245946 0.534459 0.042883 0.098649