0 0.485045 0.521284 0.036036 0.218243
0 0.458018 0.496284 0.037477 0.146622
0 0.425045 0.418581 0.040721 0.135811
0 0.410991 0.481419 0.047207 0.135811
0 0.381081 0.470946 0.040721 0.128378
0 0.343243 0.497973 0.067387 0.181081
0 0.311712 0.451014 0.051171 0.110135
0 0.519820 0.504054 0.034234 0.220270
0 0.541261 0.470608 0.040360 0.184459
0 0.573694 0.403378 0.044685 0.136486
0 0.585766 0.487500 0.040721 0.139865
0 0.615856 0.468581 0.045405 0.126351
0 0.658378 0.503378 0.059820 0.172973
0 0.688649 0.450676 0.054775 0.112162
0 0.521982 0.716216 0.024144 0.185135
0 0.544505 0.718581 0.028829 0.187162
0 0.575495 0.792230 0.035315 0.133108
0 0.608829 0.726689 0.032793 0.091216
0 0.645405 0.726351 0.035315 0.079730
0 0.683964 0.665541 0.082162 0.195946
0 0.734234 0.641892 0.055856 0.110811
0 0.497117 0.720270 0.025586 0.195946
0 0.474054 0.722973 0.029189 0.187838
0 0.442342 0.795946 0.038559 0.132432
0 0.407207 0.729392 0.036036 0.097973
0 0.365586 0.718581 0.040721 0.093919
0 0.323964 0.665203 0.087207 0.191216
0 0.276216 0.643919 0.056577 0.104054
0 0.457117 0.578041 0.024865 0.058784
0 0.435135 0.560473 0.031351 0.137162
0 0.412072 0.564189 0.037117 0.097297
0 0.380000 0.562500 0.047928 0.103378
0 0.548108 0.572635 0.024505 0.049324
0 0.562162 0.539865 0.033874 0.174324
0 0.583784 0.571284 0.025946 0.062838
0 0.619640 0.560811 0.048649 0.100000
0 0.572432 0.692905 0.027027 0.168243
0 0.635135 0.663514 0.060901 0.104054
0 0.446126 0.701014 0.027387 0.176351
0 0.413694 0.679392 0.049009 0.129054
0 0.378739 0.652365 0.055495 0.077703