0 0.476396 0.449662 0.020180 0.208784
0 0.457117 0.452027 0.017658 0.201351
0 0.436937 0.417568 0.024144 0.256757
0 0.418559 0.441216 0.026306 0.197297
0 0.396577 0.442905 0.030631 0.196622
0 0.372973 0.443243 0.037477 0.191892
0 0.338198 0.431419 0.040000 0.180405
0 0.315315 0.384797 0.035315 0.122297
0 0.496937 0.430405 0.023063 0.237838
0 0.516757 0.442905 0.020901 0.199324
0 0.535495 0.426351 0.024505 0.250000
0 0.552973 0.446622 0.037117 0.214865
0 0.571351 0.454054 0.032072 0.205405
0 0.604324 0.455405 0.057658 0.198649
0 0.637297 0.445270 0.044324 0.190541
0 0.663964 0.394257 0.039279 0.127703
0 0.500180 0.648649 0.015135 0.151351
0 0.514595 0.654392 0.018739 0.162838
0 0.532432 0.675338 0.021982 0.220946
0 0.549910 0.667230 0.026667 0.187162
0 0.569730 0.670608 0.030270 0.193919
0 0.604685 0.651689 0.059099 0.187162
0 0.643063 0.630743 0.061622 0.183108
0 0.692072 0.610811 0.064505 0.120270
0 0.483243 0.647973 0.019459 0.147297
0 0.466847 0.655068 0.017658 0.169595
0 0.449550 0.661486 0.020541 0.212162
0 0.430450 0.654054 0.024144 0.179730
0 0.410090 0.656081 0.028108 0.182432
0 0.382703 0.640541 0.057658 0.171622
0 0.343964 0.627365 0.057297 0.181757
0 0.297658 0.609797 0.065586 0.129054