0 0.471712 0.384122 0.037477 0.277703
0 0.450631 0.387500 0.035676 0.262838
0 0.416036 0.339865 0.050090 0.282432
0 0.388829 0.391216 0.053333 0.208108
0 0.366486 0.385811 0.038919 0.232432
0 0.325766 0.401014 0.053333 0.215541
0 0.278018 0.385473 0.050811 0.219595
0 0.257297 0.314865 0.055495 0.104054
0 0.505405 0.393919 0.037117 0.264865
0 0.535856 0.383784 0.033153 0.244595
0 0.567387 0.362838 0.036396 0.300000
0 0.587027 0.375338 0.046847 0.280405
0 0.621982 0.388851 0.043243 0.237162
0 0.663423 0.395946 0.057658 0.228378
0 0.715315 0.383108 0.053333 0.216216
0 0.738378 0.300676 0.056216 0.105405
0 0.500901 0.625338 0.025225 0.197973
0 0.523063 0.638514 0.027748 0.231081
0 0.550631 0.662162 0.035315 0.278378
0 0.583423 0.642230 0.037477 0.215541
0 0.612432 0.641554 0.048649 0.227703
0 0.662162 0.630743 0.090450 0.226351
0 0.719279 0.598311 0.084324 0.211486
0 0.774775 0.585811 0.059820 0.112162
0 0.478559 0.627027 0.023784 0.179730
0 0.457838 0.633784 0.029910 0.214865
0 0.432252 0.658446 0.034955 0.233108
0 0.406126 0.646622 0.040360 0.251351
0 0.376396 0.633784 0.042162 0.233784
0 0.327928 0.639865 0.074234 0.235135
0 0.274955 0.603716 0.073514 0.208784
0 0.226486 0.582095 0.055135 0.129054