0 0.466306 0.532095 0.041081 0.237162
0 0.433333 0.528041 0.027748 0.233108
0 0.404144 0.464527 0.044324 0.177703
0 0.376757 0.562162 0.037838 0.151351
0 0.345586 0.522973 0.034595 0.125676
0 0.308649 0.519932 0.046486 0.179054
0 0.277297 0.481757 0.052252 0.118919
0 0.244685 0.431757 0.046847 0.068919
0 0.503243 0.527365 0.034955 0.229054
0 0.534054 0.506757 0.031712 0.248649
0 0.563063 0.448986 0.050090 0.176351
0 0.592793 0.530068 0.043964 0.181757
0 0.624685 0.480068 0.045045 0.134459
0 0.667207 0.489865 0.052252 0.193243
0 0.701982 0.458784 0.052613 0.139189
0 0.738198 0.410811 0.045045 0.060811
0 0.499459 0.738851 0.023784 0.160135
0 0.524505 0.740541 0.026306 0.168919
0 0.559459 0.753041 0.044324 0.168243
0 0.591351 0.708108 0.040360 0.152703
0 0.636937 0.747297 0.060901 0.125676
0 0.677838 0.687500 0.075676 0.185811
0 0.729189 0.660811 0.066667 0.125676
0 0.776577 0.603378 0.036757 0.081081
0 0.472793 0.752365 0.023784 0.172297
0 0.446126 0.748986 0.025946 0.175000
0 0.413333 0.789865 0.038198 0.164865
0 0.381441 0.718581 0.033514 0.130405
0 0.346486 0.724662 0.043604 0.153378
0 0.300541 0.707770 0.073514 0.181757
0 0.252613 0.678716 0.064144 0.129054
0 0.206126 0.612162 0.033153 0.079730
0 0.404685 0.554730 0.030991 0.166216
0 0.345946 0.597973 0.036036 0.066216
0 0.564144 0.543243 0.032793 0.179730
0 0.627027 0.562162 0.043243 0.074324
0 0.628829 0.661486 0.044685 0.105405
0 0.418559 0.721622 0.027027 0.144595