0 0.485405 0.451351 0.025946 0.222973
0 0.460360 0.453041 0.029189 0.204730
0 0.434054 0.445608 0.034234 0.243919
0 0.413694 0.452027 0.041081 0.217568
0 0.386847 0.450676 0.037838 0.197297
0 0.352973 0.437500 0.052252 0.197973
0 0.310270 0.399662 0.051892 0.226351
0 0.293153 0.344257 0.050811 0.127703
0 0.513694 0.455405 0.028468 0.213514
0 0.539459 0.462162 0.023063 0.195946
0 0.563604 0.458446 0.031712 0.212838
0 0.582703 0.457095 0.037477 0.206081
0 0.608288 0.461824 0.042523 0.183108
0 0.646667 0.449324 0.047928 0.209459
0 0.687387 0.433108 0.040721 0.178378
0 0.707748 0.365878 0.059099 0.127703
0 0.506667 0.651351 0.018018 0.182432
0 0.526667 0.662838 0.019099 0.172973
0 0.548468 0.662162 0.028108 0.190541
0 0.574775 0.654054 0.031712 0.171622
0 0.601622 0.644932 0.041441 0.161486
0 0.650090 0.651689 0.077117 0.195270
0 0.690811 0.568919 0.059820 0.171622
0 0.729189 0.514189 0.053694 0.116216
0 0.487387 0.647635 0.019099 0.177703
0 0.469369 0.658108 0.021982 0.170270
0 0.446306 0.669257 0.028468 0.202027
0 0.423243 0.646622 0.033514 0.178378
0 0.397838 0.641554 0.046126 0.183108
0 0.357297 0.627703 0.077477 0.172973
0 0.307387 0.600000 0.083604 0.175676
0 0.255135 0.556757 0.067748 0.132432