0 0.421690 0.745510 0.041369 0.192547
0 0.443474 0.505368 0.040231 0.217912
0 0.480757 0.533230 0.047351 0.214838
0 0.456780 0.531149 0.040631 0.221770
0 0.419843 0.519652 0.043586 0.212074
0 0.395832 0.511341 0.042850 0.209304
0 0.362218 0.503723 0.061315 0.199608
0 0.324171 0.474635 0.066490 0.185757
0 0.538045 0.742740 0.039153 0.192547
0 0.548353 0.563287 0.037751 0.113723
0 0.738955 0.645084 0.087986 0.210547
0 0.386598 0.751743 0.052454 0.210554
0 0.238438 0.612534 0.082814 0.131595
0 0.302378 0.417149 0.059841 0.115108
0 0.513629 0.537662 0.052526 0.209297
0 0.565750 0.419922 0.096040 0.181601
0 0.585281 0.507186 0.045157 0.192682
0 0.616686 0.491949 0.031103 0.209304
0 0.649564 0.480868 0.056959 0.206534
0 0.689499 0.464247 0.053939 0.178831
0 0.711620 0.399142 0.058440 0.112338
0 0.783319 0.574439 0.064274 0.124662
0 0.693890 0.683105 0.095377 0.203764
0 0.648861 0.707416 0.065751 0.163453
0 0.613769 0.719882 0.044324 0.174534
0 0.582373 0.730274 0.042108 0.187007
0 0.557623 0.737199 0.035463 0.198088
0 0.516991 0.756595 0.039892 0.189770
0 0.491872 0.753128 0.045805 0.193932
0 0.335955 0.709426 0.088724 0.203757
0 0.289043 0.663784 0.090944 0.184230
0 0.459366 0.757284 0.036937 0.216095