0 0.485766 0.454392 0.028829 0.242568
0 0.463423 0.448649 0.029550 0.241892
0 0.435856 0.434459 0.037117 0.287838
0 0.413333 0.446622 0.040360 0.244595
0 0.384865 0.448649 0.038919 0.228378
0 0.345766 0.445946 0.056577 0.232432
0 0.303243 0.429392 0.058739 0.189865
0 0.283423 0.376689 0.052973 0.100676
0 0.513514 0.454054 0.025946 0.247297
0 0.538919 0.462838 0.029189 0.222973
0 0.563964 0.440541 0.035315 0.267568
0 0.586126 0.442230 0.039279 0.243919
0 0.612072 0.461149 0.037117 0.218243
0 0.653153 0.461149 0.050811 0.206081
0 0.691351 0.436486 0.063063 0.193243
0 0.707748 0.364527 0.050450 0.102027
0 0.500360 0.685135 0.021982 0.186486
0 0.515495 0.686149 0.033514 0.181757
0 0.535495 0.710473 0.040360 0.233108
0 0.571351 0.714865 0.040721 0.237838
0 0.611532 0.681419 0.043964 0.181757
0 0.676937 0.649662 0.087568 0.188514
0 0.728288 0.616554 0.059099 0.115541
0 0.480901 0.679730 0.020541 0.170270
0 0.461261 0.687838 0.020901 0.190541
0 0.436937 0.703041 0.029189 0.225000
0 0.410631 0.692230 0.033514 0.206081
0 0.382162 0.681757 0.045766 0.197297
0 0.338378 0.656757 0.074234 0.181081
0 0.289189 0.635473 0.091892 0.199324
0 0.242703 0.607770 0.052252 0.102027