0 0.469910 0.540878 0.034595 0.181757
0 0.437477 0.515541 0.028829 0.133784
0 0.415856 0.439189 0.034595 0.114865
0 0.394775 0.526689 0.034955 0.097973
0 0.369009 0.488514 0.036036 0.086486
0 0.328829 0.510473 0.049369 0.175000
0 0.304865 0.461149 0.043964 0.091216
0 0.505225 0.538851 0.034595 0.184459
0 0.534775 0.514527 0.028829 0.123649
0 0.561261 0.438176 0.036396 0.126351
0 0.585405 0.532095 0.038559 0.103378
0 0.608288 0.482770 0.041081 0.089865
0 0.657117 0.525338 0.054414 0.153378
0 0.682342 0.460811 0.050811 0.079730
0 0.501081 0.729054 0.024144 0.178378
0 0.521802 0.735473 0.022342 0.162838
0 0.546486 0.813851 0.044324 0.126351
0 0.575315 0.755068 0.034955 0.088514
0 0.619099 0.752365 0.036757 0.077703
0 0.659459 0.687838 0.072072 0.174324
0 0.713874 0.690541 0.054775 0.097297
0 0.481081 0.727027 0.021622 0.163514
0 0.459459 0.730405 0.023784 0.166216
0 0.425225 0.797297 0.037477 0.132432
0 0.399099 0.736149 0.032793 0.080405
0 0.360000 0.747297 0.030270 0.074324
0 0.326486 0.684122 0.072793 0.172297
0 0.278919 0.680068 0.050450 0.091216
0 0.440721 0.598311 0.020180 0.043919
0 0.414414 0.545270 0.028108 0.178378
0 0.391171 0.591892 0.034234 0.064865
0 0.364324 0.561486 0.042523 0.112162
0 0.536216 0.577703 0.020180 0.091892
0 0.558919 0.549662 0.028108 0.160135
0 0.617117 0.562500 0.047928 0.107432
0 0.545586 0.711149 0.021622 0.158784
0 0.574775 0.682432 0.038198 0.102703
0 0.612252 0.679392 0.054775 0.122297
0 0.435495 0.708446 0.022703 0.150676
0 0.402703 0.688851 0.040721 0.088514
0 0.375495 0.677027 0.048288 0.112162