0 0.483063 0.550676 0.029910 0.235135
0 0.456757 0.546959 0.027027 0.220946
0 0.431171 0.447297 0.035676 0.235135
0 0.413874 0.520946 0.036396 0.272973
0 0.385405 0.494257 0.034955 0.193919
0 0.346306 0.527027 0.053333 0.206757
0 0.318559 0.455743 0.043964 0.134459
0 0.512252 0.552365 0.029189 0.229054
0 0.535676 0.533108 0.035676 0.260811
0 0.560180 0.456419 0.034955 0.247973
0 0.582342 0.554392 0.039640 0.176351
0 0.612252 0.532095 0.044685 0.206081
0 0.642162 0.538851 0.063423 0.196622
0 0.678198 0.452703 0.054775 0.143243
0 0.504865 0.783784 0.021622 0.209459
0 0.520360 0.771284 0.024505 0.199324
0 0.542703 0.804392 0.032432 0.208784
0 0.561982 0.759459 0.035676 0.194595
0 0.599820 0.784459 0.044324 0.148649
0 0.644505 0.721959 0.072432 0.157432
0 0.487748 0.777703 0.021261 0.195946
0 0.469730 0.770946 0.024144 0.194595
0 0.444685 0.819595 0.031712 0.201351
0 0.416577 0.777703 0.033153 0.168919
0 0.387387 0.759797 0.038919 0.170946
0 0.346486 0.727027 0.076036 0.185135
0 0.434054 0.605068 0.027748 0.087162
0 0.382162 0.604054 0.034234 0.067568
0 0.558018 0.605068 0.027027 0.070946
0 0.601261 0.707432 0.056577 0.087838