0 0.492793 0.438176 0.032793 0.273649
0 0.472252 0.440203 0.034955 0.242568
0 0.445586 0.413851 0.037117 0.289865
0 0.415856 0.457095 0.037477 0.203378
0 0.391171 0.449324 0.045766 0.208108
0 0.353874 0.436486 0.049009 0.212162
0 0.315495 0.419932 0.054414 0.196622
0 0.294775 0.351351 0.056937 0.101351
0 0.525225 0.433446 0.030631 0.269595
0 0.550811 0.434797 0.028468 0.276351
0 0.574775 0.427703 0.031712 0.316216
0 0.601982 0.433108 0.035676 0.262162
0 0.624685 0.427365 0.040721 0.250676
0 0.655856 0.431757 0.056216 0.206757
0 0.692793 0.398986 0.060901 0.188514
0 0.714234 0.337838 0.051892 0.110811
0 0.508829 0.695946 0.020180 0.222973
0 0.528288 0.702027 0.023063 0.221622
0 0.552793 0.723649 0.029550 0.285135
0 0.586126 0.692568 0.034234 0.198649
0 0.612613 0.681757 0.034595 0.198649
0 0.658919 0.655405 0.080360 0.200000
0 0.705045 0.605743 0.089009 0.180405
0 0.756036 0.558446 0.036757 0.097973
0 0.489369 0.693581 0.020901 0.222297
0 0.469730 0.698986 0.021982 0.219595
0 0.444685 0.702365 0.027387 0.242568
0 0.413333 0.703041 0.033874 0.227703
0 0.385405 0.685135 0.037117 0.198649
0 0.339640 0.659122 0.077477 0.197973
0 0.319640 0.630068 0.001441 0.002027
0 0.328649 0.615541 0.001441 0.002703
0 0.292793 0.621622 0.088288 0.178378
0 0.245766 0.571622 0.041802 0.110811