0 0.478739 0.388176 0.034234 0.245270
0 0.457297 0.396622 0.031712 0.208108
0 0.425045 0.368243 0.035676 0.274324
0 0.400901 0.399662 0.044324 0.196622
0 0.370450 0.397297 0.043964 0.209459
0 0.333333 0.386486 0.059099 0.208108
0 0.282883 0.376689 0.061261 0.193919
0 0.252793 0.307770 0.053694 0.123649
0 0.503243 0.397973 0.035676 0.256757
0 0.531532 0.391554 0.031712 0.231757
0 0.562162 0.368919 0.036036 0.268919
0 0.584144 0.397973 0.051171 0.209459
0 0.609730 0.394595 0.046847 0.217568
0 0.648649 0.377703 0.056937 0.244595
0 0.698739 0.376014 0.067748 0.225000
0 0.723784 0.306757 0.050090 0.132432
0 0.490090 0.641554 0.023063 0.191216
0 0.513333 0.640541 0.028468 0.200000
0 0.534414 0.653041 0.046126 0.234459
0 0.568649 0.661486 0.042523 0.227027
0 0.602883 0.654054 0.051892 0.216216
0 0.662703 0.644932 0.086486 0.206081
0 0.718198 0.608784 0.074234 0.201351
0 0.768829 0.582095 0.067387 0.135811
0 0.471351 0.638851 0.027387 0.191216
0 0.446306 0.641892 0.027748 0.202703
0 0.418018 0.654730 0.035315 0.232432
0 0.390991 0.654730 0.039640 0.217568
0 0.356577 0.644932 0.052973 0.203378
0 0.296396 0.636824 0.096216 0.214189
0 0.250090 0.588514 0.079279 0.185135
0 0.192973 0.552365 0.075315 0.133108