0 0.487568 0.454392 0.035315 0.235811
0 0.467207 0.470608 0.027027 0.197973
0 0.448108 0.392230 0.081802 0.139865
0 0.410991 0.453041 0.038559 0.212838
0 0.387207 0.459797 0.040000 0.196622
0 0.358018 0.440541 0.057297 0.193243
0 0.316216 0.424324 0.055135 0.186486
0 0.518198 0.440541 0.030991 0.260811
0 0.543964 0.466216 0.025586 0.193243
0 0.567207 0.443919 0.029550 0.229730
0 0.590631 0.437500 0.036036 0.226351
0 0.615495 0.427365 0.037477 0.214189
0 0.648468 0.417568 0.051532 0.209459
0 0.687928 0.407095 0.050450 0.192568
0 0.698919 0.337162 0.052973 0.093243
0 0.502162 0.659459 0.021982 0.163514
0 0.522703 0.677703 0.023423 0.209459
0 0.543423 0.657770 0.028108 0.181757
0 0.565045 0.654392 0.033153 0.189865
0 0.594595 0.643581 0.049009 0.191216
0 0.632432 0.626689 0.077838 0.203378
0 0.677838 0.595946 0.067748 0.186486
0 0.727027 0.570608 0.043604 0.081757
0 0.483243 0.655405 0.022342 0.160811
0 0.463784 0.658108 0.024505 0.166216
0 0.438198 0.654730 0.032432 0.179730
0 0.417477 0.660473 0.029910 0.192568
0 0.392793 0.660473 0.038919 0.197973
0 0.353333 0.640541 0.074595 0.183784
0 0.309189 0.602027 0.069910 0.172973
0 0.265586 0.588851 0.046126 0.095270