0 0.483964 0.482095 0.027387 0.183108
0 0.469910 0.446959 0.036036 0.147973
0 0.445946 0.379392 0.060901 0.170946
0 0.418378 0.468919 0.036036 0.166216
0 0.393874 0.392905 0.036036 0.154730
0 0.356937 0.443919 0.051532 0.168919
0 0.334595 0.369257 0.062342 0.138514
0 0.509550 0.473649 0.029550 0.202703
0 0.531171 0.474324 0.020901 0.183784
0 0.570270 0.327027 0.061622 0.090541
0 0.570450 0.439527 0.038198 0.143919
0 0.599459 0.399662 0.040721 0.158784
0 0.637658 0.430743 0.050811 0.180405
0 0.655676 0.360811 0.062342 0.139189
0 0.505946 0.676689 0.019459 0.149324
0 0.521982 0.681081 0.030631 0.174324
0 0.552973 0.687162 0.029910 0.167568
0 0.578018 0.664527 0.038919 0.165541
0 0.621081 0.669595 0.050090 0.151351
0 0.661982 0.608784 0.075676 0.181081
0 0.711712 0.571622 0.051892 0.131081
0 0.486306 0.674662 0.019099 0.149324
0 0.465405 0.672635 0.024865 0.158784
0 0.438018 0.686824 0.031351 0.177703
0 0.412613 0.667230 0.039640 0.173649
0 0.369730 0.683108 0.048288 0.152703
0 0.327568 0.615878 0.081441 0.187162
0 0.280721 0.576351 0.067027 0.145946
0 0.243243 0.535811 0.033874 0.083784
0 0.445045 0.484797 0.028829 0.138514
0 0.390991 0.492230 0.041802 0.103378
0 0.552252 0.470270 0.027027 0.179730
0 0.577658 0.517568 0.030270 0.055405
0 0.605405 0.500000 0.042523 0.090541
0 0.609009 0.585135 0.047568 0.074324
0 0.380180 0.604054 0.057658 0.105405