0 0.472432 0.469257 0.034595 0.215541
0 0.440180 0.465878 0.028468 0.206081
0 0.409550 0.442905 0.035676 0.252027
0 0.381622 0.456757 0.038919 0.213514
0 0.351351 0.461824 0.036036 0.191216
0 0.316577 0.439527 0.049369 0.207432
0 0.279099 0.415203 0.061622 0.162838
0 0.259099 0.336149 0.060541 0.102027
0 0.506667 0.467230 0.036757 0.216892
0 0.536036 0.460135 0.037117 0.206757
0 0.569189 0.437838 0.040721 0.247297
0 0.597477 0.448649 0.045405 0.233784
0 0.630991 0.452027 0.040360 0.212162
0 0.670090 0.442568 0.056577 0.198649
0 0.710090 0.400338 0.055856 0.173649
0 0.734234 0.326689 0.055856 0.104730
0 0.496757 0.692230 0.027748 0.179054
0 0.518739 0.689865 0.040721 0.186486
0 0.551351 0.705743 0.041081 0.189865
0 0.581441 0.699662 0.050811 0.187162
0 0.623423 0.687500 0.055495 0.185811
0 0.673333 0.667230 0.083243 0.199324
0 0.724324 0.618919 0.086486 0.174324
0 0.782162 0.611486 0.064505 0.116216
0 0.472432 0.693243 0.025946 0.163514
0 0.449369 0.695608 0.032432 0.196622
0 0.421261 0.710811 0.037477 0.218919
0 0.389009 0.704392 0.040721 0.195270
0 0.350270 0.690541 0.052613 0.187838
0 0.306667 0.672635 0.076396 0.206081
0 0.253694 0.644257 0.077117 0.179054
0 0.204505 0.620608 0.055856 0.116892