0 0.479099 0.390541 0.029910 0.259459
0 0.451351 0.391892 0.022703 0.220270
0 0.418559 0.400338 0.031351 0.225000
0 0.390090 0.410473 0.035676 0.206081
0 0.344685 0.400338 0.045045 0.206081
0 0.301081 0.387838 0.045045 0.200000
0 0.507748 0.400338 0.029550 0.225000
0 0.530631 0.399324 0.028468 0.195946
0 0.559099 0.350676 0.032793 0.285135
0 0.584685 0.389527 0.037838 0.197973
0 0.615676 0.364527 0.046486 0.188514
0 0.649730 0.384122 0.051892 0.210135
0 0.692432 0.372297 0.059459 0.212162
0 0.498559 0.629054 0.021982 0.198649
0 0.514054 0.627703 0.024144 0.185135
0 0.534775 0.649324 0.028829 0.241892
0 0.559820 0.653041 0.032793 0.220946
0 0.642162 0.628716 0.077117 0.197973
0 0.687027 0.592230 0.073153 0.188514
0 0.479640 0.633784 0.018739 0.202703
0 0.460901 0.643919 0.022342 0.208108
0 0.439099 0.644257 0.024865 0.223649
0 0.413333 0.652027 0.026667 0.209459
0 0.334054 0.631419 0.069910 0.181757
0 0.295495 0.596959 0.064865 0.183108
0 0.593514 0.651351 0.058378 0.150000
0 0.380180 0.647635 0.049730 0.139865