0 0.484505 0.395608 0.034955 0.253378
0 0.461441 0.383446 0.027027 0.260135
0 0.435676 0.365878 0.033874 0.297973
0 0.412252 0.386149 0.038198 0.249324
0 0.387027 0.377365 0.041802 0.242568
0 0.349009 0.366892 0.055135 0.224324
0 0.315676 0.343581 0.063423 0.230405
0 0.289550 0.269932 0.045045 0.150676
0 0.522162 0.386824 0.041802 0.272297
0 0.540541 0.387500 0.023784 0.250676
0 0.569730 0.348311 0.037477 0.315541
0 0.589910 0.376014 0.037477 0.245270
0 0.631171 0.283108 0.001081 0.005405
0 0.616216 0.372635 0.038198 0.242568
0 0.651532 0.360135 0.053333 0.236486
0 0.694054 0.352703 0.047568 0.208108
0 0.719640 0.285811 0.046847 0.131081
0 0.507568 0.634459 0.016937 0.198649
0 0.526847 0.632432 0.024505 0.193243
0 0.546847 0.647297 0.027748 0.240541
0 0.571892 0.629054 0.033153 0.221622
0 0.599640 0.628378 0.047568 0.240541
0 0.641441 0.598649 0.080000 0.212162
0 0.690991 0.570608 0.082523 0.203378
0 0.740721 0.549324 0.063784 0.147297
0 0.489009 0.628041 0.019459 0.189865
0 0.471171 0.632770 0.019820 0.207432
0 0.445045 0.653716 0.034595 0.253378
0 0.418919 0.631757 0.040721 0.222973
0 0.396937 0.621959 0.051532 0.222297
0 0.358559 0.599324 0.079279 0.209459
0 0.312973 0.576351 0.068829 0.205405
0 0.257477 0.541554 0.067387 0.129054