0 0.483604 0.544595 0.030991 0.227027
0 0.461982 0.554054 0.030991 0.200000
0 0.439279 0.467568 0.034595 0.245946
0 0.415495 0.472635 0.041802 0.150676
0 0.387748 0.467905 0.038919 0.114189
0 0.341081 0.505743 0.056577 0.168243
0 0.323423 0.434459 0.056577 0.109459
0 0.519099 0.553716 0.030631 0.207432
0 0.542342 0.559459 0.032432 0.193243
0 0.564505 0.475000 0.032793 0.247297
0 0.582883 0.505405 0.041441 0.090541
0 0.609009 0.455405 0.043243 0.121622
0 0.655495 0.499662 0.059820 0.187162
0 0.674234 0.437500 0.060541 0.103378
0 0.518018 0.716554 0.025586 0.169595
0 0.543423 0.720946 0.028829 0.174324
0 0.569910 0.755405 0.031351 0.185135
0 0.602162 0.775338 0.040360 0.131757
0 0.648468 0.753041 0.044324 0.111486
0 0.683063 0.666892 0.087568 0.186486
0 0.735495 0.657095 0.058378 0.116892
0 0.496036 0.708446 0.026306 0.165541
0 0.476036 0.709459 0.040360 0.152703
0 0.448288 0.777703 0.035315 0.210811
0 0.413333 0.765541 0.041802 0.125676
0 0.365225 0.753378 0.042883 0.108108
0 0.329009 0.669257 0.090090 0.185811
0 0.278378 0.653041 0.056577 0.112838
0 0.434234 0.601351 0.027387 0.062162
0 0.411892 0.572635 0.037477 0.112838
0 0.377477 0.563514 0.047207 0.105405
0 0.567207 0.589189 0.028108 0.074324
0 0.591532 0.579054 0.033514 0.100000
0 0.620000 0.550338 0.048649 0.125000
0 0.596216 0.679054 0.044324 0.101351
0 0.627387 0.660473 0.062703 0.126351
0 0.426486 0.671622 0.051532 0.090541
0 0.383964 0.673311 0.073874 0.139865