0 0.483604 0.550000 0.025225 0.193243
0 0.465405 0.540203 0.028468 0.172297
0 0.440901 0.500000 0.029910 0.221622
0 0.424505 0.502027 0.036036 0.209459
0 0.401081 0.472635 0.033153 0.166892
0 0.369009 0.500338 0.049009 0.160135
0 0.334414 0.442905 0.045405 0.162838
0 0.309730 0.392230 0.043604 0.079054
0 0.507748 0.539865 0.025225 0.210811
0 0.524685 0.543581 0.029550 0.176351
0 0.543784 0.531757 0.061261 0.151351
0 0.560360 0.520270 0.037477 0.191892
0 0.582342 0.470608 0.045405 0.166892
0 0.618018 0.488851 0.055495 0.204730
0 0.654234 0.458784 0.055856 0.166216
0 0.678559 0.400338 0.045405 0.087162
0 0.506486 0.740878 0.018378 0.166892
0 0.521441 0.740203 0.024505 0.164189
0 0.539099 0.758108 0.033874 0.206757
0 0.562162 0.751351 0.029550 0.193243
0 0.587207 0.736149 0.037838 0.181757
0 0.626847 0.706757 0.079640 0.179730
0 0.672793 0.671284 0.077117 0.162838
0 0.720000 0.634797 0.043964 0.095270
0 0.489730 0.725338 0.017297 0.141216
0 0.474414 0.733446 0.021261 0.166892
0 0.453153 0.745608 0.031351 0.202027
0 0.433514 0.736149 0.028829 0.188514
0 0.407387 0.726689 0.041441 0.180405
0 0.366486 0.697973 0.079279 0.186486
0 0.320721 0.665203 0.073514 0.168243
0 0.404324 0.566554 0.040360 0.068243
0 0.585586 0.564865 0.043243 0.079730