0 0.486306 0.509122 0.031351 0.197973
0 0.458378 0.492905 0.030991 0.200676
0 0.435135 0.474324 0.031351 0.222973
0 0.412072 0.483446 0.047207 0.195270
0 0.389189 0.487838 0.041081 0.186486
0 0.353514 0.485811 0.054054 0.197297
0 0.308468 0.478378 0.049730 0.179730
0 0.293874 0.382095 0.053694 0.122297
0 0.516036 0.511486 0.029550 0.208108
0 0.540360 0.497635 0.025586 0.215541
0 0.561982 0.490878 0.030631 0.222297
0 0.582883 0.492905 0.042162 0.207432
0 0.607207 0.501351 0.046126 0.193243
0 0.636757 0.494595 0.056216 0.177027
0 0.675315 0.475676 0.058378 0.195946
0 0.691532 0.397297 0.059820 0.114865
0 0.512793 0.729730 0.020180 0.201351
0 0.534955 0.728378 0.024144 0.200000
0 0.554054 0.730405 0.034955 0.210811
0 0.584505 0.741554 0.032432 0.200676
0 0.618919 0.735811 0.033514 0.191892
0 0.673874 0.711824 0.085045 0.179054
0 0.725766 0.681757 0.062703 0.116216
0 0.493874 0.728716 0.022703 0.196622
0 0.476577 0.733784 0.036396 0.201351
0 0.456216 0.733108 0.045405 0.197297
0 0.426667 0.745946 0.042523 0.224324
0 0.390991 0.745608 0.045405 0.218243
0 0.335676 0.709459 0.082523 0.182432
0 0.279820 0.682432 0.062342 0.118919