0 0.385665 0.520686 0.033845 0.196223
0 0.327200 0.694314 0.083214 0.202196
0 0.385665 0.715020 0.044238 0.163216
0 0.419445 0.719287 0.037744 0.149818
0 0.447703 0.808811 0.042288 0.202189
0 0.474987 0.738166 0.029297 0.168088
0 0.500645 0.716240 0.033845 0.168088
0 0.515912 0.729639 0.025402 0.160777
0 0.537674 0.719287 0.042937 0.149818
0 0.560086 0.797236 0.051387 0.174176
0 0.594548 0.718068 0.048721 0.135203
0 0.633200 0.749125 0.049369 0.112061
0 0.619885 0.663865 0.063013 0.092568
0 0.677699 0.674828 0.099391 0.192453
0 0.727036 0.655338 0.070872 0.133986
0 0.672795 0.417152 0.068926 0.120709
0 0.643236 0.482318 0.066977 0.182824
0 0.606859 0.489017 0.046187 0.184047
0 0.571454 0.503747 0.044241 0.198439
0 0.549247 0.407791 0.043589 0.210838
0 0.525656 0.509115 0.053986 0.216932
0 0.504544 0.523730 0.039041 0.221797
0 0.468164 0.532257 0.041640 0.229108
0 0.438283 0.532868 0.037741 0.223020
0 0.409375 0.560274 0.035795 0.131669
0 0.417822 0.421416 0.040991 0.207182
0 0.358380 0.507895 0.042937 0.180385
0 0.324600 0.475618 0.046836 0.193791
0 0.296668 0.418980 0.050735 0.138973
0 0.276530 0.672392 0.063726 0.133986