0 0.484144 0.517568 0.032072 0.266216
0 0.458198 0.509122 0.034234 0.220946
0 0.436396 0.423649 0.049730 0.164865
0 0.408829 0.473986 0.044324 0.150676
0 0.373514 0.466892 0.042883 0.129730
0 0.329009 0.493581 0.054775 0.223649
0 0.297838 0.444257 0.050811 0.120946
0 0.266847 0.392905 0.035676 0.038514
0 0.518198 0.520946 0.032432 0.259459
0 0.541081 0.495608 0.038559 0.261486
0 0.565045 0.414527 0.049009 0.183108
0 0.591712 0.502703 0.043964 0.152703
0 0.627928 0.464527 0.052973 0.162838
0 0.665766 0.490878 0.056577 0.214189
0 0.699279 0.438514 0.050090 0.133784
0 0.733153 0.389527 0.040000 0.058784
0 0.507207 0.750676 0.023423 0.185135
0 0.526306 0.750000 0.032793 0.189189
0 0.551171 0.836486 0.045045 0.179730
0 0.584865 0.772973 0.039640 0.141892
0 0.640721 0.785811 0.046126 0.132432
0 0.676757 0.727365 0.085766 0.196622
0 0.728468 0.716554 0.069550 0.139865
0 0.485586 0.748649 0.022703 0.179730
0 0.461982 0.747635 0.028829 0.191216
0 0.438378 0.839865 0.039279 0.171622
0 0.401982 0.795608 0.040000 0.142568
0 0.351712 0.787838 0.042523 0.132432
0 0.315676 0.731419 0.081441 0.200676
0 0.261261 0.716554 0.067027 0.141216
0 0.433514 0.544932 0.033874 0.185811
0 0.405225 0.569932 0.040000 0.100676
0 0.372613 0.558108 0.047568 0.122973
0 0.567928 0.531081 0.037477 0.204054
0 0.622523 0.561824 0.047207 0.106081
0 0.552072 0.729392 0.030991 0.165541
0 0.579640 0.690541 0.036396 0.056757
0 0.615135 0.724324 0.049009 0.152703
0 0.437658 0.727027 0.029189 0.162162
0 0.408468 0.705068 0.038559 0.089865
0 0.374234 0.729054 0.050090 0.162162