0 0.481261 0.374662 0.033514 0.239865
0 0.457117 0.372973 0.029189 0.212162
0 0.428829 0.373311 0.033874 0.238514
0 0.403604 0.373649 0.035315 0.232432
0 0.375856 0.385135 0.028829 0.189189
0 0.343964 0.381419 0.048649 0.179054
0 0.299640 0.372297 0.050811 0.178378
0 0.510090 0.382432 0.032793 0.231081
0 0.537477 0.367230 0.028468 0.218243
0 0.562162 0.358108 0.033874 0.267568
0 0.587568 0.363176 0.034955 0.242568
0 0.611712 0.369257 0.032793 0.203378
0 0.645045 0.364527 0.051171 0.199324
0 0.686847 0.353378 0.046847 0.186486
0 0.714414 0.290541 0.047207 0.104054
0 0.492432 0.634797 0.022703 0.222297
0 0.511351 0.633446 0.022342 0.215541
0 0.535856 0.626351 0.028829 0.243243
0 0.563243 0.608446 0.031712 0.207432
0 0.589910 0.601351 0.038919 0.206757
0 0.632072 0.585135 0.069910 0.187838
0 0.678739 0.550338 0.068108 0.180405
0 0.725045 0.515541 0.047568 0.101351
0 0.472072 0.618243 0.019459 0.190541
0 0.448468 0.631757 0.026306 0.240541
0 0.422703 0.625000 0.033153 0.208108
0 0.392973 0.620270 0.044324 0.204054
0 0.352252 0.596959 0.076757 0.187162
0 0.308829 0.567230 0.072072 0.179054
0 0.262162 0.536486 0.053694 0.109459