0 0.484865 0.565203 0.034955 0.212838
0 0.455315 0.531081 0.033514 0.093243
0 0.431712 0.455743 0.038919 0.126351
0 0.411892 0.526351 0.040360 0.091892
0 0.385225 0.498649 0.041802 0.089189
0 0.342523 0.516216 0.065225 0.186486
0 0.313333 0.452365 0.058739 0.111486
0 0.517838 0.553378 0.038919 0.177027
0 0.539640 0.529730 0.034234 0.131081
0 0.563964 0.445946 0.036036 0.106757
0 0.578559 0.529392 0.040721 0.089865
0 0.601441 0.482432 0.044685 0.097297
0 0.643243 0.512838 0.061982 0.186486
0 0.672072 0.449324 0.064865 0.113514
0 0.505225 0.778378 0.028108 0.186486
0 0.527027 0.795608 0.029189 0.104730
0 0.565586 0.858446 0.043604 0.099324
0 0.589550 0.800676 0.039640 0.075676
0 0.635135 0.787838 0.044324 0.071622
0 0.669910 0.693243 0.085766 0.164865
0 0.727387 0.661149 0.056577 0.100676
0 0.482162 0.778378 0.025946 0.194595
0 0.460901 0.794595 0.030991 0.117568
0 0.423964 0.863514 0.047207 0.105405
0 0.395495 0.795608 0.037838 0.075000
0 0.350450 0.786149 0.043604 0.072297
0 0.319099 0.695270 0.092613 0.166216
0 0.260360 0.670270 0.052252 0.097297
0 0.455495 0.596622 0.022342 0.121622
0 0.433333 0.585811 0.030631 0.160811
0 0.408108 0.605068 0.037838 0.087162
0 0.376757 0.585811 0.046486 0.110811
0 0.540000 0.608784 0.022703 0.112162
0 0.560000 0.570608 0.028829 0.181757
0 0.524324 0.715878 0.023784 0.068243
0 0.547027 0.758108 0.032432 0.154054
0 0.576396 0.721959 0.051532 0.116892
0 0.616216 0.709122 0.072072 0.138514
0 0.442883 0.752703 0.034595 0.154054
0 0.363604 0.720608 0.076396 0.134459