0 0.479279 0.468243 0.032432 0.258108
0 0.454414 0.469932 0.038919 0.235811
0 0.425405 0.425338 0.047207 0.215541
0 0.420180 0.463851 0.049730 0.245270
0 0.394054 0.464865 0.039279 0.218919
0 0.358739 0.456419 0.052252 0.214189
0 0.314054 0.438514 0.047207 0.206757
0 0.288829 0.377703 0.047207 0.156757
0 0.512793 0.457432 0.037477 0.281081
0 0.537658 0.466216 0.025225 0.241892
0 0.566486 0.460135 0.030991 0.245946
0 0.592973 0.464189 0.035676 0.221622
0 0.618018 0.465541 0.038919 0.194595
0 0.657477 0.452703 0.046486 0.193243
0 0.690090 0.424324 0.061982 0.209459
0 0.707748 0.345946 0.065586 0.172973
0 0.497658 0.690541 0.019459 0.163514
0 0.517838 0.690541 0.023784 0.167568
0 0.550270 0.717568 0.041802 0.222973
0 0.573333 0.697635 0.045405 0.193919
0 0.601982 0.684797 0.045045 0.195270
0 0.692432 0.632770 0.072432 0.181757
0 0.743063 0.602027 0.062703 0.154054
0 0.478739 0.690541 0.024144 0.162162
0 0.461441 0.695608 0.034955 0.185811
0 0.427387 0.733784 0.054775 0.213514
0 0.416216 0.700338 0.046126 0.199324
0 0.386667 0.680068 0.054775 0.179054
0 0.343604 0.652027 0.075315 0.181081
0 0.297658 0.635811 0.072072 0.186486
0 0.236036 0.606419 0.082162 0.152027