0 0.476396 0.564189 0.031712 0.206757
0 0.452072 0.552703 0.031351 0.206757
0 0.431532 0.501014 0.032793 0.203378
0 0.401261 0.522635 0.043604 0.181757
0 0.380180 0.484797 0.039640 0.147973
0 0.337838 0.481757 0.050811 0.186486
0 0.313514 0.414527 0.059099 0.139865
0 0.508288 0.560135 0.029910 0.221622
0 0.532613 0.556757 0.039640 0.197297
0 0.553694 0.493243 0.038559 0.185135
0 0.584685 0.539865 0.041441 0.183784
0 0.614054 0.523649 0.043243 0.177027
0 0.647207 0.487838 0.054054 0.193243
0 0.674955 0.445946 0.056216 0.125676
0 0.503423 0.748649 0.026667 0.141892
0 0.521982 0.742905 0.036396 0.138514
0 0.547928 0.790878 0.036396 0.166892
0 0.584865 0.753041 0.051892 0.147973
0 0.610811 0.713851 0.052613 0.149324
0 0.657477 0.685811 0.081081 0.183784
0 0.711351 0.646622 0.069189 0.141892
0 0.483423 0.747297 0.027027 0.136486
0 0.463063 0.742568 0.025946 0.136486
0 0.432252 0.737162 0.040000 0.162162
0 0.402523 0.718243 0.043964 0.156757
0 0.360721 0.730068 0.049009 0.147973
0 0.329369 0.671959 0.071351 0.180405
0 0.278018 0.645608 0.063784 0.146622
0 0.419459 0.606419 0.028829 0.070946
0 0.371712 0.565203 0.041441 0.076351
0 0.562523 0.564189 0.030991 0.151351
0 0.550450 0.700000 0.024865 0.071622
0 0.565946 0.681419 0.030631 0.062838
0 0.376577 0.652703 0.049009 0.093243