0 0.499099 0.539189 0.052613 0.172973
0 0.474595 0.481081 0.061982 0.144595
0 0.431171 0.405068 0.050090 0.120946
0 0.406667 0.494257 0.041441 0.096622
0 0.372072 0.483784 0.042883 0.094595
0 0.325405 0.505068 0.064865 0.165541
0 0.298018 0.440878 0.057658 0.106081
0 0.545225 0.531081 0.043964 0.148649
0 0.581441 0.509459 0.036396 0.109459
0 0.609550 0.436486 0.042162 0.118919
0 0.624685 0.518581 0.044324 0.097973
0 0.650090 0.509122 0.036757 0.100676
0 0.691892 0.530068 0.057658 0.153378
0 0.716757 0.452703 0.056216 0.108108
0 0.535315 0.704054 0.030631 0.155405
0 0.556757 0.764189 0.039640 0.158108
0 0.587568 0.827365 0.038559 0.116892
0 0.617117 0.766216 0.039279 0.089189
0 0.659099 0.770270 0.035315 0.072973
0 0.697838 0.677703 0.065946 0.166216
0 0.750811 0.685135 0.055135 0.108108
0 0.507387 0.701689 0.028108 0.156081
0 0.479640 0.754392 0.036757 0.139865
0 0.438198 0.823986 0.054775 0.111486
0 0.410270 0.741892 0.041441 0.083784
0 0.361441 0.732770 0.037477 0.070946
0 0.322523 0.660473 0.080721 0.173649
0 0.260180 0.674324 0.056937 0.109459
0 0.465405 0.576014 0.029189 0.104730
0 0.438919 0.548311 0.035315 0.161486
0 0.405766 0.561149 0.048288 0.115541
0 0.373153 0.561486 0.042883 0.116216
0 0.574414 0.579730 0.023063 0.101351
0 0.603423 0.566216 0.030631 0.162162
0 0.628288 0.590541 0.034955 0.101351
0 0.655495 0.577703 0.032432 0.116216
0 0.559279 0.661149 0.021622 0.065541
0 0.583784 0.700676 0.023063 0.168919
0 0.613514 0.688851 0.046486 0.134459
0 0.651171 0.684459 0.057658 0.125676
0 0.481441 0.663851 0.020901 0.080405
0 0.454595 0.692905 0.032072 0.172297
0 0.421081 0.673649 0.048649 0.136486
0 0.374414 0.652365 0.059820 0.102027