0 0.503604 0.518919 0.030631 0.227027
0 0.432252 0.523311 0.038559 0.164189
0 0.420721 0.462500 0.029910 0.102027
0 0.381802 0.507095 0.047207 0.199324
0 0.349910 0.459459 0.050450 0.108108
0 0.528288 0.521959 0.024505 0.214189
0 0.553874 0.459459 0.037477 0.172973
0 0.581081 0.515203 0.031351 0.127703
0 0.603423 0.492568 0.032793 0.108108
0 0.628829 0.529730 0.044685 0.204054
0 0.656036 0.476689 0.050090 0.107432
0 0.517477 0.751014 0.018739 0.192568
0 0.528649 0.757095 0.023784 0.195270
0 0.544505 0.841216 0.029550 0.160811
0 0.572613 0.802703 0.028108 0.094595
0 0.606306 0.806757 0.042162 0.095946
0 0.640541 0.728716 0.075315 0.183108
0 0.694054 0.730068 0.049009 0.102027
0 0.501081 0.737162 0.016937 0.168919
0 0.485946 0.745608 0.023423 0.199324
0 0.466847 0.817230 0.031351 0.165541
0 0.437838 0.782432 0.031712 0.108108
0 0.406306 0.776689 0.042883 0.102027
0 0.370631 0.705743 0.070270 0.184459
0 0.316757 0.697973 0.048288 0.098649
0 0.460541 0.540878 0.027387 0.161486
0 0.545766 0.575000 0.015495 0.074324
0 0.566486 0.561824 0.028829 0.107432
0 0.551532 0.716216 0.021261 0.131081
0 0.572432 0.729392 0.037838 0.099324
0 0.597838 0.724324 0.053333 0.093243
0 0.463784 0.696622 0.021622 0.127027
0 0.443784 0.697297 0.032793 0.079730
0 0.413694 0.701351 0.055495 0.114865