0 0.703002 0.327689 0.063077 0.077959
0 0.596789 0.419591 0.049434 0.113399
0 0.245998 0.556007 0.041640 0.110959
0 0.354515 0.464047 0.064959 0.190135
0 0.333728 0.381831 0.068861 0.154811
0 0.442831 0.568189 0.027348 0.093905
0 0.422368 0.549307 0.030595 0.097561
0 0.649085 0.459784 0.057881 0.181608
0 0.331097 0.652291 0.105301 0.200973
0 0.574377 0.452476 0.046187 0.125574
0 0.429514 0.463439 0.042292 0.118270
0 0.404829 0.427507 0.047488 0.119486
0 0.392485 0.525557 0.046187 0.115831
0 0.610755 0.523122 0.051384 0.130446
0 0.271007 0.637679 0.081265 0.140074
0 0.487654 0.509115 0.028649 0.219365
0 0.513638 0.515203 0.026050 0.219365
0 0.473688 0.534081 0.035795 0.198662
0 0.450301 0.478666 0.030598 0.177953
0 0.533452 0.521902 0.040987 0.210845
0 0.582822 0.534693 0.038393 0.114615
0 0.559436 0.559662 0.025402 0.101216
0 0.765721 0.543280 0.062360 0.119372
0 0.509449 0.729639 0.031834 0.177831
0 0.487362 0.725375 0.038328 0.161993
0 0.424968 0.749125 0.056580 0.160777
0 0.593899 0.646811 0.039625 0.073081
0 0.462351 0.747905 0.035081 0.190014
0 0.436011 0.649858 0.052685 0.071865
0 0.367151 0.750953 0.074771 0.157122
0 0.394110 0.650466 0.079319 0.124243
0 0.548750 0.718676 0.032483 0.190014
0 0.581879 0.758868 0.050670 0.250912
0 0.553914 0.440902 0.033845 0.204750
0 0.670521 0.378176 0.074771 0.164554
0 0.660809 0.743645 0.074706 0.152250
0 0.742986 0.643767 0.080551 0.164439
0 0.527962 0.720503 0.031182 0.176615
0 0.682245 0.647419 0.092894 0.208284
0 0.632550 0.650466 0.075355 0.119365
0 0.609164 0.735726 0.059762 0.170520