0 0.479459 0.496284 0.034234 0.222297
0 0.452072 0.494257 0.026306 0.206081
0 0.431712 0.419932 0.041081 0.161486
0 0.406126 0.468243 0.034595 0.135135
0 0.381441 0.465541 0.037117 0.122973
0 0.345405 0.505068 0.051532 0.169595
0 0.319099 0.443919 0.053694 0.116216
0 0.508829 0.495608 0.028829 0.216892
0 0.531892 0.489189 0.031712 0.216216
0 0.551532 0.420946 0.037117 0.179730
0 0.581261 0.469932 0.037477 0.130405
0 0.603604 0.468581 0.039640 0.110135
0 0.641081 0.496959 0.054054 0.183108
0 0.667207 0.442905 0.054414 0.112838
0 0.695135 0.384122 0.040360 0.084459
0 0.505405 0.697297 0.019820 0.166216
0 0.522523 0.699324 0.030270 0.181081
0 0.541982 0.762162 0.031712 0.171622
0 0.570090 0.731757 0.035315 0.133784
0 0.608468 0.735473 0.054414 0.106081
0 0.651351 0.676014 0.083243 0.192568
0 0.703964 0.658108 0.056577 0.112162
0 0.486847 0.700676 0.019459 0.175676
0 0.465045 0.702703 0.024144 0.178378
0 0.442883 0.729730 0.029550 0.164865
0 0.413514 0.723311 0.031351 0.110135
0 0.383063 0.735473 0.043964 0.100676
0 0.336757 0.677027 0.079640 0.190541
0 0.290450 0.669595 0.053333 0.110811
0 0.428829 0.529392 0.030270 0.153378
0 0.406126 0.558446 0.031712 0.091216
0 0.380721 0.555068 0.038559 0.091216
0 0.556036 0.528716 0.033874 0.146622
0 0.578198 0.554730 0.034955 0.095946
0 0.604324 0.547297 0.043243 0.110811
0 0.545766 0.655068 0.021982 0.107432
0 0.568288 0.643919 0.036757 0.082432
0 0.599099 0.648311 0.052973 0.111486
0 0.440180 0.633784 0.023423 0.048649
0 0.419099 0.643919 0.031712 0.075676
0 0.387928 0.649324 0.049369 0.108108