0 0.477297 0.474662 0.022703 0.239865
0 0.448108 0.460811 0.021982 0.233784
0 0.414414 0.454730 0.028108 0.244595
0 0.389550 0.456081 0.028108 0.236486
0 0.359640 0.469257 0.043243 0.199324
0 0.323784 0.456419 0.044324 0.168243
0 0.300360 0.411486 0.038559 0.082432
0 0.510270 0.473986 0.023063 0.242568
0 0.567207 0.474324 0.038198 0.216216
0 0.589910 0.455743 0.033153 0.245270
0 0.620180 0.470946 0.052613 0.216216
0 0.661441 0.455405 0.050090 0.205405
0 0.687387 0.409122 0.046486 0.077703
0 0.505225 0.707432 0.018739 0.185135
0 0.523423 0.719595 0.019820 0.202703
0 0.543784 0.728041 0.025225 0.223649
0 0.573333 0.728041 0.032432 0.211486
0 0.600000 0.717905 0.037477 0.193919
0 0.646306 0.692905 0.083964 0.199324
0 0.693514 0.646959 0.081802 0.168243
0 0.741982 0.621959 0.044685 0.093919
0 0.487568 0.712162 0.018739 0.201351
0 0.468829 0.709797 0.020901 0.191216
0 0.441622 0.707770 0.026306 0.191216
0 0.411532 0.713514 0.028829 0.197297
0 0.387027 0.712838 0.036757 0.201351
0 0.345225 0.689527 0.069910 0.192568
0 0.301261 0.651014 0.074955 0.165541
0 0.260901 0.632432 0.043964 0.087838
0 0.529910 0.510473 0.015495 0.106081
0 0.548108 0.491892 0.024505 0.155405