0 0.489730 0.531757 0.041802 0.206757
0 0.457658 0.500338 0.037477 0.252027
0 0.412973 0.495270 0.051892 0.240541
0 0.389009 0.511149 0.036396 0.179054
0 0.360180 0.494932 0.038559 0.187162
0 0.323063 0.476689 0.051532 0.175000
0 0.296577 0.410473 0.054054 0.149324
0 0.271351 0.352027 0.054775 0.098649
0 0.501982 0.578716 0.002162 0.022297
0 0.523063 0.525338 0.039279 0.234459
0 0.557838 0.510473 0.032432 0.252027
0 0.588108 0.494257 0.039640 0.254730
0 0.617297 0.525676 0.038919 0.178378
0 0.645405 0.498986 0.041802 0.219595
0 0.682523 0.474324 0.051171 0.212162
0 0.701622 0.406757 0.065586 0.158108
0 0.736757 0.355405 0.044324 0.095946
0 0.512793 0.728041 0.025946 0.149324
0 0.532252 0.738176 0.034595 0.160135
0 0.560000 0.764865 0.036036 0.227027
0 0.590450 0.752365 0.032793 0.160135
0 0.624865 0.743581 0.056937 0.196622
0 0.665225 0.705405 0.078559 0.187838
0 0.718018 0.697297 0.072432 0.144595
0 0.760000 0.637838 0.043243 0.102703
0 0.485586 0.747635 0.028468 0.189865
0 0.467568 0.735473 0.028468 0.172297
0 0.438559 0.740878 0.037477 0.208784
0 0.406306 0.741554 0.034955 0.200676
0 0.371171 0.708784 0.047568 0.156757
0 0.353514 0.718243 0.001441 0.002703
0 0.327027 0.693919 0.076036 0.195946
0 0.272793 0.678378 0.066306 0.147297
0 0.234595 0.614865 0.046126 0.106757