0 0.496216 0.501689 0.031712 0.266892
0 0.468288 0.529392 0.029910 0.152027
0 0.447027 0.409797 0.045045 0.130405
0 0.422523 0.478041 0.043604 0.119595
0 0.393514 0.459122 0.046126 0.110135
0 0.349369 0.473649 0.055856 0.201351
0 0.325225 0.412838 0.055856 0.116216
0 0.527928 0.505405 0.032432 0.271622
0 0.553153 0.521959 0.027387 0.172297
0 0.579279 0.419932 0.038559 0.137162
0 0.607387 0.532432 0.044324 0.151351
0 0.625946 0.488176 0.043964 0.111486
0 0.663964 0.468919 0.050090 0.202703
0 0.688468 0.407770 0.058739 0.112838
0 0.513874 0.747973 0.022342 0.177027
0 0.527387 0.754392 0.036396 0.156081
0 0.557838 0.835811 0.052613 0.120270
0 0.582342 0.746959 0.037477 0.088514
0 0.619279 0.744595 0.047928 0.083784
0 0.656216 0.671284 0.081441 0.180405
0 0.711532 0.655405 0.057297 0.105405
0 0.491712 0.757770 0.024144 0.202027
0 0.470811 0.761486 0.026306 0.152703
0 0.434054 0.840878 0.055135 0.119595
0 0.412613 0.775676 0.040360 0.094595
0 0.369730 0.757770 0.047568 0.091216
0 0.337477 0.675338 0.086847 0.176351
0 0.289189 0.651351 0.050811 0.098649
0 0.443063 0.523649 0.031351 0.179730
0 0.416036 0.554054 0.038559 0.104054
0 0.385586 0.546284 0.043964 0.122297
0 0.575856 0.530743 0.030270 0.185811
0 0.548288 0.731757 0.024865 0.163514
0 0.574054 0.694595 0.048288 0.124324
0 0.607568 0.657770 0.057658 0.097973
0 0.451171 0.747297 0.029550 0.177027
0 0.422883 0.711486 0.045766 0.125676
0 0.389189 0.678378 0.041081 0.074324