0 0.470991 0.563176 0.035315 0.216892
0 0.441261 0.567568 0.028468 0.198649
0 0.414595 0.550000 0.033514 0.217568
0 0.387748 0.546622 0.035315 0.202703
0 0.360180 0.537500 0.031351 0.192568
0 0.327568 0.535811 0.045405 0.167568
0 0.294955 0.494595 0.052973 0.177027
0 0.282523 0.427027 0.055495 0.095946
0 0.511351 0.564527 0.036036 0.216892
0 0.540360 0.556757 0.032072 0.195946
0 0.567748 0.531757 0.034234 0.239189
0 0.592613 0.529730 0.043604 0.216216
0 0.625405 0.532432 0.037117 0.195946
0 0.660000 0.528041 0.050090 0.183108
0 0.697117 0.495608 0.058018 0.181757
0 0.702703 0.423649 0.051171 0.078378
0 0.506306 0.766892 0.027387 0.159459
0 0.528649 0.770608 0.028829 0.170946
0 0.554414 0.773649 0.030631 0.197297
0 0.589009 0.751689 0.037838 0.192568
0 0.620541 0.740541 0.052613 0.185135
0 0.669730 0.716554 0.083964 0.168243
0 0.714775 0.678716 0.077477 0.165541
0 0.765586 0.643243 0.056577 0.109459
0 0.482883 0.771959 0.020901 0.172297
0 0.459820 0.781757 0.025225 0.183784
0 0.431712 0.785811 0.033874 0.210811
0 0.396396 0.758108 0.046847 0.185135
0 0.368288 0.750338 0.047568 0.191216
0 0.323423 0.724324 0.080360 0.178378
0 0.283243 0.670946 0.077117 0.151351
0 0.235856 0.658108 0.053694 0.109459