0 0.470090 0.520270 0.032072 0.217568
0 0.440000 0.522297 0.025225 0.197297
0 0.412432 0.412500 0.065225 0.097973
0 0.390631 0.521959 0.049009 0.150676
0 0.369189 0.481757 0.037838 0.135135
0 0.327748 0.482432 0.050811 0.206757
0 0.303243 0.432432 0.047207 0.127027
0 0.282523 0.367568 0.040360 0.093243
0 0.501982 0.521622 0.032432 0.200000
0 0.527027 0.508784 0.028468 0.227027
0 0.555135 0.456419 0.045766 0.177703
0 0.584865 0.548311 0.045405 0.137162
0 0.610270 0.494932 0.039279 0.137162
0 0.650450 0.522635 0.062703 0.177703
0 0.683784 0.451014 0.052252 0.137162
0 0.707928 0.397973 0.040000 0.077027
0 0.497117 0.745608 0.019820 0.183108
0 0.517477 0.747297 0.023063 0.183784
0 0.542162 0.757770 0.034234 0.188514
0 0.580000 0.733784 0.035676 0.197297
0 0.618739 0.735135 0.038919 0.129730
0 0.665405 0.693581 0.083964 0.192568
0 0.717658 0.652365 0.080360 0.146622
0 0.762523 0.602365 0.047568 0.102027
0 0.478378 0.749324 0.021261 0.195946
0 0.457117 0.739189 0.022703 0.182432
0 0.428649 0.750000 0.029910 0.206757
0 0.396216 0.711486 0.040000 0.164865
0 0.356937 0.707770 0.037838 0.156081
0 0.320721 0.659797 0.079279 0.177703
0 0.274595 0.627027 0.067748 0.150000
0 0.234054 0.578716 0.044324 0.092568
0 0.412072 0.536486 0.027748 0.178378
0 0.362162 0.569257 0.038919 0.069595
0 0.557477 0.571622 0.029550 0.122973
0 0.610811 0.580743 0.046847 0.083108
0 0.562523 0.688176 0.027387 0.079054
0 0.611171 0.652365 0.050450 0.065541
0 0.374955 0.626689 0.044324 0.058784