0 0.477477 0.465541 0.033153 0.244595
0 0.449550 0.482770 0.028468 0.204730
0 0.428829 0.408784 0.039640 0.185135
0 0.401261 0.432095 0.036396 0.225000
0 0.374595 0.423986 0.037117 0.185811
0 0.336216 0.491216 0.049009 0.177027
0 0.306486 0.422635 0.048649 0.134459
0 0.510270 0.468243 0.032432 0.237838
0 0.534234 0.467905 0.034234 0.193919
0 0.555856 0.393581 0.039279 0.185811
0 0.579640 0.485473 0.041441 0.129054
0 0.607568 0.456081 0.039640 0.100000
0 0.643784 0.471284 0.056577 0.185811
0 0.680541 0.406419 0.050090 0.135811
0 0.508108 0.675338 0.020901 0.154730
0 0.527207 0.674324 0.028108 0.174324
0 0.558378 0.753378 0.045045 0.172973
0 0.576577 0.668243 0.038198 0.177027
0 0.615495 0.709122 0.051892 0.095270
0 0.649189 0.651689 0.098378 0.203378
0 0.712432 0.655405 0.080721 0.140541
0 0.742523 0.568919 0.035676 0.087838
0 0.489009 0.679730 0.020901 0.162162
0 0.467027 0.682432 0.023063 0.174324
0 0.433694 0.772297 0.058018 0.186486
0 0.412252 0.694595 0.029550 0.137838
0 0.380000 0.737162 0.040721 0.106757
0 0.342883 0.673649 0.075315 0.187838
0 0.292793 0.686149 0.063063 0.138514
0 0.260360 0.614189 0.032072 0.089189
0 0.426306 0.529054 0.028829 0.109459
0 0.400360 0.550338 0.033153 0.073649
0 0.376937 0.535811 0.041081 0.108108
0 0.558378 0.525000 0.028468 0.098649
0 0.604865 0.523986 0.047928 0.106081
0 0.552072 0.641216 0.025225 0.105405
0 0.447027 0.650000 0.021982 0.110811
0 0.428468 0.627703 0.041081 0.075676
0 0.392793 0.635135 0.049730 0.098649