0 0.414908 0.809115 0.046335 0.132122
0 0.430211 0.865831 0.052739 0.130784
0 0.708182 0.683669 0.081849 0.134784
0 0.545157 0.618946 0.040641 0.112095
0 0.569714 0.773084 0.042778 0.105426
0 0.608859 0.780422 0.038505 0.136115
0 0.594978 0.601598 0.053452 0.077399
0 0.482524 0.762405 0.022137 0.172149
0 0.463663 0.763074 0.037085 0.170824
0 0.498895 0.759071 0.039218 0.154804
0 0.542310 0.715034 0.029254 0.157473
0 0.655514 0.706358 0.103200 0.201514
0 0.565086 0.627622 0.039218 0.076068
0 0.567222 0.694345 0.042061 0.129446
0 0.545868 0.868500 0.050605 0.136122
0 0.327009 0.468142 0.061283 0.146797
0 0.419535 0.422770 0.058436 0.205514
0 0.386795 0.483493 0.051319 0.153473
0 0.414196 0.531534 0.047759 0.118770
0 0.444090 0.535537 0.026407 0.105426
0 0.437685 0.626953 0.027831 0.117432
0 0.419535 0.620280 0.042775 0.112101
0 0.392133 0.612939 0.049182 0.097419
0 0.352987 0.527530 0.063416 0.188169
0 0.466865 0.549551 0.054876 0.261561
0 0.501742 0.536872 0.044912 0.254892
0 0.542310 0.418767 0.060569 0.181493
0 0.553342 0.552220 0.059859 0.082736
0 0.576476 0.478821 0.057723 0.168155
0 0.652276 0.439453 0.075514 0.177486
0 0.624872 0.500838 0.071957 0.228203
0 0.597114 0.691679 0.052029 0.126777
0 0.378254 0.781091 0.047045 0.126777
0 0.441243 0.728375 0.034948 0.096088
0 0.426652 0.706355 0.038508 0.089412
0 0.390353 0.690341 0.059856 0.132115
0 0.339108 0.723706 0.084054 0.214858
0 0.283948 0.692345 0.077654 0.130784
0 0.515622 0.797105 0.034234 0.164142