0 0.484865 0.475676 0.045045 0.282432
0 0.462523 0.487162 0.042162 0.240541
0 0.440541 0.406419 0.055856 0.199324
0 0.403063 0.409797 0.045766 0.165541
0 0.370631 0.393243 0.042162 0.139189
0 0.318559 0.438514 0.070631 0.224324
0 0.290090 0.374662 0.050450 0.126351
0 0.520000 0.477703 0.038919 0.264865
0 0.547387 0.482095 0.034595 0.231757
0 0.566667 0.386824 0.050811 0.187162
0 0.594054 0.432432 0.045045 0.135135
0 0.624324 0.414189 0.040721 0.128378
0 0.676036 0.448986 0.057658 0.231757
0 0.703784 0.387500 0.049009 0.120946
0 0.517477 0.734459 0.029550 0.206757
0 0.546306 0.728716 0.032432 0.223649
0 0.576036 0.778378 0.042883 0.187838
0 0.618919 0.747635 0.033514 0.123649
0 0.664865 0.750000 0.041081 0.095946
0 0.702162 0.666892 0.102703 0.182432
0 0.752432 0.608784 0.064144 0.128378
0 0.488108 0.734797 0.032072 0.207432
0 0.463243 0.728378 0.047207 0.227027
0 0.437477 0.778378 0.041802 0.191892
0 0.394595 0.778378 0.043964 0.143243
0 0.333694 0.748649 0.043964 0.094595
0 0.294595 0.659797 0.104865 0.211486
0 0.241261 0.607432 0.070991 0.132432
0 0.427568 0.489527 0.036396 0.214189
0 0.395135 0.519257 0.042162 0.116892
0 0.360360 0.507095 0.050450 0.145270
0 0.576937 0.515203 0.030991 0.156081
0 0.602162 0.534797 0.038198 0.103378
0 0.634054 0.526014 0.045766 0.137162
0 0.576937 0.699324 0.028829 0.162162
0 0.602703 0.684122 0.040721 0.145270
0 0.423784 0.701014 0.033153 0.172297
0 0.395135 0.669257 0.042162 0.106081
0 0.355676 0.668919 0.050450 0.089189