0 0.499279 0.497297 0.034234 0.270270
0 0.481261 0.476014 0.029189 0.126351
0 0.452432 0.404730 0.037838 0.124324
0 0.443784 0.491892 0.040721 0.109459
0 0.413153 0.468243 0.044324 0.109459
0 0.372252 0.500000 0.059099 0.185135
0 0.334955 0.443581 0.055856 0.110135
0 0.534775 0.488176 0.030270 0.289865
0 0.555495 0.488851 0.025586 0.119595
0 0.582523 0.407432 0.034955 0.125676
0 0.595495 0.493581 0.031351 0.099324
0 0.619099 0.459122 0.038198 0.093919
0 0.651171 0.495270 0.052613 0.170270
0 0.688468 0.432432 0.050090 0.109459
0 0.519099 0.721284 0.019099 0.166892
0 0.539640 0.725000 0.023423 0.174324
0 0.561081 0.829392 0.034595 0.115541
0 0.586667 0.764527 0.033153 0.069595
0 0.622703 0.757095 0.038198 0.075000
0 0.659279 0.676351 0.077477 0.179730
0 0.713874 0.652365 0.058378 0.100676
0 0.500541 0.728716 0.020901 0.176351
0 0.481261 0.734459 0.024144 0.183784
0 0.464324 0.822973 0.032072 0.113514
0 0.435135 0.766216 0.039279 0.075676
0 0.401441 0.767568 0.044685 0.077027
0 0.366486 0.693581 0.090811 0.179054
0 0.290450 0.652027 0.054054 0.102703
0 0.465405 0.545946 0.029910 0.171622
0 0.443243 0.572297 0.039640 0.097297
0 0.415495 0.551014 0.048288 0.139865
0 0.574955 0.525000 0.025586 0.205405
0 0.592613 0.554054 0.029189 0.063514
0 0.611712 0.550676 0.040721 0.127027
0 0.558919 0.716892 0.023784 0.182432
0 0.580901 0.675000 0.041802 0.122973
0 0.611892 0.677027 0.060541 0.131081
0 0.458919 0.717568 0.021982 0.160811