0 0.487027 0.478041 0.033514 0.222297
0 0.458559 0.462162 0.028468 0.228378
0 0.429189 0.461149 0.034595 0.229054
0 0.399820 0.461149 0.039279 0.208784
0 0.371351 0.458784 0.041441 0.209459
0 0.334414 0.441892 0.054775 0.210811
0 0.291892 0.426014 0.059820 0.192568
0 0.273694 0.353378 0.050090 0.095946
0 0.519099 0.478041 0.033514 0.231757
0 0.544865 0.452027 0.030991 0.254054
0 0.570450 0.448986 0.033153 0.261486
0 0.594234 0.459459 0.040360 0.206757
0 0.623423 0.457770 0.039640 0.203378
0 0.661261 0.444595 0.051892 0.216216
0 0.707568 0.428041 0.055135 0.208784
0 0.727387 0.353378 0.050811 0.097297
0 0.504685 0.684122 0.023423 0.196622
0 0.523964 0.692568 0.025225 0.204054
0 0.551712 0.706757 0.034595 0.252703
0 0.575856 0.657095 0.038198 0.212838
0 0.602883 0.659459 0.045405 0.187838
0 0.649369 0.661486 0.064144 0.200000
0 0.699640 0.635135 0.072432 0.187838
0 0.755495 0.620270 0.055856 0.112162
0 0.486847 0.689527 0.023063 0.180405
0 0.540541 0.775676 0.001441 0.002703
0 0.468649 0.703716 0.027748 0.216892
0 0.438198 0.711824 0.036036 0.249324
0 0.411712 0.683108 0.044324 0.206757
0 0.383964 0.665541 0.041441 0.189189
0 0.340180 0.670270 0.064865 0.205405
0 0.293153 0.631757 0.072432 0.182432
0 0.236396 0.622297 0.056216 0.116216