0 0.477477 0.498649 0.023063 0.190541
0 0.460901 0.485811 0.023784 0.195946
0 0.437658 0.472635 0.027027 0.220946
0 0.417838 0.480405 0.031351 0.195946
0 0.396937 0.476014 0.032072 0.188514
0 0.376216 0.458446 0.033153 0.120946
0 0.343243 0.447635 0.039279 0.185811
0 0.322162 0.398649 0.039640 0.105405
0 0.501261 0.495608 0.023784 0.199324
0 0.521261 0.488514 0.022703 0.195946
0 0.541261 0.475000 0.031712 0.227027
0 0.558378 0.490203 0.040721 0.172297
0 0.599459 0.470270 0.051532 0.191892
0 0.638378 0.467230 0.053694 0.176351
0 0.659820 0.403716 0.040360 0.114189
0 0.504505 0.688176 0.016577 0.158784
0 0.516577 0.692568 0.025586 0.164865
0 0.533153 0.707432 0.024865 0.163514
0 0.547207 0.690203 0.031351 0.181757
0 0.567928 0.688176 0.036036 0.179054
0 0.604324 0.680405 0.062703 0.189189
0 0.645586 0.647297 0.068829 0.175676
0 0.694054 0.629730 0.053333 0.094595
0 0.489369 0.696622 0.018018 0.174324
0 0.475495 0.698311 0.016937 0.175000
0 0.457117 0.702365 0.023423 0.183108
0 0.438919 0.690541 0.031712 0.177027
0 0.414414 0.693919 0.036757 0.187838
0 0.378919 0.671284 0.058739 0.183108
0 0.345045 0.639865 0.062342 0.174324
0 0.301622 0.619595 0.049730 0.102703