0 0.469369 0.513514 0.040000 0.148649
0 0.442883 0.541892 0.029550 0.095946
0 0.423423 0.454730 0.033874 0.101351
0 0.405766 0.517568 0.036036 0.079730
0 0.384505 0.481081 0.037477 0.081081
0 0.342883 0.519257 0.055856 0.145270
0 0.317297 0.433446 0.045045 0.084459
0 0.508829 0.508108 0.033153 0.154054
0 0.529009 0.537838 0.031712 0.102703
0 0.547928 0.467230 0.038559 0.116892
0 0.567568 0.531757 0.042523 0.085135
0 0.587387 0.497635 0.040360 0.079054
0 0.625225 0.500338 0.063423 0.150676
0 0.659279 0.438851 0.051532 0.096622
0 0.499279 0.765878 0.022703 0.165541
0 0.514054 0.800338 0.032072 0.112838
0 0.534414 0.846959 0.038198 0.093919
0 0.560901 0.790203 0.038559 0.069595
0 0.601441 0.773649 0.041081 0.058108
0 0.647027 0.716892 0.073874 0.163514
0 0.699459 0.661486 0.037477 0.071622
0 0.480541 0.762838 0.019820 0.182432
0 0.460000 0.785135 0.024144 0.109459
0 0.434054 0.845946 0.034955 0.094595
0 0.411892 0.788176 0.033874 0.070946
0 0.376396 0.774662 0.034955 0.060135
0 0.334414 0.706081 0.069189 0.163514
0 0.285946 0.656757 0.031351 0.064865
0 0.474054 0.637838 0.036396 0.108108
0 0.446486 0.592905 0.019459 0.111486
0 0.420541 0.572973 0.026667 0.166216
0 0.399459 0.595608 0.029189 0.099324
0 0.359099 0.621959 0.001081 0.002027
0 0.374414 0.561486 0.040360 0.117568
0 0.500901 0.637838 0.029550 0.116216
0 0.523964 0.600676 0.019459 0.093243
0 0.549369 0.573311 0.027027 0.153378
0 0.571351 0.596284 0.036396 0.108784
0 0.596937 0.584459 0.045045 0.106757
0 0.511712 0.734797 0.017297 0.102027
0 0.527568 0.742230 0.021622 0.129054
0 0.554414 0.697297 0.038559 0.105405
0 0.592613 0.705405 0.071712 0.136486
0 0.463243 0.726689 0.014775 0.099324
0 0.445586 0.738514 0.021982 0.132432
0 0.417477 0.712162 0.037117 0.086486
0 0.384685 0.707095 0.055856 0.134459