0 0.485225 0.477027 0.032793 0.240541
0 0.461081 0.464527 0.024144 0.247973
0 0.432793 0.448311 0.033874 0.270946
0 0.415315 0.479730 0.044324 0.208108
0 0.384685 0.457770 0.033514 0.238514
0 0.347748 0.446622 0.056937 0.224324
0 0.312252 0.423311 0.062342 0.189865
0 0.518198 0.474324 0.032432 0.251351
0 0.542703 0.463176 0.023784 0.242568
0 0.569009 0.426014 0.033153 0.280405
0 0.589189 0.474662 0.039640 0.212838
0 0.615315 0.464527 0.037838 0.215541
0 0.652793 0.453041 0.052973 0.216892
0 0.692072 0.437500 0.055856 0.202027
0 0.715856 0.374324 0.050811 0.085135
0 0.508829 0.714865 0.023063 0.183784
0 0.529910 0.723649 0.026306 0.208108
0 0.551892 0.731419 0.030631 0.247973
0 0.576036 0.714189 0.037117 0.218919
0 0.605045 0.703378 0.040360 0.201351
0 0.654414 0.684797 0.077117 0.199324
0 0.705946 0.637162 0.077117 0.185135
0 0.751892 0.615203 0.051532 0.104730
0 0.490090 0.725338 0.021622 0.202027
0 0.467928 0.725000 0.025586 0.202703
0 0.443964 0.736824 0.031712 0.233108
0 0.418198 0.721959 0.039279 0.212838
0 0.390450 0.708446 0.037838 0.192568
0 0.345045 0.684797 0.083243 0.199324
0 0.296036 0.647973 0.078919 0.181081
0 0.250631 0.619595 0.051532 0.102703