0 0.479279 0.547297 0.038919 0.174324
0 0.449550 0.540541 0.032793 0.166216
0 0.416216 0.427027 0.047568 0.150000
0 0.396036 0.488851 0.045405 0.142568
0 0.358919 0.491554 0.038198 0.122297
0 0.315315 0.513514 0.057658 0.204054
0 0.284505 0.458784 0.053694 0.120270
0 0.514775 0.529054 0.036396 0.204054
0 0.543964 0.506757 0.029910 0.228378
0 0.571532 0.420608 0.043964 0.162838
0 0.590991 0.489189 0.048288 0.160811
0 0.624144 0.512838 0.043964 0.186486
0 0.665586 0.502703 0.060541 0.195946
0 0.698739 0.450000 0.057658 0.132432
0 0.512432 0.718243 0.023063 0.145946
0 0.537838 0.725000 0.028468 0.158108
0 0.556757 0.825676 0.043964 0.152703
0 0.593874 0.761149 0.037477 0.135811
0 0.634595 0.766892 0.037477 0.110811
0 0.676757 0.700338 0.087207 0.204730
0 0.732252 0.686824 0.058378 0.114189
0 0.489009 0.716892 0.023784 0.135135
0 0.461802 0.728716 0.026306 0.156081
0 0.440721 0.820946 0.043243 0.160811
0 0.408649 0.732432 0.035315 0.152703
0 0.357658 0.782432 0.036396 0.113514
0 0.319279 0.723649 0.078559 0.197297
0 0.265946 0.705405 0.056937 0.117568
0 0.421982 0.562162 0.033153 0.133784
0 0.393333 0.581757 0.040000 0.105405
0 0.360360 0.572635 0.045405 0.108784
0 0.568288 0.535811 0.033153 0.186486
0 0.593153 0.574324 0.038198 0.087838
0 0.560000 0.704054 0.030991 0.128378
0 0.588649 0.683446 0.042883 0.088514
0 0.626486 0.696622 0.068829 0.160811
0 0.434775 0.710473 0.030631 0.099324
0 0.366847 0.722973 0.069910 0.167568