0 0.467928 0.437162 0.046486 0.133784
0 0.439459 0.450676 0.042162 0.124324
0 0.410631 0.387162 0.040721 0.114865
0 0.403423 0.464865 0.042883 0.101351
0 0.373874 0.466892 0.030631 0.089189
0 0.341622 0.498986 0.056216 0.146622
0 0.299099 0.458446 0.050450 0.075000
0 0.512432 0.433108 0.038198 0.136486
0 0.541802 0.446622 0.037117 0.118919
0 0.568829 0.384459 0.040721 0.113514
0 0.578919 0.459797 0.044324 0.102027
0 0.608649 0.459459 0.046847 0.093243
0 0.646126 0.470946 0.056216 0.154054
0 0.687207 0.438514 0.052613 0.093243
0 0.503964 0.735135 0.019820 0.170270
0 0.523423 0.730405 0.021982 0.132432
0 0.543964 0.769932 0.030631 0.108784
0 0.564505 0.733108 0.030631 0.082432
0 0.608829 0.735135 0.035676 0.071622
0 0.647928 0.691892 0.072793 0.172973
0 0.702342 0.685473 0.050450 0.089865
0 0.486486 0.701351 0.020901 0.195946
0 0.465946 0.732432 0.025225 0.112162
0 0.447027 0.789865 0.037838 0.097297
0 0.425586 0.733784 0.032432 0.082432
0 0.383243 0.739189 0.036396 0.062162
0 0.345405 0.695946 0.066667 0.164865
0 0.290090 0.695946 0.048288 0.089189
0 0.480541 0.512838 0.024865 0.085135
0 0.457297 0.497635 0.023063 0.118243
0 0.428649 0.492905 0.034955 0.166892
0 0.403604 0.532095 0.038919 0.102027
0 0.378559 0.538851 0.037838 0.111486
0 0.505405 0.497297 0.019820 0.109459
0 0.527748 0.495608 0.018378 0.125000
0 0.554054 0.494257 0.029189 0.161486
0 0.576937 0.529054 0.036757 0.105405
0 0.604865 0.528716 0.045766 0.115541
0 0.504144 0.654730 0.012252 0.110811
0 0.518919 0.660135 0.016577 0.131081
0 0.537297 0.673311 0.020901 0.161486
0 0.565225 0.660473 0.038559 0.114189
0 0.601261 0.675676 0.060180 0.135135
0 0.467748 0.661824 0.016577 0.123649
0 0.449550 0.685135 0.023423 0.162162
0 0.424505 0.663176 0.035315 0.106081
0 0.388468 0.684797 0.059099 0.143919