0 0.486306 0.507095 0.038559 0.218243
0 0.459640 0.483784 0.031351 0.222973
0 0.427568 0.460811 0.037838 0.258108
0 0.404685 0.478041 0.046126 0.196622
0 0.370811 0.478716 0.037477 0.172297
0 0.330811 0.470946 0.050450 0.170270
0 0.288288 0.445946 0.051892 0.174324
0 0.267568 0.360811 0.049369 0.121622
0 0.523063 0.511149 0.035676 0.218243
0 0.550991 0.495270 0.029550 0.216216
0 0.581802 0.470270 0.040000 0.262162
0 0.604865 0.468581 0.043604 0.235811
0 0.635495 0.465541 0.042162 0.181081
0 0.679459 0.484122 0.050811 0.177703
0 0.721802 0.461486 0.053333 0.175676
0 0.741622 0.377365 0.046126 0.118243
0 0.515676 0.718919 0.023063 0.171622
0 0.535856 0.719595 0.028108 0.185135
0 0.559640 0.728716 0.036036 0.223649
0 0.585946 0.712838 0.036757 0.186486
0 0.619459 0.710811 0.038919 0.174324
0 0.663604 0.702703 0.073874 0.201351
0 0.714234 0.660811 0.071351 0.160811
0 0.763964 0.651351 0.056937 0.116216
0 0.494955 0.718243 0.022703 0.170270
0 0.472252 0.719595 0.025586 0.183784
0 0.443423 0.723311 0.040000 0.219595
0 0.418018 0.714189 0.035315 0.197297
0 0.387207 0.696959 0.040000 0.177703
0 0.341802 0.690878 0.068829 0.195270
0 0.296216 0.651351 0.068468 0.166216
0 0.250090 0.640878 0.051171 0.103378