0 0.489369 0.430405 0.031712 0.256757
0 0.462883 0.438851 0.027748 0.210135
0 0.432432 0.419932 0.035315 0.252027
0 0.404505 0.425676 0.040000 0.224324
0 0.376036 0.425338 0.040721 0.203378
0 0.338919 0.413514 0.052252 0.190541
0 0.303423 0.396284 0.063423 0.180405
0 0.280000 0.323986 0.054775 0.137162
0 0.522883 0.444932 0.032432 0.229054
0 0.551712 0.435811 0.024505 0.228378
0 0.579640 0.421622 0.032793 0.260811
0 0.608108 0.441554 0.038559 0.204730
0 0.635856 0.439865 0.036396 0.202703
0 0.669730 0.417230 0.047928 0.227703
0 0.698198 0.398986 0.073874 0.202027
0 0.723784 0.338514 0.052973 0.112162
0 0.500180 0.668243 0.020901 0.193243
0 0.522703 0.663851 0.026306 0.180405
0 0.548468 0.676351 0.027387 0.216216
0 0.576577 0.663514 0.034595 0.202703
0 0.604685 0.656081 0.041081 0.209459
0 0.649009 0.639527 0.077838 0.214189
0 0.701622 0.604730 0.086486 0.197297
0 0.752072 0.551014 0.083604 0.131757
0 0.479459 0.657095 0.021982 0.173649
0 0.457477 0.656419 0.024865 0.173649
0 0.428649 0.666892 0.034234 0.212162
0 0.404685 0.658784 0.034595 0.218919
0 0.376577 0.644257 0.038198 0.211486
0 0.333514 0.619932 0.076036 0.207432
0 0.283784 0.590203 0.081081 0.204730