0 0.463243 0.544595 0.041441 0.233784
0 0.429189 0.543243 0.029550 0.222973
0 0.400721 0.469932 0.040360 0.176351
0 0.374955 0.558784 0.035676 0.150000
0 0.352432 0.482432 0.041081 0.137838
0 0.304685 0.502027 0.060901 0.190541
0 0.286486 0.435473 0.056937 0.104730
0 0.502523 0.544932 0.040000 0.230405
0 0.536937 0.521959 0.053333 0.239865
0 0.565766 0.443581 0.046126 0.164189
0 0.580541 0.551351 0.045405 0.158108
0 0.618739 0.533446 0.043964 0.162838
0 0.662342 0.500000 0.063423 0.209459
0 0.685586 0.442230 0.056577 0.110135
0 0.498559 0.775676 0.029189 0.200000
0 0.522162 0.775338 0.037477 0.208784
0 0.547928 0.845270 0.040721 0.163514
0 0.585405 0.787162 0.037838 0.131081
0 0.629189 0.804392 0.045405 0.120946
0 0.674414 0.713851 0.083964 0.193919
0 0.729189 0.686486 0.058018 0.105405
0 0.475135 0.777027 0.028468 0.204054
0 0.448829 0.773649 0.029910 0.195946
0 0.417117 0.837838 0.042162 0.162162
0 0.389730 0.772297 0.038559 0.139189
0 0.354955 0.767568 0.049009 0.125676
0 0.301982 0.704054 0.077838 0.186486
0 0.248829 0.684459 0.054414 0.108108
0 0.402883 0.587500 0.027387 0.102027
0 0.342703 0.566892 0.046847 0.100000
0 0.554054 0.733784 0.028468 0.122973
0 0.583063 0.716892 0.041802 0.086486
0 0.622703 0.732770 0.062703 0.137162
0 0.422703 0.733784 0.024505 0.114865
0 0.351351 0.690878 0.057658 0.106081