0 0.482883 0.495946 0.026667 0.220270
0 0.462883 0.485811 0.029910 0.202703
0 0.441982 0.385473 0.034955 0.233108
0 0.414955 0.428716 0.034955 0.179054
0 0.389730 0.427703 0.037838 0.159459
0 0.351351 0.476689 0.051892 0.172297
0 0.324144 0.410811 0.046486 0.128378
0 0.299099 0.340878 0.043243 0.076351
0 0.511351 0.495608 0.027387 0.226351
0 0.531532 0.494257 0.031712 0.192568
0 0.548288 0.389865 0.034955 0.216216
0 0.577297 0.430068 0.035315 0.173649
0 0.605045 0.409459 0.041081 0.175676
0 0.644865 0.459459 0.050811 0.189189
0 0.667748 0.398311 0.051171 0.120946
0 0.505766 0.703716 0.018378 0.176351
0 0.522883 0.717568 0.022342 0.190541
0 0.545045 0.770270 0.027748 0.214865
0 0.576937 0.747297 0.036036 0.147297
0 0.609550 0.739527 0.043604 0.130405
0 0.646306 0.665878 0.088288 0.183108
0 0.694955 0.649324 0.068829 0.135135
0 0.719820 0.556419 0.028468 0.066892
0 0.486306 0.710811 0.017658 0.185135
0 0.469550 0.720608 0.023784 0.200676
0 0.445405 0.766892 0.028108 0.227027
0 0.415676 0.748649 0.028468 0.171622
0 0.384324 0.735473 0.051532 0.152027
0 0.344685 0.673311 0.096216 0.189865
0 0.297477 0.667230 0.068108 0.137162
0 0.438919 0.537838 0.028108 0.091892
0 0.416396 0.543243 0.031351 0.075676
0 0.387748 0.534122 0.041081 0.081757
0 0.558739 0.535473 0.025586 0.093919
0 0.580180 0.535473 0.027387 0.087162
0 0.608468 0.521959 0.040000 0.096622
0 0.547387 0.653716 0.022342 0.056081
0 0.564144 0.645608 0.030631 0.069595
0 0.595315 0.649324 0.054054 0.101351
0 0.429369 0.644595 0.028468 0.055405
0 0.404865 0.639189 0.046486 0.087838