0 0.478919 0.473649 0.030270 0.262162
0 0.455315 0.477703 0.026306 0.217568
0 0.429009 0.448311 0.030631 0.284459
0 0.408829 0.474324 0.037838 0.209459
0 0.385045 0.480068 0.032072 0.176351
0 0.355315 0.469257 0.037477 0.107432
0 0.319820 0.459122 0.040721 0.177703
0 0.292973 0.401014 0.046126 0.122297
0 0.508108 0.478716 0.030270 0.250676
0 0.532252 0.480743 0.021622 0.211486
0 0.559099 0.458784 0.030631 0.248649
0 0.576757 0.458784 0.040000 0.237838
0 0.600901 0.468581 0.039279 0.210135
0 0.639099 0.488514 0.058739 0.202703
0 0.678378 0.497635 0.047207 0.176351
0 0.702162 0.404054 0.044324 0.135135
0 0.504505 0.685135 0.023063 0.170270
0 0.529189 0.697973 0.027027 0.189189
0 0.554775 0.717905 0.048649 0.238514
0 0.590090 0.705405 0.035676 0.191892
0 0.619279 0.712838 0.039279 0.201351
0 0.656036 0.681419 0.052252 0.123649
0 0.705045 0.678041 0.070270 0.164189
0 0.765225 0.661486 0.069550 0.151351
0 0.478559 0.682095 0.023063 0.168243
0 0.453874 0.690878 0.025586 0.184459
0 0.423964 0.715541 0.029910 0.247297
0 0.390270 0.697297 0.036036 0.209459
0 0.351171 0.703716 0.037838 0.187162
0 0.301441 0.676351 0.070270 0.167568
0 0.242162 0.657770 0.070631 0.153378