0 0.482523 0.465541 0.031712 0.239189
0 0.455676 0.455405 0.027748 0.224324
0 0.427027 0.439865 0.036036 0.245946
0 0.395856 0.452365 0.037117 0.197973
0 0.381441 0.381081 0.040000 0.144595
0 0.328829 0.429392 0.053694 0.196622
0 0.298559 0.366216 0.058018 0.144595
0 0.271712 0.317905 0.040360 0.041216
0 0.514414 0.473311 0.030631 0.239865
0 0.542523 0.456419 0.024865 0.233108
0 0.569009 0.443919 0.034595 0.259459
0 0.592432 0.455405 0.040360 0.206757
0 0.611892 0.400338 0.048288 0.126351
0 0.665586 0.429054 0.054054 0.212162
0 0.695315 0.367230 0.060180 0.137162
0 0.504865 0.669257 0.020180 0.153378
0 0.522883 0.675000 0.028108 0.164865
0 0.545586 0.688176 0.033874 0.216892
0 0.572973 0.683446 0.036757 0.187162
0 0.620180 0.736824 0.045405 0.170946
0 0.660901 0.654054 0.092973 0.214865
0 0.725586 0.641892 0.081802 0.155405
0 0.751892 0.572297 0.024865 0.072973
0 0.486126 0.678716 0.020180 0.180405
0 0.464685 0.667230 0.021982 0.173649
0 0.441081 0.680068 0.033874 0.234459
0 0.415495 0.669595 0.036757 0.209459
0 0.371171 0.710811 0.054775 0.174324
0 0.323964 0.647297 0.082883 0.218919
0 0.262523 0.647973 0.076757 0.156757
0 0.228468 0.564527 0.041802 0.087162
0 0.369369 0.495270 0.046126 0.089189
0 0.624505 0.508108 0.043964 0.087838
0 0.603243 0.627703 0.059820 0.122973
0 0.380180 0.597297 0.051892 0.083784