0 0.476577 0.520608 0.037838 0.192568
0 0.447027 0.484122 0.034234 0.142568
0 0.421982 0.411149 0.038198 0.116892
0 0.403063 0.477027 0.034955 0.105405
0 0.369369 0.475000 0.037477 0.086486
0 0.331892 0.479392 0.061982 0.164189
0 0.303243 0.431081 0.050811 0.090541
0 0.517477 0.494932 0.038919 0.184459
0 0.549730 0.468919 0.034955 0.160811
0 0.574414 0.406757 0.038919 0.114865
0 0.589910 0.488514 0.039640 0.100000
0 0.620541 0.472297 0.040360 0.089189
0 0.659459 0.492568 0.057658 0.159459
0 0.688829 0.431081 0.052252 0.100000
0 0.510991 0.723311 0.026667 0.177703
0 0.532793 0.764865 0.032072 0.160811
0 0.556577 0.827365 0.036396 0.115541
0 0.584144 0.766554 0.030270 0.081757
0 0.622523 0.771959 0.037838 0.077703
0 0.668108 0.697635 0.067027 0.168243
0 0.719099 0.671959 0.050811 0.093919
0 0.489910 0.722973 0.022703 0.178378
0 0.466667 0.756081 0.027387 0.170270
0 0.438198 0.823311 0.038919 0.118243
0 0.411532 0.764865 0.033874 0.077027
0 0.370631 0.767568 0.036396 0.075676
0 0.447928 0.562838 0.015856 0.047297
0 0.426667 0.535135 0.030991 0.148649
0 0.394414 0.549324 0.038559 0.081081
0 0.360541 0.558446 0.042162 0.107432
0 0.543964 0.556757 0.019099 0.066216
0 0.569009 0.548986 0.028829 0.115541
0 0.597658 0.561824 0.032072 0.093919
0 0.628468 0.536824 0.043964 0.137162
0 0.536937 0.658784 0.018739 0.062162
0 0.558919 0.706757 0.025946 0.160811
0 0.586126 0.688176 0.033514 0.091216
0 0.620000 0.693581 0.052252 0.150676
0 0.443964 0.701689 0.024505 0.141216
0 0.416396 0.684122 0.037838 0.096622
0 0.377658 0.690878 0.056216 0.141216
0 0.330090 0.684797 0.070631 0.166892
0 0.279640 0.665878 0.049009 0.092568