0 0.483063 0.397635 0.032793 0.200676
0 0.454054 0.375000 0.029550 0.179730
0 0.423063 0.359797 0.033874 0.200676
0 0.398919 0.349324 0.038198 0.193243
0 0.363063 0.371284 0.053694 0.152027
0 0.325405 0.370270 0.051892 0.181081
0 0.279459 0.372635 0.044324 0.158784
0 0.258198 0.292905 0.034955 0.068243
0 0.519459 0.403378 0.034234 0.186486
0 0.550811 0.381419 0.028468 0.184459
0 0.578018 0.377365 0.029550 0.188514
0 0.603964 0.377703 0.036036 0.208108
0 0.632432 0.383108 0.038919 0.172973
0 0.746667 0.364865 0.001441 0.002703
0 0.670811 0.380405 0.045766 0.202703
0 0.710631 0.374324 0.041081 0.183784
0 0.726126 0.296284 0.032432 0.097973
0 0.519820 0.584797 0.027748 0.152027
0 0.545766 0.583446 0.027027 0.152027
0 0.574054 0.631081 0.028108 0.233784
0 0.602703 0.615541 0.030631 0.193243
0 0.638559 0.618243 0.041081 0.187838
0 0.682703 0.622297 0.064505 0.216216
0 0.725045 0.587838 0.067748 0.205405
0 0.762342 0.543243 0.055135 0.113514
0 0.482162 0.586149 0.025946 0.137162
0 0.454414 0.587838 0.028829 0.141892
0 0.424865 0.604392 0.033153 0.175000
0 0.389910 0.634122 0.046847 0.223649
0 0.360541 0.610811 0.046486 0.174324
0 0.312793 0.596622 0.069189 0.189189
0 0.264865 0.562838 0.075676 0.166216
0 0.224865 0.543919 0.051892 0.109459