0 0.478919 0.505068 0.031712 0.238514
0 0.460360 0.499662 0.039279 0.206081
0 0.434595 0.447973 0.045405 0.248649
0 0.415315 0.488514 0.043604 0.205405
0 0.385045 0.484459 0.040000 0.193243
0 0.350631 0.476014 0.051171 0.168243
0 0.312793 0.381757 0.002162 0.005405
0 0.314054 0.375000 0.002523 0.005405
0 0.309369 0.446959 0.060901 0.173649
0 0.294234 0.368581 0.055135 0.111486
0 0.511532 0.490203 0.031351 0.270946
0 0.535315 0.490878 0.030631 0.222297
0 0.561261 0.468581 0.040000 0.247973
0 0.584685 0.478378 0.047207 0.210811
0 0.612613 0.471959 0.046847 0.197973
0 0.646847 0.447973 0.059099 0.202703
0 0.682703 0.425338 0.068829 0.180405
0 0.698739 0.352027 0.054775 0.105405
0 0.513514 0.715203 0.020180 0.154730
0 0.528649 0.710473 0.025946 0.176351
0 0.553694 0.716892 0.029189 0.204054
0 0.574414 0.702365 0.038198 0.212838
0 0.601802 0.675000 0.054775 0.194595
0 0.643964 0.643919 0.069910 0.174324
0 0.689009 0.595270 0.064865 0.156757
0 0.736757 0.564527 0.053694 0.102027
0 0.493153 0.720946 0.019820 0.171622
0 0.473153 0.729054 0.025946 0.197297
0 0.436036 0.818243 0.001441 0.002703
0 0.449730 0.721959 0.033874 0.185811
0 0.428468 0.698311 0.037477 0.180405
0 0.400901 0.688176 0.055135 0.191216
0 0.360000 0.654392 0.075676 0.176351
0 0.313153 0.615541 0.072072 0.163514
0 0.263964 0.594257 0.050090 0.100676