0 0.483604 0.529054 0.033874 0.282432
0 0.459640 0.527027 0.044324 0.229730
0 0.444324 0.471959 0.036757 0.116892
0 0.428288 0.526689 0.040000 0.111486
0 0.405766 0.492905 0.043243 0.107432
0 0.359099 0.518919 0.062342 0.194595
0 0.340180 0.452027 0.059820 0.113514
0 0.521802 0.513851 0.036036 0.253378
0 0.543423 0.507432 0.033153 0.227027
0 0.560360 0.452365 0.038198 0.107432
0 0.574955 0.510135 0.040000 0.118919
0 0.601081 0.483784 0.044685 0.116216
0 0.644685 0.505405 0.056216 0.202703
0 0.670450 0.447973 0.058018 0.110811
0 0.510811 0.765878 0.021261 0.175000
0 0.532252 0.767230 0.023063 0.166892
0 0.556036 0.834459 0.040360 0.109459
0 0.581802 0.779054 0.034955 0.101351
0 0.625045 0.774662 0.042883 0.084459
0 0.657658 0.699324 0.071351 0.187838
0 0.712432 0.697297 0.058378 0.110811
0 0.750991 0.614189 0.031712 0.090541
0 0.491351 0.760811 0.021261 0.175676
0 0.470270 0.768581 0.025946 0.169595
0 0.444324 0.835811 0.040360 0.100000
0 0.417297 0.776351 0.037477 0.085135
0 0.374414 0.778716 0.041081 0.079054
0 0.336937 0.707095 0.077838 0.187162
0 0.283063 0.687500 0.054414 0.114189
0 0.421982 0.605743 0.032432 0.091216
0 0.394054 0.578716 0.047928 0.115541
0 0.579820 0.591554 0.032432 0.093919
0 0.606486 0.565878 0.044685 0.120946
0 0.552973 0.732770 0.022703 0.131757
0 0.579640 0.700338 0.040000 0.081757
0 0.613333 0.695608 0.059099 0.123649
0 0.448649 0.741892 0.025946 0.148649
0 0.420360 0.703716 0.040721 0.099324
0 0.385946 0.707095 0.066306 0.134459