0 0.485225 0.476014 0.029189 0.220946
0 0.463243 0.482770 0.026306 0.230405
0 0.430090 0.400000 0.038559 0.200000
0 0.420541 0.548986 0.040360 0.147973
0 0.397838 0.461486 0.040360 0.162162
0 0.359820 0.519595 0.051532 0.187838
0 0.321622 0.478716 0.050090 0.122297
0 0.285045 0.443581 0.051892 0.077703
0 0.512973 0.473649 0.029189 0.236486
0 0.532252 0.479730 0.027387 0.248649
0 0.562523 0.398311 0.051892 0.169595
0 0.580541 0.463851 0.058378 0.202027
0 0.607027 0.469932 0.051532 0.164189
0 0.639640 0.521284 0.053333 0.211486
0 0.677838 0.476014 0.054054 0.133108
0 0.718739 0.433446 0.047928 0.097973
0 0.507207 0.683784 0.021261 0.186486
0 0.525946 0.695946 0.023423 0.206757
0 0.549910 0.744932 0.038198 0.277703
0 0.577658 0.703378 0.035315 0.193243
0 0.606306 0.703378 0.041441 0.182432
0 0.653694 0.708446 0.073514 0.214189
0 0.705766 0.709122 0.062342 0.150676
0 0.752252 0.670608 0.052973 0.107432
0 0.486667 0.677703 0.019820 0.195946
0 0.465045 0.666892 0.023423 0.194595
0 0.445586 0.771284 0.029910 0.203378
0 0.418198 0.715203 0.033514 0.160135
0 0.381622 0.745946 0.036757 0.136486
0 0.338739 0.698311 0.081441 0.204730
0 0.291532 0.707095 0.057658 0.143919
0 0.246306 0.651014 0.045045 0.107432
0 0.442342 0.539527 0.029189 0.133108
0 0.394054 0.558784 0.047207 0.113514
0 0.554414 0.533446 0.034234 0.158784
0 0.603784 0.568581 0.049369 0.111486
0 0.442703 0.635473 0.023423 0.129054
0 0.388108 0.656419 0.056216 0.112838