0 0.477658 0.484459 0.032793 0.289189
0 0.444685 0.485811 0.032432 0.240541
0 0.420000 0.409122 0.038559 0.279054
0 0.389550 0.487838 0.042523 0.217568
0 0.358018 0.474662 0.040000 0.226351
0 0.322883 0.487838 0.051892 0.159459
0 0.283423 0.410811 0.052973 0.171622
0 0.266486 0.351351 0.060901 0.089189
0 0.508829 0.485811 0.035315 0.278378
0 0.540000 0.494932 0.030631 0.220946
0 0.566667 0.416892 0.036396 0.282432
0 0.597297 0.488851 0.048649 0.208784
0 0.627568 0.477365 0.047928 0.207432
0 0.666667 0.449662 0.057658 0.223649
0 0.706847 0.427365 0.056577 0.150676
0 0.729369 0.353716 0.056937 0.088514
0 0.501261 0.734797 0.027387 0.203378
0 0.522342 0.740878 0.028468 0.214189
0 0.548829 0.761486 0.033874 0.258108
0 0.581622 0.736486 0.038198 0.208108
0 0.620360 0.710811 0.057297 0.204054
0 0.664505 0.670608 0.091532 0.192568
0 0.716577 0.652027 0.082523 0.175676
0 0.754234 0.593581 0.046847 0.108784
0 0.481982 0.750676 0.019820 0.232432
0 0.461622 0.761149 0.023784 0.253378
0 0.434054 0.771622 0.030631 0.270270
0 0.402342 0.750338 0.033514 0.233108
0 0.373694 0.702703 0.045405 0.181081
0 0.328288 0.679054 0.092973 0.201351
0 0.277838 0.641892 0.076396 0.170270
0 0.241982 0.599324 0.043604 0.097297