0 0.479279 0.518581 0.029550 0.176351
0 0.451171 0.520608 0.025225 0.146622
0 0.424144 0.434459 0.038919 0.127027
0 0.405225 0.538514 0.036396 0.118919
0 0.381261 0.514865 0.032432 0.140541
0 0.344505 0.515541 0.049009 0.160811
0 0.322883 0.432432 0.017297 0.020270
0 0.314414 0.455068 0.047928 0.102027
0 0.290090 0.390878 0.046126 0.076351
0 0.512072 0.516892 0.028829 0.166216
0 0.540360 0.518243 0.023423 0.155405
0 0.563964 0.450000 0.038919 0.122973
0 0.580721 0.512838 0.038559 0.156757
0 0.605045 0.497973 0.039640 0.143243
0 0.643243 0.490878 0.046126 0.164189
0 0.672072 0.429054 0.053333 0.120270
0 0.697658 0.370270 0.049730 0.085135
0 0.498739 0.731757 0.022342 0.187838
0 0.520901 0.727027 0.022703 0.168919
0 0.544505 0.730068 0.030270 0.153378
0 0.567207 0.717905 0.032432 0.127703
0 0.614595 0.718243 0.044324 0.094595
0 0.640541 0.675000 0.076757 0.156757
0 0.689550 0.647973 0.050811 0.110811
0 0.479820 0.731757 0.024865 0.191892
0 0.458018 0.734459 0.027387 0.175676
0 0.438559 0.752365 0.027387 0.158784
0 0.408288 0.753378 0.031712 0.116216
0 0.369189 0.761824 0.034955 0.100676
0 0.332973 0.703716 0.069910 0.160135
0 0.291351 0.685811 0.052973 0.108108
0 0.431712 0.541554 0.028829 0.146622
0 0.558198 0.539865 0.026667 0.141892
0 0.590450 0.662162 0.050811 0.082432
0 0.413514 0.691216 0.038559 0.066216
0 0.379459 0.710135 0.055495 0.147297