0 0.494054 0.458446 0.035315 0.214189
0 0.463243 0.447973 0.029910 0.221622
0 0.433153 0.456419 0.033874 0.233108
0 0.410991 0.459459 0.040000 0.222973
0 0.385045 0.469932 0.037117 0.188514
0 0.349550 0.447973 0.053333 0.181081
0 0.304685 0.426689 0.053694 0.179054
0 0.287387 0.346622 0.046486 0.118919
0 0.524324 0.448649 0.030991 0.225676
0 0.545405 0.450000 0.039279 0.208108
0 0.577297 0.411149 0.030991 0.261486
0 0.603423 0.433108 0.039279 0.216216
0 0.632973 0.431757 0.041441 0.197297
0 0.672072 0.425676 0.050450 0.163514
0 0.697838 0.340203 0.049369 0.127703
0 0.528288 0.657095 0.028108 0.181757
0 0.546667 0.654730 0.025946 0.172973
0 0.578919 0.646284 0.034955 0.168243
0 0.608649 0.654054 0.030270 0.185135
0 0.642523 0.650000 0.047568 0.179730
0 0.683604 0.611149 0.077838 0.177703
0 0.720721 0.563176 0.068468 0.156081
0 0.770090 0.545270 0.059099 0.110811
0 0.502523 0.653378 0.023423 0.172973
0 0.477117 0.649324 0.026667 0.166216
0 0.431351 0.651351 0.063423 0.179730
0 0.381982 0.642230 0.041081 0.172297
0 0.340180 0.621622 0.071351 0.182432
0 0.293514 0.575676 0.070991 0.158108
0 0.240360 0.557095 0.064865 0.111486