0 0.672595 0.667520 0.095373 0.212189
0 0.667258 0.395878 0.073312 0.146932
0 0.486119 0.701551 0.027049 0.242885
0 0.374732 0.472615 0.060497 0.220324
0 0.310319 0.391878 0.054094 0.157608
0 0.632739 0.459270 0.083986 0.206986
0 0.604625 0.446595 0.061921 0.227000
0 0.576867 0.461274 0.053380 0.256358
0 0.553733 0.455267 0.049823 0.263034
0 0.519571 0.443926 0.042703 0.232338
0 0.475443 0.449929 0.042706 0.239007
0 0.448041 0.440588 0.044840 0.265703
0 0.416368 0.431912 0.062631 0.307068
0 0.392168 0.455936 0.045553 0.235007
0 0.723840 0.649507 0.082562 0.157473
0 0.519214 0.681534 0.017795 0.205514
0 0.532382 0.682868 0.022775 0.192169
0 0.551600 0.700220 0.022775 0.248223
0 0.574375 0.681537 0.037009 0.186831
0 0.628467 0.675527 0.076868 0.206851
0 0.462631 0.706889 0.027049 0.269574
0 0.330604 0.455932 0.053380 0.216324
0 0.498930 0.459939 0.041283 0.232338
0 0.445550 0.698885 0.034162 0.210851
0 0.420638 0.712230 0.038436 0.245554
0 0.381492 0.696882 0.064058 0.217520
0 0.337009 0.682203 0.080425 0.217527
0 0.286829 0.644169 0.072598 0.146797
0 0.501777 0.685537 0.021355 0.213520