0 0.472072 0.516892 0.043964 0.200000
0 0.438559 0.459797 0.043243 0.135811
0 0.418198 0.405068 0.037838 0.134459
0 0.391532 0.481081 0.034234 0.117568
0 0.366126 0.461824 0.043243 0.097973
0 0.324144 0.472973 0.052973 0.189189
0 0.302162 0.392230 0.055135 0.110135
0 0.522523 0.495270 0.055495 0.181081
0 0.551892 0.455743 0.044324 0.145270
0 0.577297 0.391216 0.038919 0.144595
0 0.597477 0.480068 0.038198 0.123649
0 0.625946 0.453378 0.051171 0.118919
0 0.667748 0.476351 0.060541 0.186486
0 0.699459 0.396622 0.056216 0.114865
0 0.512793 0.732770 0.027387 0.146622
0 0.533874 0.723649 0.035676 0.160811
0 0.553694 0.830068 0.040000 0.130405
0 0.583243 0.770608 0.037117 0.110135
0 0.626126 0.754054 0.040000 0.085135
0 0.670991 0.667905 0.087207 0.191216
0 0.729009 0.659122 0.064144 0.111486
0 0.491532 0.733784 0.023784 0.144595
0 0.465405 0.733446 0.027027 0.150676
0 0.437658 0.835135 0.042162 0.135135
0 0.407207 0.775338 0.031712 0.097973
0 0.366667 0.754730 0.034955 0.085135
0 0.328829 0.680405 0.079640 0.191892
0 0.275495 0.652027 0.057297 0.110811
0 0.438919 0.538514 0.028108 0.147297
0 0.412072 0.523649 0.030631 0.191892
0 0.365586 0.539865 0.043604 0.093243
0 0.551351 0.553378 0.025946 0.121622
0 0.575135 0.521622 0.032432 0.201351
0 0.626306 0.537838 0.051892 0.109459
0 0.557477 0.709122 0.026667 0.154730
0 0.579640 0.689189 0.042883 0.093243
0 0.619099 0.696959 0.072072 0.195270
0 0.445225 0.713514 0.027748 0.150000
0 0.380180 0.689527 0.064865 0.154730