0 0.486486 0.472297 0.027387 0.193243
0 0.464144 0.445270 0.024505 0.218919
0 0.442703 0.431757 0.029189 0.241892
0 0.421622 0.443919 0.033874 0.187838
0 0.398559 0.437162 0.035315 0.185135
0 0.374054 0.423986 0.051171 0.216892
0 0.334054 0.406419 0.046847 0.188514
0 0.315856 0.341892 0.047928 0.114865
0 0.510090 0.451351 0.027027 0.237838
0 0.525946 0.441892 0.029910 0.204054
0 0.545045 0.444932 0.029910 0.223649
0 0.566486 0.430068 0.035315 0.220946
0 0.592613 0.419932 0.033514 0.220946
0 0.627928 0.412838 0.045045 0.204054
0 0.660360 0.370946 0.045766 0.147297
0 0.509730 0.672973 0.017658 0.163514
0 0.525405 0.679054 0.021622 0.186486
0 0.538378 0.695946 0.027387 0.250000
0 0.561081 0.667905 0.030991 0.188514
0 0.655495 0.627703 0.089369 0.164865
0 0.707928 0.609797 0.058739 0.122297
0 0.493874 0.672635 0.017658 0.161486
0 0.478559 0.682432 0.025225 0.187838
0 0.463423 0.687162 0.032432 0.232432
0 0.439640 0.678041 0.029550 0.207432
0 0.341802 0.641892 0.081802 0.182432
0 0.290270 0.622297 0.057297 0.124324