0 0.474054 0.409797 0.048649 0.199324
0 0.454054 0.432432 0.036036 0.110811
0 0.425766 0.373986 0.037117 0.114189
0 0.419099 0.457095 0.040360 0.097973
0 0.394414 0.440203 0.040721 0.092568
0 0.353694 0.455743 0.058739 0.168243
0 0.318739 0.384797 0.048649 0.099324
0 0.516396 0.433108 0.035315 0.166216
0 0.543243 0.439865 0.031351 0.109459
0 0.568468 0.384459 0.037117 0.110811
0 0.581261 0.471959 0.038198 0.093919
0 0.606126 0.469932 0.043243 0.075000
0 0.645946 0.484459 0.052973 0.164865
0 0.681441 0.425676 0.042523 0.085135
0 0.508468 0.715203 0.025225 0.168243
0 0.531171 0.777027 0.033153 0.137838
0 0.553514 0.832770 0.037477 0.107432
0 0.577117 0.757095 0.034955 0.077703
0 0.625225 0.762500 0.038919 0.069595
0 0.653333 0.683784 0.080000 0.168919
0 0.709009 0.677027 0.050811 0.108108
0 0.487027 0.716892 0.026306 0.194595
0 0.463063 0.773986 0.038919 0.138514
0 0.437297 0.819257 0.040000 0.102027
0 0.418739 0.735811 0.035315 0.082432
0 0.371712 0.732770 0.047207 0.069595
0 0.340360 0.657770 0.081081 0.172297
0 0.284144 0.653716 0.052252 0.097973
0 0.486486 0.506081 0.020180 0.163514
0 0.467748 0.530743 0.021622 0.116892
0 0.440901 0.491892 0.029189 0.183784
0 0.419279 0.525676 0.033514 0.087838
0 0.389369 0.523649 0.042162 0.109459
0 0.510450 0.534797 0.024865 0.127703
0 0.534414 0.520946 0.020901 0.137838
0 0.560901 0.510811 0.025586 0.159459
0 0.583604 0.542905 0.036396 0.083108
0 0.608288 0.545946 0.040360 0.108108
0 0.522883 0.698986 0.020901 0.137162
0 0.544144 0.718919 0.025946 0.166216
0 0.570270 0.693919 0.044324 0.112162
0 0.471351 0.692568 0.022342 0.131081
0 0.450811 0.701014 0.029550 0.172297
0 0.427387 0.664527 0.043964 0.100676
0 0.385405 0.652365 0.053694 0.091216