0 0.485225 0.514189 0.028468 0.243243
0 0.460901 0.476351 0.028108 0.241892
0 0.437117 0.418581 0.037477 0.139865
0 0.415856 0.498986 0.040360 0.104730
0 0.398018 0.464189 0.040721 0.104054
0 0.355856 0.512162 0.050811 0.167568
0 0.332793 0.459797 0.052973 0.102027
0 0.514955 0.514865 0.030991 0.240541
0 0.541982 0.508784 0.025946 0.195946
0 0.565405 0.424324 0.036036 0.127027
0 0.582703 0.484459 0.041081 0.108108
0 0.604685 0.470270 0.041081 0.100000
0 0.645946 0.516554 0.048649 0.162838
0 0.671532 0.462162 0.052973 0.108108
0 0.506667 0.732095 0.022342 0.165541
0 0.521982 0.744257 0.033514 0.162838
0 0.545405 0.829730 0.039279 0.124324
0 0.573694 0.785473 0.035315 0.089865
0 0.610270 0.778041 0.037838 0.084459
0 0.648288 0.706081 0.073514 0.175676
0 0.700180 0.706081 0.057658 0.104054
0 0.487928 0.730068 0.019459 0.158784
0 0.467748 0.747297 0.024505 0.174324
0 0.441982 0.826014 0.037117 0.123649
0 0.412613 0.787500 0.031712 0.084459
0 0.378559 0.772635 0.037838 0.088514
0 0.341622 0.697973 0.074955 0.168919
0 0.286847 0.697973 0.054775 0.105405
0 0.436396 0.533108 0.025225 0.164865
0 0.413874 0.551014 0.032793 0.077703
0 0.390450 0.545608 0.043604 0.123649
0 0.562342 0.547635 0.025586 0.142568
0 0.579459 0.559459 0.041081 0.112162
0 0.609369 0.550676 0.041081 0.113514
0 0.545405 0.723311 0.023423 0.119595
0 0.569009 0.708446 0.034595 0.115541
0 0.605225 0.700000 0.060180 0.136486
0 0.445405 0.721284 0.022342 0.133108
0 0.419459 0.706757 0.044685 0.125676
0 0.387207 0.697297 0.058018 0.124324