0 0.471892 0.510811 0.035676 0.258108
0 0.440180 0.515878 0.032793 0.108784
0 0.416757 0.416554 0.052252 0.122297
0 0.401802 0.495270 0.033153 0.117568
0 0.369369 0.485811 0.032432 0.124324
0 0.334775 0.512500 0.046126 0.183108
0 0.304324 0.463176 0.045045 0.104730
0 0.506486 0.509797 0.037117 0.247973
0 0.533333 0.505405 0.028829 0.136486
0 0.558919 0.417905 0.050450 0.120946
0 0.577117 0.482770 0.045045 0.134459
0 0.605766 0.483784 0.040360 0.102703
0 0.641622 0.499324 0.054414 0.195946
0 0.678919 0.453378 0.054054 0.100000
0 0.503964 0.746622 0.024865 0.182432
0 0.525946 0.751014 0.028468 0.169595
0 0.560901 0.818581 0.061622 0.115541
0 0.581802 0.763176 0.038559 0.103378
0 0.624505 0.761824 0.041802 0.084459
0 0.667928 0.694257 0.085405 0.199324
0 0.720541 0.684122 0.061622 0.119595
0 0.483063 0.743581 0.021261 0.177703
0 0.458559 0.750676 0.022703 0.187838
0 0.416937 0.816892 0.062703 0.112162
0 0.399820 0.754730 0.038559 0.098649
0 0.360180 0.753716 0.037117 0.093919
0 0.320721 0.695946 0.080000 0.195946
0 0.270991 0.681757 0.056937 0.116216
0 0.442162 0.570946 0.018739 0.112162
0 0.421441 0.550000 0.026306 0.156757
0 0.399279 0.574662 0.034595 0.091216
0 0.369550 0.565541 0.037117 0.093243
0 0.536577 0.583108 0.018739 0.089189
0 0.554955 0.536486 0.027387 0.189189
0 0.575495 0.574324 0.037477 0.091892
0 0.605225 0.566216 0.042162 0.095946
0 0.554414 0.725676 0.023423 0.168919
0 0.580180 0.687838 0.038198 0.101351
0 0.616577 0.684459 0.054775 0.131081
0 0.429910 0.730743 0.023784 0.173649
0 0.402523 0.687500 0.039640 0.103378
0 0.367568 0.692568 0.054775 0.145946