0 0.477297 0.557095 0.040000 0.222297
0 0.452793 0.537838 0.045045 0.209459
0 0.428829 0.508446 0.031712 0.227703
0 0.408108 0.513514 0.046486 0.187838
0 0.388829 0.477365 0.045405 0.135811
0 0.347748 0.491892 0.068468 0.181081
0 0.321622 0.429392 0.065225 0.130405
0 0.295315 0.356757 0.054414 0.093243
0 0.517477 0.557095 0.039640 0.220946
0 0.544685 0.533446 0.032793 0.207432
0 0.567568 0.502365 0.042523 0.234459
0 0.591892 0.505405 0.043604 0.156757
0 0.610631 0.452703 0.045045 0.145946
0 0.651892 0.463851 0.069189 0.214189
0 0.672613 0.419595 0.068108 0.128378
0 0.693514 0.335473 0.055856 0.081757
0 0.511892 0.758784 0.031351 0.156757
0 0.534234 0.759797 0.040721 0.138514
0 0.563604 0.761824 0.036036 0.183108
0 0.590450 0.749324 0.042162 0.152703
0 0.638919 0.737162 0.064865 0.129730
0 0.669369 0.667568 0.094775 0.178378
0 0.723604 0.640878 0.070631 0.138514
0 0.748288 0.559459 0.044324 0.109459
0 0.490450 0.757432 0.026667 0.152703
0 0.463063 0.767905 0.028108 0.157432
0 0.430090 0.776351 0.040000 0.194595
0 0.406306 0.761149 0.038559 0.160135
0 0.355856 0.750338 0.058018 0.127703
0 0.323243 0.692230 0.087207 0.185811
0 0.271712 0.672297 0.069910 0.140541
0 0.244505 0.588851 0.037838 0.104730
0 0.376036 0.570270 0.044324 0.078378
0 0.622883 0.549324 0.045045 0.108108
0 0.611171 0.658108 0.049730 0.085135
0 0.380721 0.670608 0.050811 0.068243