0 0.487928 0.559122 0.030270 0.203378
0 0.464144 0.559122 0.033874 0.192568
0 0.434595 0.477703 0.049730 0.178378
0 0.418739 0.548311 0.042523 0.199324
0 0.389550 0.510473 0.044685 0.150676
0 0.349369 0.536149 0.055135 0.183108
0 0.321982 0.489189 0.060901 0.133784
0 0.299459 0.415541 0.049009 0.085135
0 0.518739 0.557432 0.031351 0.200000
0 0.539820 0.560811 0.029550 0.183784
0 0.562703 0.501014 0.039279 0.176351
0 0.586847 0.539189 0.040000 0.204054
0 0.616396 0.508784 0.041441 0.143243
0 0.652613 0.531081 0.051892 0.182432
0 0.678919 0.480068 0.056937 0.137162
0 0.703243 0.410811 0.046486 0.090541
0 0.505766 0.753041 0.021261 0.161486
0 0.525766 0.751014 0.023784 0.176351
0 0.548468 0.756757 0.030991 0.181081
0 0.572613 0.718581 0.033874 0.135811
0 0.609910 0.765878 0.050811 0.130405
0 0.647748 0.711149 0.071712 0.188514
0 0.700000 0.692905 0.065946 0.135811
0 0.745766 0.631757 0.055856 0.108108
0 0.485586 0.748986 0.019820 0.161486
0 0.465946 0.748649 0.021622 0.163514
0 0.441982 0.760135 0.033514 0.170270
0 0.416937 0.734122 0.041802 0.152027
0 0.379459 0.772635 0.044685 0.120946
0 0.344685 0.705068 0.073874 0.188514
0 0.292072 0.687838 0.070270 0.139189
0 0.245225 0.643243 0.047207 0.101351
0 0.439279 0.597635 0.027387 0.115541
0 0.385766 0.604054 0.041441 0.078378
0 0.566486 0.608108 0.026667 0.051351
0 0.617658 0.594932 0.041802 0.075000
0 0.603784 0.686149 0.055135 0.093919
0 0.387207 0.694257 0.054414 0.100676