0 0.479820 0.495946 0.033514 0.243243
0 0.450811 0.496959 0.031712 0.218243
0 0.422523 0.450338 0.036396 0.302027
0 0.393874 0.468243 0.039640 0.251351
0 0.365946 0.469932 0.040000 0.215541
0 0.330631 0.476351 0.050811 0.174324
0 0.305225 0.386149 0.048288 0.158784
0 0.512613 0.476014 0.032793 0.281757
0 0.536757 0.480068 0.043604 0.242568
0 0.564685 0.456419 0.042523 0.285811
0 0.595135 0.472973 0.042162 0.240541
0 0.625405 0.459459 0.043604 0.239189
0 0.661261 0.459797 0.061261 0.219595
0 0.687387 0.378716 0.055856 0.175000
0 0.504324 0.727027 0.024144 0.195946
0 0.521982 0.725676 0.030631 0.205405
0 0.543964 0.741554 0.037117 0.245270
0 0.574414 0.720946 0.038198 0.205405
0 0.602883 0.713514 0.044685 0.208108
0 0.648829 0.690541 0.075315 0.202703
0 0.697658 0.676351 0.061982 0.185135
0 0.745586 0.619932 0.056937 0.104730
0 0.485766 0.733784 0.025225 0.214865
0 0.466306 0.734122 0.027387 0.216892
0 0.442162 0.746959 0.029550 0.216892
0 0.421081 0.729730 0.034955 0.213514
0 0.389009 0.720270 0.049369 0.214865
0 0.342523 0.692230 0.082523 0.208784
0 0.295856 0.669257 0.068468 0.177703
0 0.259279 0.604730 0.052252 0.106757