0 0.490450 0.456757 0.033153 0.224324
0 0.467928 0.450676 0.037117 0.198649
0 0.438739 0.424662 0.030631 0.223649
0 0.418739 0.459797 0.040360 0.184459
0 0.392252 0.451689 0.034955 0.192568
0 0.357658 0.435473 0.050811 0.208784
0 0.322883 0.415203 0.066306 0.203378
0 0.300721 0.334122 0.042162 0.126351
0 0.520360 0.448649 0.030270 0.221622
0 0.543423 0.441554 0.035315 0.210135
0 0.571532 0.399324 0.028829 0.240541
0 0.589369 0.446622 0.039279 0.210811
0 0.609910 0.446622 0.040000 0.201351
0 0.650090 0.438176 0.049009 0.211486
0 0.677117 0.397635 0.056937 0.189865
0 0.701982 0.342230 0.038919 0.110135
0 0.497297 0.666554 0.020901 0.187162
0 0.512613 0.666554 0.023423 0.187162
0 0.534775 0.683784 0.025225 0.209459
0 0.558198 0.673649 0.031712 0.194595
0 0.583604 0.666554 0.036396 0.187162
0 0.625045 0.665878 0.063784 0.189865
0 0.672793 0.629054 0.066306 0.168919
0 0.724144 0.615541 0.059459 0.114865
0 0.478739 0.668581 0.021982 0.189865
0 0.459820 0.674324 0.019459 0.189189
0 0.437838 0.690541 0.026667 0.236486
0 0.414955 0.673986 0.032793 0.208784
0 0.388829 0.661824 0.038919 0.191216
0 0.349369 0.650676 0.071712 0.190541
0 0.304144 0.611824 0.072793 0.162838
0 0.252973 0.602027 0.059099 0.124324