0 0.625265 0.466611 0.040569 0.218993
0 0.653022 0.459270 0.059074 0.217662
0 0.688964 0.445926 0.076868 0.198973
0 0.712809 0.642834 0.074735 0.186831
0 0.671528 0.672193 0.083272 0.192169
0 0.630247 0.687541 0.060501 0.201514
0 0.589323 0.698885 0.038436 0.210851
0 0.563342 0.692209 0.030605 0.194838
0 0.538787 0.696216 0.028472 0.200176
0 0.516724 0.692878 0.028468 0.185500
0 0.490744 0.699551 0.027759 0.190831
0 0.465121 0.704223 0.032029 0.178824
0 0.753562 0.597459 0.071521 0.128108
0 0.336677 0.679135 0.065427 0.174027
0 0.248396 0.621385 0.058364 0.160203
0 0.270351 0.352105 0.032955 0.085020
0 0.435586 0.703554 0.044130 0.204176
0 0.378290 0.700216 0.044840 0.189500
0 0.287897 0.666855 0.074735 0.197507
0 0.409605 0.705557 0.030605 0.192169
0 0.287186 0.393878 0.066191 0.148270
0 0.302490 0.443257 0.072598 0.217662
0 0.332382 0.477953 0.054090 0.223000
0 0.367258 0.491297 0.032742 0.223000
0 0.398575 0.488632 0.039859 0.225669
0 0.420281 0.493301 0.026335 0.208318
0 0.445905 0.483291 0.033452 0.204311
0 0.475086 0.487963 0.036299 0.218993
0 0.510674 0.488628 0.037723 0.201649
0 0.535584 0.501976 0.044840 0.174953
0 0.569750 0.469949 0.036299 0.241682
0 0.606049 0.475287 0.033452 0.225669