0 0.646859 0.689155 0.080458 0.171216
0 0.575658 0.502973 0.041506 0.189176
0 0.557778 0.444304 0.038951 0.210730
0 0.535108 0.519733 0.047254 0.181993
0 0.505097 0.512547 0.039593 0.225095
0 0.466465 0.705318 0.035121 0.174811
0 0.489452 0.699929 0.022350 0.173615
0 0.505416 0.694541 0.026184 0.167622
0 0.525850 0.693943 0.032566 0.168818
0 0.311930 0.391020 0.060667 0.144878
0 0.634726 0.481419 0.066411 0.215514
0 0.667294 0.462861 0.075351 0.166426
0 0.684535 0.377253 0.077906 0.124520
0 0.750308 0.634676 0.065135 0.119730
0 0.698584 0.644253 0.094508 0.162831
0 0.608544 0.704716 0.061305 0.171216
0 0.574701 0.708909 0.040868 0.174804
0 0.548840 0.717892 0.027459 0.204743
0 0.340346 0.470044 0.047258 0.204736
0 0.374510 0.488003 0.038951 0.187980
0 0.402926 0.495189 0.044699 0.202351
0 0.425595 0.493993 0.037676 0.216716
0 0.446348 0.423348 0.072796 0.173615
0 0.447625 0.555051 0.028094 0.130507
0 0.471892 0.506564 0.051085 0.239466
0 0.252222 0.626895 0.053640 0.132899
0 0.297243 0.651439 0.060663 0.153257
0 0.339387 0.671794 0.074710 0.170020
0 0.381214 0.688554 0.051085 0.167622
0 0.412184 0.712503 0.040231 0.196358
0 0.440919 0.711902 0.040231 0.185588
0 0.597050 0.499382 0.058750 0.217912