0 0.489189 0.507770 0.041441 0.247973
0 0.442342 0.462162 0.042883 0.272973
0 0.412432 0.408108 0.056577 0.159459
0 0.387748 0.479730 0.049009 0.156757
0 0.353153 0.470946 0.038198 0.118919
0 0.314955 0.515203 0.063423 0.202027
0 0.276396 0.466216 0.056216 0.120270
0 0.558919 0.449662 0.091532 0.246622
0 0.580541 0.472297 0.061982 0.222973
0 0.608288 0.426689 0.057658 0.135811
0 0.622703 0.485135 0.036757 0.141892
0 0.653514 0.462162 0.034955 0.139189
0 0.693694 0.511824 0.051892 0.191216
0 0.723964 0.450000 0.051171 0.110811
0 0.523784 0.737500 0.025586 0.189865
0 0.549730 0.742905 0.029189 0.195270
0 0.578559 0.816892 0.035676 0.150000
0 0.620721 0.782432 0.035676 0.093243
0 0.662883 0.775676 0.034234 0.079730
0 0.703243 0.697297 0.070270 0.194595
0 0.752432 0.694595 0.055495 0.110811
0 0.497117 0.736486 0.025586 0.191892
0 0.469009 0.729054 0.036396 0.182432
0 0.439279 0.820608 0.043964 0.156081
0 0.387928 0.791216 0.044324 0.100000
0 0.340360 0.790878 0.035676 0.079054
0 0.297117 0.704054 0.079640 0.194595
0 0.238198 0.707095 0.059820 0.111486
0 0.413514 0.572973 0.040000 0.132432
0 0.360901 0.571622 0.049369 0.110811
0 0.593874 0.554054 0.031712 0.164865
0 0.621261 0.576351 0.033874 0.091892
0 0.652793 0.567568 0.043604 0.094595
0 0.580541 0.690541 0.023784 0.118919
0 0.614054 0.701351 0.045405 0.118919
0 0.656036 0.684459 0.060180 0.136486
0 0.433153 0.691554 0.030991 0.127703
0 0.392973 0.703378 0.053694 0.113514
0 0.348649 0.686824 0.059459 0.118243