0 0.478739 0.457432 0.032072 0.277027
0 0.451171 0.447297 0.029550 0.267568
0 0.423604 0.448649 0.034955 0.255405
0 0.396577 0.460473 0.046486 0.247973
0 0.372432 0.461824 0.034955 0.235811
0 0.339820 0.461486 0.046847 0.224324
0 0.299099 0.450338 0.045405 0.212838
0 0.278018 0.389189 0.050090 0.137838
0 0.510450 0.468243 0.032072 0.250000
0 0.540180 0.460811 0.029550 0.237838
0 0.562523 0.459459 0.026667 0.243243
0 0.586306 0.464527 0.043243 0.231757
0 0.615495 0.467905 0.037477 0.216892
0 0.648649 0.463176 0.049730 0.223649
0 0.689369 0.452365 0.048288 0.211486
0 0.714414 0.388851 0.048649 0.139865
0 0.504685 0.692905 0.021982 0.175000
0 0.525946 0.697297 0.023423 0.195946
0 0.548829 0.713851 0.031712 0.225000
0 0.579279 0.702703 0.035676 0.218919
0 0.607207 0.700676 0.045405 0.225676
0 0.646306 0.683784 0.068829 0.208108
0 0.699279 0.656757 0.075315 0.198649
0 0.756216 0.637838 0.068108 0.141892
0 0.483784 0.697635 0.020541 0.193919
0 0.463063 0.693581 0.022342 0.202027
0 0.437297 0.700338 0.034234 0.223649
0 0.411171 0.692905 0.032432 0.215541
0 0.385225 0.695270 0.041802 0.217568
0 0.346306 0.681081 0.060541 0.202703
0 0.293514 0.658446 0.068829 0.191216
0 0.239279 0.624324 0.073514 0.137838