0 0.577596 0.375547 0.098883 0.189270
0 0.585784 0.496257 0.041305 0.214378
0 0.424584 0.492392 0.042335 0.260730
0 0.691416 0.666209 0.104036 0.183473
0 0.477631 0.728980 0.039247 0.173824
0 0.365355 0.353338 0.127827 0.210514
0 0.663038 0.461490 0.080447 0.164169
0 0.375656 0.504946 0.026886 0.185405
0 0.539432 0.736703 0.031002 0.169959
0 0.646609 0.682628 0.067986 0.142919
0 0.346814 0.467284 0.041305 0.268459
0 0.259829 0.411274 0.071074 0.253007
0 0.397286 0.512669 0.047488 0.216311
0 0.738283 0.605375 0.107124 0.169953
0 0.701150 0.413206 0.074263 0.198926
0 0.386986 0.712564 0.037186 0.125534
0 0.305613 0.668142 0.082505 0.187338
0 0.254627 0.610203 0.079416 0.148716
0 0.582231 0.737672 0.066955 0.198926
0 0.347330 0.704838 0.071178 0.225959
0 0.619775 0.470179 0.074267 0.200858
0 0.415829 0.727047 0.047485 0.185405
0 0.616737 0.712564 0.065921 0.148709
0 0.464240 0.481770 0.061906 0.278108
0 0.306643 0.425760 0.063968 0.278115
0 0.547672 0.518463 0.055726 0.196993
0 0.514712 0.494324 0.047485 0.256865
0 0.449303 0.740568 0.034094 0.185405
0 0.510591 0.732845 0.031005 0.166095