0 0.481802 0.495608 0.031712 0.218243
0 0.427027 0.360811 0.001441 0.002703
0 0.456937 0.487162 0.030991 0.218919
0 0.425225 0.451351 0.038198 0.287838
0 0.394775 0.455405 0.042162 0.233784
0 0.353153 0.466554 0.050450 0.191216
0 0.307387 0.447635 0.060541 0.175000
0 0.300360 0.355405 0.063063 0.090541
0 0.513514 0.492230 0.033153 0.230405
0 0.534054 0.483108 0.043243 0.225676
0 0.567568 0.454392 0.041802 0.280405
0 0.599640 0.458108 0.041081 0.239189
0 0.640541 0.463176 0.053694 0.202027
0 0.684685 0.437162 0.059099 0.201351
0 0.699099 0.368243 0.051892 0.086486
0 0.507748 0.719595 0.021622 0.177027
0 0.527027 0.717568 0.024144 0.236486
0 0.550450 0.752365 0.033514 0.261486
0 0.577838 0.719257 0.034955 0.210135
0 0.612252 0.701351 0.046126 0.209459
0 0.659820 0.678378 0.083604 0.206757
0 0.707027 0.627703 0.087207 0.186486
0 0.758559 0.588851 0.046126 0.127703
0 0.489550 0.719257 0.022703 0.177703
0 0.471712 0.721959 0.026667 0.191216
0 0.448468 0.734122 0.037838 0.285811
0 0.420541 0.705743 0.036757 0.242568
0 0.385045 0.697297 0.046486 0.222973
0 0.336036 0.680743 0.080360 0.222297
0 0.288108 0.630405 0.087568 0.190541
0 0.235676 0.605068 0.043964 0.100676