0 0.479459 0.432095 0.036396 0.260135
0 0.448468 0.440878 0.033514 0.215541
0 0.418378 0.434122 0.034595 0.234459
0 0.387027 0.434122 0.045405 0.193919
0 0.346126 0.417905 0.055856 0.185811
0 0.301441 0.398311 0.055856 0.176351
0 0.274595 0.325338 0.050450 0.126351
0 0.510270 0.438176 0.035315 0.246622
0 0.536396 0.434797 0.029910 0.234459
0 0.565045 0.429392 0.030991 0.252027
0 0.589369 0.429392 0.045766 0.233108
0 0.616757 0.423311 0.045045 0.219595
0 0.656036 0.421622 0.061622 0.197297
0 0.703604 0.408446 0.058739 0.179054
0 0.720180 0.317230 0.067387 0.126351
0 0.511532 0.666216 0.024144 0.178378
0 0.526667 0.661149 0.030631 0.206081
0 0.555135 0.663514 0.036396 0.205405
0 0.582523 0.645270 0.042883 0.200000
0 0.616396 0.632432 0.042162 0.179730
0 0.666126 0.621622 0.076757 0.204054
0 0.722883 0.576351 0.083604 0.175676
0 0.774234 0.559459 0.060901 0.106757
0 0.492613 0.665541 0.025225 0.179730
0 0.472252 0.657432 0.033514 0.183784
0 0.441441 0.667568 0.034595 0.224324
0 0.412793 0.661149 0.039279 0.222297
0 0.381622 0.631419 0.050450 0.185811
0 0.332613 0.607432 0.087928 0.200000
0 0.278739 0.563514 0.086126 0.182432
0 0.221622 0.544595 0.065586 0.109459