0 0.479820 0.503716 0.029189 0.184459
0 0.430631 0.497973 0.037477 0.186486
0 0.405946 0.479054 0.034955 0.208108
0 0.383964 0.479392 0.041441 0.203378
0 0.349730 0.485811 0.052252 0.178378
0 0.305225 0.477027 0.046847 0.175676
0 0.280180 0.427703 0.052973 0.148649
0 0.512432 0.509797 0.031712 0.165541
0 0.555676 0.511149 0.041081 0.150676
0 0.583423 0.485473 0.037477 0.183108
0 0.607568 0.479392 0.041081 0.192568
0 0.639820 0.483108 0.057297 0.177027
0 0.689009 0.470946 0.054054 0.186486
0 0.713153 0.415541 0.049009 0.145946
0 0.509189 0.703378 0.020901 0.197297
0 0.528649 0.701014 0.023784 0.196622
0 0.548649 0.706757 0.029910 0.231081
0 0.572973 0.686486 0.031712 0.204054
0 0.603604 0.670946 0.048288 0.179730
0 0.643964 0.664865 0.068468 0.185135
0 0.687387 0.642568 0.072432 0.179730
0 0.746667 0.598311 0.080721 0.125000
0 0.489550 0.700338 0.021261 0.189865
0 0.468108 0.709459 0.024505 0.213514
0 0.447027 0.705405 0.025586 0.222973
0 0.422523 0.693243 0.030631 0.212162
0 0.393514 0.680068 0.041802 0.187162
0 0.353514 0.668581 0.068468 0.184459
0 0.307568 0.644595 0.070270 0.181081
0 0.257838 0.595270 0.067387 0.140541