0 0.437032 0.684193 0.025517 0.095696
0 0.455780 0.679311 0.023438 0.089838
0 0.517495 0.668571 0.026040 0.091791
0 0.539366 0.671010 0.023957 0.088858
0 0.566189 0.661733 0.036977 0.080074
0 0.598216 0.647088 0.056245 0.064446
0 0.482079 0.828223 0.030205 0.182608
0 0.394625 0.562838 0.045978 0.114946
0 0.289847 0.392794 0.055283 0.115831
0 0.327557 0.535301 0.059114 0.188912
0 0.321059 0.437250 0.077305 0.187703
0 0.370074 0.559125 0.055932 0.140196
0 0.423553 0.531649 0.028223 0.198662
0 0.551085 0.439777 0.059892 0.138662
0 0.605508 0.437824 0.077077 0.166000
0 0.683886 0.399253 0.069265 0.118155
0 0.674773 0.493973 0.091658 0.110338
0 0.650297 0.553000 0.063535 0.099703
0 0.288607 0.693666 0.053640 0.160142
0 0.507339 0.823831 0.039059 0.183581
0 0.502652 0.707625 0.026559 0.099601
0 0.475049 0.702747 0.033852 0.072264
0 0.376571 0.440905 0.055932 0.219365
0 0.375840 0.661443 0.044789 0.099601
0 0.610196 0.555980 0.035413 0.085932
0 0.581292 0.570625 0.041142 0.080074
0 0.556032 0.564767 0.022912 0.087885
0 0.532337 0.574044 0.017186 0.069331
0 0.518486 0.504226 0.046775 0.162101
0 0.475310 0.542797 0.033330 0.184554
0 0.444323 0.541334 0.036977 0.091791
0 0.439114 0.419270 0.066141 0.187486
0 0.451714 0.591247 0.025676 0.069169
0 0.335477 0.690736 0.051560 0.158189
0 0.371672 0.767389 0.034371 0.151358
0 0.445888 0.816213 0.060930 0.190412
0 0.742216 0.651970 0.059892 0.124993
0 0.698730 0.693959 0.076032 0.142568
0 0.641443 0.684189 0.067701 0.154284
0 0.606029 0.754990 0.048951 0.166980
0 0.565407 0.779889 0.043744 0.167953
0 0.539888 0.810159 0.042703 0.179669
0 0.409429 0.769341 0.034894 0.149399
0 0.409690 0.674571 0.040620 0.094818