0 0.473694 0.480068 0.037117 0.223649
0 0.443063 0.480068 0.027027 0.210135
0 0.415315 0.444932 0.030631 0.276351
0 0.390631 0.456081 0.034595 0.216216
0 0.370090 0.451689 0.031712 0.204730
0 0.336757 0.437838 0.046486 0.212162
0 0.306847 0.404392 0.056577 0.203378
0 0.286486 0.350338 0.046126 0.143919
0 0.499459 0.476689 0.032432 0.225000
0 0.520541 0.464865 0.028468 0.248649
0 0.546306 0.453041 0.038198 0.258784
0 0.572973 0.457432 0.041802 0.213514
0 0.590090 0.453716 0.052252 0.206081
0 0.628288 0.448986 0.065225 0.226351
0 0.668649 0.435473 0.068108 0.207432
0 0.687568 0.368919 0.067748 0.160811
0 0.492252 0.690878 0.051171 0.153378
0 0.507748 0.698649 0.064144 0.168919
0 0.541441 0.717230 0.045045 0.216892
0 0.579279 0.715878 0.038559 0.184459
0 0.613874 0.718581 0.038559 0.191216
0 0.698378 0.666892 0.102342 0.177027
0 0.743964 0.648311 0.065946 0.125000
0 0.475495 0.688514 0.038559 0.152703
0 0.459099 0.690541 0.029550 0.164865
0 0.427387 0.713514 0.043243 0.212162
0 0.400901 0.710135 0.052973 0.193243
0 0.370450 0.706419 0.051171 0.179054
0 0.335135 0.682095 0.087207 0.176351
0 0.290811 0.638851 0.078559 0.184459
0 0.253333 0.612838 0.057658 0.116216