0 0.481081 0.541216 0.028829 0.185135
0 0.457838 0.509797 0.034955 0.214189
0 0.439820 0.428378 0.036396 0.140541
0 0.422883 0.477703 0.031351 0.137838
0 0.390991 0.445270 0.038198 0.137838
0 0.352072 0.486824 0.053333 0.170946
0 0.334234 0.420946 0.051532 0.118919
0 0.309550 0.354730 0.028108 0.068919
0 0.509369 0.540541 0.029189 0.208108
0 0.532973 0.523986 0.029550 0.218243
0 0.552973 0.438514 0.035676 0.144595
0 0.570811 0.489865 0.043243 0.136486
0 0.598739 0.478041 0.040000 0.143919
0 0.639279 0.508108 0.051892 0.190541
0 0.662523 0.453041 0.052973 0.129054
0 0.496577 0.741216 0.020901 0.174324
0 0.513153 0.745946 0.028108 0.179730
0 0.528829 0.832432 0.034234 0.137838
0 0.557297 0.779730 0.038559 0.109459
0 0.598198 0.783446 0.045405 0.110135
0 0.634234 0.715203 0.084324 0.176351
0 0.684324 0.705743 0.057658 0.111486
0 0.481622 0.731419 0.018378 0.161486
0 0.464865 0.741892 0.020901 0.190541
0 0.444144 0.828378 0.030631 0.148649
0 0.419640 0.756081 0.032072 0.131081
0 0.383784 0.737500 0.039640 0.115541
0 0.352432 0.689189 0.085045 0.204054
0 0.305405 0.669257 0.058018 0.122297
0 0.430450 0.536149 0.027027 0.162838
0 0.412973 0.554054 0.033153 0.087838
0 0.387027 0.539865 0.036757 0.098649
0 0.557838 0.545270 0.031712 0.179730
0 0.575135 0.577365 0.037477 0.096622
0 0.604685 0.573311 0.043243 0.100676
0 0.536396 0.714865 0.025586 0.133784
0 0.555135 0.705743 0.040721 0.093919
0 0.443784 0.709797 0.021261 0.137162
0 0.423604 0.685473 0.032072 0.083108