0 0.481622 0.418243 0.025586 0.229730
0 0.456577 0.413514 0.026667 0.225676
0 0.435135 0.388514 0.030631 0.262162
0 0.417117 0.407432 0.042162 0.212162
0 0.404144 0.401014 0.040000 0.208784
0 0.370631 0.397297 0.048649 0.204054
0 0.327207 0.380068 0.042523 0.206081
0 0.295856 0.347297 0.038919 0.163514
0 0.506126 0.413514 0.024865 0.228378
0 0.527928 0.402365 0.027387 0.223649
0 0.550991 0.384122 0.035315 0.246622
0 0.566847 0.389865 0.045405 0.222973
0 0.589550 0.385135 0.041081 0.210811
0 0.608468 0.384122 0.055856 0.187162
0 0.657658 0.396959 0.047568 0.156081
0 0.691171 0.332770 0.044685 0.143919
0 0.509910 0.643919 0.020901 0.193243
0 0.526667 0.646284 0.024144 0.207432
0 0.551532 0.652027 0.029189 0.236486
0 0.573153 0.644932 0.042883 0.235811
0 0.600901 0.630405 0.050090 0.225676
0 0.641622 0.613176 0.073874 0.226351
0 0.682703 0.589865 0.076757 0.212162
0 0.738378 0.555743 0.070631 0.150676
0 0.491171 0.647297 0.018739 0.200000
0 0.473333 0.646622 0.026306 0.209459
0 0.449550 0.649662 0.032072 0.249324
0 0.421081 0.638514 0.031351 0.220270
0 0.391712 0.648986 0.032432 0.230405
0 0.330991 0.603378 0.090450 0.186486
0 0.286306 0.571959 0.075315 0.152027