0 0.478198 0.487162 0.030270 0.237838
0 0.455676 0.493581 0.035676 0.197973
0 0.434234 0.458446 0.043243 0.196622
0 0.423784 0.496284 0.041081 0.193919
0 0.395135 0.493581 0.040721 0.180405
0 0.365766 0.480068 0.053333 0.183108
0 0.321622 0.456081 0.052252 0.191892
0 0.300360 0.408446 0.045766 0.104730
0 0.506306 0.499662 0.030270 0.219595
0 0.532973 0.508784 0.026667 0.181081
0 0.560901 0.479392 0.033514 0.227703
0 0.581622 0.497297 0.041802 0.197297
0 0.606126 0.493581 0.041802 0.197973
0 0.641081 0.476014 0.052613 0.206081
0 0.680180 0.455405 0.060901 0.185135
0 0.700901 0.393243 0.053333 0.097297
0 0.502523 0.702027 0.018378 0.168919
0 0.520360 0.707095 0.023784 0.169595
0 0.541441 0.717905 0.027748 0.199324
0 0.565225 0.721622 0.037117 0.202703
0 0.594955 0.706081 0.059820 0.194595
0 0.634234 0.679730 0.078559 0.177027
0 0.684685 0.640203 0.079279 0.173649
0 0.731712 0.607432 0.045766 0.095946
0 0.484505 0.705068 0.019820 0.170946
0 0.466847 0.705068 0.027027 0.160135
0 0.449550 0.717905 0.028468 0.211486
0 0.424685 0.712162 0.036396 0.204054
0 0.400541 0.697635 0.069550 0.189865
0 0.361441 0.679392 0.077838 0.181757
0 0.311532 0.634797 0.075315 0.164189
0 0.261622 0.616892 0.048288 0.087838