0 0.486126 0.504730 0.025946 0.218919
0 0.463964 0.485135 0.027748 0.137838
0 0.438739 0.422973 0.037117 0.095946
0 0.429550 0.494595 0.042523 0.082432
0 0.405045 0.498986 0.040360 0.084459
0 0.373514 0.540203 0.052973 0.161486
0 0.347207 0.497973 0.059459 0.090541
0 0.512252 0.526351 0.030631 0.200000
0 0.538018 0.515878 0.025946 0.102027
0 0.562883 0.446622 0.031712 0.085135
0 0.572072 0.505743 0.045766 0.102027
0 0.593514 0.503378 0.037477 0.094595
0 0.617297 0.537838 0.050450 0.168919
0 0.647027 0.490541 0.053694 0.087838
0 0.505045 0.730405 0.018378 0.183784
0 0.518739 0.730743 0.024144 0.156081
0 0.527387 0.827027 0.021261 0.113514
0 0.553514 0.784122 0.026667 0.085811
0 0.581802 0.782432 0.038559 0.077027
0 0.612072 0.704730 0.060180 0.168919
0 0.663964 0.724662 0.045045 0.081757
0 0.488288 0.717905 0.016577 0.162838
0 0.471171 0.723986 0.024865 0.164189
0 0.462342 0.825000 0.022342 0.121622
0 0.436216 0.783108 0.030631 0.094595
0 0.403243 0.786486 0.041081 0.081081
0 0.377838 0.710135 0.063784 0.174324
0 0.316757 0.725676 0.051171 0.085135
0 0.464324 0.552365 0.019820 0.120946
0 0.445225 0.537162 0.027027 0.152703
0 0.428288 0.569932 0.031351 0.102027
0 0.405225 0.571959 0.042883 0.115541
0 0.534414 0.571622 0.016577 0.109459
0 0.551892 0.569932 0.024144 0.123649
0 0.570090 0.578041 0.030991 0.100676
0 0.588288 0.570608 0.036396 0.134459
0 0.537658 0.721959 0.023784 0.160135
0 0.555676 0.702365 0.031712 0.114189
0 0.582162 0.708446 0.040721 0.102027
0 0.454234 0.706757 0.019099 0.135135
0 0.435135 0.691892 0.027027 0.112162
0 0.407748 0.697297 0.034234 0.094595