0 0.475315 0.436486 0.033874 0.247297
0 0.444865 0.439527 0.030631 0.226351
0 0.415495 0.416554 0.036036 0.268243
0 0.389910 0.425000 0.038198 0.221622
0 0.363604 0.413176 0.036036 0.206081
0 0.327027 0.402027 0.057297 0.200000
0 0.288108 0.384797 0.062342 0.191216
0 0.268649 0.322973 0.045045 0.124324
0 0.507748 0.431081 0.033874 0.254054
0 0.536757 0.438514 0.029189 0.233784
0 0.564685 0.421959 0.038919 0.250676
0 0.588468 0.413176 0.047568 0.226351
0 0.620721 0.401351 0.039279 0.221622
0 0.660000 0.409797 0.058018 0.189865
0 0.700000 0.392905 0.061622 0.166892
0 0.722523 0.339527 0.049730 0.106081
0 0.504505 0.669932 0.022342 0.199324
0 0.523604 0.660473 0.032432 0.181757
0 0.547027 0.691216 0.032432 0.229730
0 0.575135 0.672973 0.042523 0.204054
0 0.602523 0.654392 0.046847 0.192568
0 0.648829 0.628378 0.071712 0.177027
0 0.700000 0.590541 0.073874 0.166216
0 0.752252 0.578716 0.068108 0.127703
0 0.483604 0.667568 0.023063 0.185135
0 0.458919 0.679392 0.024144 0.203378
0 0.433694 0.687838 0.034234 0.213514
0 0.402162 0.664189 0.042523 0.170270
0 0.379640 0.659459 0.045045 0.186486
0 0.335315 0.632432 0.078919 0.178378
0 0.287027 0.597635 0.080360 0.170946
0 0.240721 0.577703 0.061982 0.129730