0 0.470631 0.462162 0.032432 0.266216
0 0.441081 0.489865 0.032432 0.201351
0 0.412613 0.475000 0.033874 0.247297
0 0.388108 0.472635 0.041802 0.216892
0 0.362703 0.469257 0.038559 0.208784
0 0.325225 0.464189 0.050811 0.202703
0 0.282703 0.456419 0.047207 0.199324
0 0.258739 0.406419 0.046126 0.125000
0 0.501081 0.471622 0.031351 0.251351
0 0.527568 0.476689 0.030270 0.234459
0 0.553514 0.462162 0.031712 0.255405
0 0.574775 0.463851 0.043243 0.230405
0 0.603964 0.460473 0.041802 0.219595
0 0.642342 0.458108 0.058018 0.212162
0 0.690811 0.452703 0.053333 0.205405
0 0.718198 0.418919 0.049730 0.105405
0 0.495135 0.681419 0.029550 0.158784
0 0.519099 0.696622 0.029189 0.187838
0 0.543063 0.701351 0.030270 0.208108
0 0.563423 0.708446 0.047207 0.218243
0 0.601261 0.702027 0.062342 0.214865
0 0.640721 0.684459 0.075676 0.209459
0 0.699820 0.651351 0.074234 0.186486
0 0.758919 0.644257 0.069910 0.139865
0 0.476396 0.668919 0.021622 0.144595
0 0.454054 0.676014 0.026667 0.156081
0 0.423604 0.698649 0.040721 0.193243
0 0.399459 0.688851 0.032072 0.181757
0 0.360721 0.688176 0.054775 0.193919
0 0.323604 0.686486 0.071351 0.209459
0 0.271171 0.647635 0.076036 0.179054
0 0.218198 0.628378 0.071712 0.140541