0 0.493153 0.551014 0.030631 0.203378
0 0.477838 0.543919 0.029550 0.175676
0 0.460360 0.455405 0.047207 0.152703
0 0.438559 0.497297 0.040360 0.139189
0 0.413333 0.490878 0.043243 0.114189
0 0.376216 0.533108 0.046126 0.194595
0 0.347928 0.485811 0.043604 0.121622
0 0.520541 0.564189 0.030631 0.191892
0 0.540901 0.558446 0.037477 0.169595
0 0.552072 0.452365 0.037477 0.158784
0 0.574955 0.504054 0.042883 0.105405
0 0.593694 0.474324 0.045045 0.121622
0 0.632973 0.510135 0.053694 0.205405
0 0.656036 0.445270 0.053694 0.135135
0 0.511532 0.751351 0.019099 0.141892
0 0.528108 0.747973 0.027748 0.158108
0 0.550450 0.832770 0.044324 0.158784
0 0.580901 0.794257 0.035315 0.106081
0 0.622703 0.791216 0.045405 0.100000
0 0.652793 0.707095 0.081802 0.188514
0 0.712432 0.708446 0.065586 0.116892
0 0.492793 0.755743 0.021261 0.150676
0 0.475315 0.756419 0.028829 0.157432
0 0.455315 0.843243 0.040721 0.159459
0 0.424505 0.810135 0.035315 0.110811
0 0.382703 0.803041 0.041081 0.102027
0 0.346306 0.728378 0.080721 0.195946
0 0.295495 0.723649 0.056216 0.112162
0 0.460541 0.584459 0.023784 0.143243
0 0.438559 0.593919 0.027387 0.093243
0 0.414775 0.581419 0.040360 0.114189
0 0.562162 0.581757 0.021622 0.124324
0 0.579099 0.589527 0.031712 0.095270
0 0.600180 0.560135 0.042883 0.135135
0 0.550991 0.719257 0.021622 0.129054
0 0.574414 0.709797 0.036757 0.103378
0 0.606486 0.700338 0.060541 0.125000
0 0.450631 0.737500 0.021261 0.126351
0 0.425766 0.722297 0.037117 0.104054
0 0.391351 0.732095 0.062703 0.166892