0 0.464324 0.529392 0.042162 0.156081
0 0.431171 0.547297 0.032793 0.118919
0 0.414414 0.476014 0.039640 0.107432
0 0.391712 0.533446 0.036757 0.092568
0 0.367027 0.507095 0.042162 0.087162
0 0.331712 0.499324 0.062342 0.155405
0 0.307928 0.431419 0.045766 0.111486
0 0.510450 0.543581 0.043604 0.142568
0 0.537477 0.541892 0.038559 0.122973
0 0.564685 0.478378 0.041802 0.114865
0 0.578739 0.530068 0.049009 0.100676
0 0.610450 0.503378 0.046126 0.089189
0 0.648829 0.500338 0.067387 0.142568
0 0.680901 0.442568 0.051532 0.110811
0 0.505405 0.812500 0.034234 0.133108
0 0.532973 0.818919 0.043243 0.101351
0 0.577658 0.873649 0.051892 0.079730
0 0.597297 0.808446 0.046486 0.073649
0 0.647387 0.781419 0.044324 0.079054
0 0.679640 0.703378 0.085766 0.145946
0 0.733514 0.666892 0.049369 0.101351
0 0.478559 0.803041 0.028108 0.133108
0 0.445586 0.815541 0.040000 0.106757
0 0.406126 0.873649 0.048288 0.090541
0 0.387568 0.808784 0.040000 0.072973
0 0.340541 0.782432 0.039640 0.078378
0 0.307207 0.708784 0.078198 0.143243
0 0.262883 0.667568 0.042883 0.089189
0 0.471351 0.621622 0.029550 0.160811
0 0.445225 0.617905 0.024865 0.150676
0 0.411892 0.592568 0.033874 0.177027
0 0.383784 0.617905 0.039640 0.102027
0 0.357297 0.590203 0.041441 0.116892
0 0.500901 0.616554 0.028108 0.164189
0 0.528288 0.615878 0.024505 0.154730
0 0.561622 0.585135 0.032793 0.205405
0 0.589910 0.615878 0.038198 0.111486
0 0.616937 0.591554 0.052613 0.118243
0 0.529369 0.766554 0.029550 0.114189
0 0.555135 0.769932 0.031351 0.146622
0 0.590811 0.734797 0.060180 0.110135
0 0.630991 0.729730 0.085045 0.167568
0 0.457117 0.775338 0.029910 0.130405
0 0.432432 0.779054 0.028829 0.152703
0 0.401441 0.740878 0.051892 0.112838
0 0.354595 0.729730 0.079279 0.156757