0 0.470450 0.544595 0.034234 0.243243
0 0.439279 0.556419 0.028108 0.220946
0 0.417297 0.446284 0.039640 0.150676
0 0.391171 0.508108 0.041441 0.118919
0 0.353153 0.557770 0.037477 0.137162
0 0.318018 0.517568 0.057297 0.168919
0 0.296577 0.443243 0.056937 0.120270
0 0.507748 0.533784 0.031712 0.263514
0 0.536937 0.545608 0.028108 0.219595
0 0.570450 0.452703 0.038919 0.155405
0 0.596216 0.577365 0.041441 0.138514
0 0.624144 0.527365 0.046126 0.126351
0 0.668468 0.512500 0.059099 0.170946
0 0.685405 0.429392 0.059099 0.120946
0 0.503243 0.773986 0.024865 0.185811
0 0.529550 0.768919 0.025586 0.172973
0 0.556757 0.842230 0.047568 0.149324
0 0.605405 0.794932 0.046847 0.099324
0 0.655135 0.786824 0.038198 0.093919
0 0.686126 0.695270 0.085045 0.191892
0 0.742703 0.672973 0.061982 0.117568
0 0.473694 0.770270 0.033514 0.177027
0 0.446667 0.767905 0.027027 0.187162
0 0.414595 0.829392 0.038559 0.154730
0 0.374414 0.792905 0.038919 0.106081
0 0.333153 0.767230 0.042162 0.095270
0 0.303964 0.697635 0.081802 0.195270
0 0.252432 0.679392 0.068829 0.119595
0 0.412793 0.552703 0.032793 0.194595
0 0.387387 0.593243 0.033874 0.104054
0 0.564505 0.550676 0.029910 0.194595
0 0.555856 0.753378 0.031351 0.175676
0 0.593694 0.710135 0.050090 0.108108
0 0.634775 0.704392 0.049369 0.102027
0 0.418739 0.748311 0.024505 0.152027
0 0.388108 0.716216 0.044685 0.113514
0 0.346847 0.685135 0.026306 0.072973