0 0.472793 0.484797 0.040360 0.247973
0 0.443964 0.480743 0.038198 0.229054
0 0.411892 0.433446 0.042523 0.253378
0 0.387748 0.470946 0.046847 0.197297
0 0.354955 0.460135 0.041081 0.209459
0 0.310991 0.457432 0.052613 0.205405
0 0.271892 0.397973 0.053694 0.160811
0 0.241622 0.328716 0.045766 0.065541
0 0.515676 0.491554 0.039640 0.239865
0 0.545586 0.471622 0.036036 0.241892
0 0.579099 0.419595 0.043964 0.277027
0 0.606667 0.473649 0.047928 0.194595
0 0.636937 0.478041 0.045766 0.172297
0 0.682523 0.452365 0.051892 0.220946
0 0.714414 0.405405 0.066667 0.155405
0 0.738198 0.339865 0.052252 0.075676
0 0.508468 0.722297 0.025946 0.201351
0 0.532973 0.726014 0.032432 0.204730
0 0.562523 0.754392 0.038198 0.193919
0 0.590270 0.732095 0.044685 0.200676
0 0.637838 0.754392 0.051171 0.156081
0 0.685045 0.692905 0.082883 0.196622
0 0.737477 0.675000 0.062342 0.156757
0 0.487568 0.719932 0.025946 0.192568
0 0.466486 0.713851 0.030631 0.195270
0 0.434595 0.739865 0.036757 0.191892
0 0.408108 0.717230 0.035676 0.188514
0 0.360541 0.756081 0.043604 0.155405
0 0.316216 0.693243 0.076036 0.202703
0 0.263964 0.683784 0.060180 0.154054
0 0.623243 0.659797 0.052252 0.080405
0 0.372432 0.657095 0.054414 0.097973