0 0.472793 0.493243 0.037477 0.235135
0 0.454054 0.464865 0.059099 0.252703
0 0.437838 0.378041 0.072072 0.204730
0 0.402883 0.471622 0.036757 0.218919
0 0.372432 0.449662 0.043604 0.220946
0 0.330991 0.434797 0.055135 0.215541
0 0.318018 0.364189 0.068829 0.162162
0 0.292432 0.312500 0.052252 0.099324
0 0.509550 0.478378 0.033874 0.272973
0 0.537117 0.480743 0.035676 0.250676
0 0.569189 0.428041 0.045045 0.238514
0 0.591532 0.466892 0.036396 0.220270
0 0.620541 0.435811 0.039640 0.205405
0 0.664324 0.449324 0.049369 0.201351
0 0.681982 0.391216 0.068829 0.168919
0 0.694955 0.326014 0.058739 0.096622
0 0.503423 0.732770 0.026667 0.202027
0 0.526667 0.732095 0.034955 0.191216
0 0.560000 0.738514 0.034595 0.212162
0 0.594775 0.720270 0.037838 0.202703
0 0.627027 0.706419 0.052613 0.202027
0 0.714234 0.622635 0.080721 0.152027
0 0.767027 0.564865 0.044324 0.102703
0 0.475495 0.731081 0.032793 0.195946
0 0.453694 0.725338 0.030991 0.197973
0 0.422703 0.734459 0.036757 0.206757
0 0.391892 0.712500 0.043604 0.181757
0 0.355856 0.704730 0.055856 0.201351
0 0.318378 0.661149 0.070270 0.180405
0 0.269550 0.601351 0.069189 0.158108
0 0.574955 0.564189 0.028468 0.059459
0 0.628288 0.542905 0.037838 0.081757