0 0.474955 0.474662 0.032432 0.188514
0 0.444865 0.452365 0.038559 0.210135
0 0.417838 0.461824 0.035676 0.203378
0 0.396036 0.476351 0.044685 0.189189
0 0.365225 0.487162 0.034234 0.175676
0 0.328649 0.485135 0.046126 0.166216
0 0.292432 0.445946 0.056577 0.194595
0 0.287748 0.346959 0.062342 0.139865
0 0.501622 0.472973 0.035315 0.201351
0 0.532432 0.476014 0.029910 0.180405
0 0.563243 0.462838 0.036757 0.224324
0 0.583423 0.467230 0.046847 0.197973
0 0.617838 0.456081 0.039279 0.213514
0 0.655856 0.470946 0.051171 0.185135
0 0.695495 0.459797 0.057658 0.179054
0 0.704865 0.354054 0.067748 0.150000
0 0.504685 0.673986 0.021261 0.173649
0 0.524685 0.673986 0.023784 0.183108
0 0.547027 0.693581 0.028108 0.238514
0 0.573153 0.673311 0.037838 0.175000
0 0.606847 0.685811 0.046847 0.197297
0 0.655676 0.676014 0.076036 0.192568
0 0.704144 0.645608 0.074234 0.172297
0 0.485405 0.670270 0.023063 0.171622
0 0.462342 0.661486 0.027387 0.164865
0 0.438378 0.688851 0.035676 0.222297
0 0.407387 0.685473 0.037838 0.175000
0 0.380000 0.671622 0.044324 0.156757
0 0.334054 0.679730 0.073514 0.193243
0 0.288468 0.653378 0.066667 0.191892