0 0.399306 0.679088 0.050735 0.137635
0 0.439584 0.679088 0.045539 0.154689
0 0.466216 0.672389 0.026047 0.165655
0 0.484081 0.682740 0.025402 0.186358
0 0.496748 0.690659 0.040342 0.187574
0 0.518186 0.702841 0.042937 0.192453
0 0.308686 0.375132 0.040991 0.104872
0 0.341166 0.436030 0.053986 0.121926
0 0.375270 0.486581 0.046836 0.179176
0 0.437310 0.337983 0.050086 0.132885
0 0.436011 0.429943 0.033196 0.102439
0 0.405804 0.434206 0.040342 0.089034
0 0.410350 0.533473 0.040339 0.107311
0 0.443805 0.523118 0.030595 0.096345
0 0.472712 0.426899 0.031247 0.137757
0 0.486679 0.475010 0.022800 0.170642
0 0.512014 0.485970 0.031899 0.197439
0 0.528905 0.502416 0.018905 0.059804
0 0.556870 0.394622 0.047420 0.190135
0 0.541895 0.535301 0.029297 0.089034
0 0.572753 0.558446 0.033845 0.089041
0 0.602312 0.546872 0.055283 0.117054
0 0.591917 0.462831 0.055279 0.100000
0 0.638040 0.459172 0.074768 0.121926
0 0.681564 0.720503 0.064375 0.130331
0 0.622124 0.698581 0.074123 0.186351
0 0.582823 0.676652 0.040991 0.105966
0 0.550342 0.667520 0.043589 0.099878
0 0.550018 0.771662 0.037744 0.118149
0 0.583146 0.794193 0.053333 0.114493
0 0.446079 0.805764 0.044238 0.144946
0 0.422043 0.752172 0.020850 0.096223
0 0.392486 0.783838 0.043589 0.125459
0 0.357407 0.683963 0.059182 0.179047
0 0.309335 0.683351 0.057877 0.129108