0 0.478559 0.489189 0.036757 0.191892
0 0.445766 0.471622 0.030991 0.220270
0 0.416577 0.477027 0.033874 0.244595
0 0.389369 0.483108 0.037117 0.208108
0 0.357838 0.496622 0.033153 0.170270
0 0.322342 0.482432 0.048649 0.175676
0 0.280000 0.477365 0.049009 0.150676
0 0.514054 0.486149 0.037838 0.193919
0 0.546126 0.480405 0.031351 0.198649
0 0.578378 0.481081 0.036036 0.232432
0 0.612613 0.483108 0.038919 0.224324
0 0.641622 0.485135 0.045045 0.190541
0 0.694595 0.482432 0.045045 0.166216
0 0.731351 0.392568 0.058018 0.102703
0 0.507387 0.708784 0.025225 0.200000
0 0.529369 0.712838 0.031712 0.208108
0 0.554955 0.717230 0.036036 0.238514
0 0.596216 0.701689 0.032793 0.208784
0 0.628468 0.692230 0.041081 0.187162
0 0.675495 0.670946 0.073153 0.181081
0 0.723063 0.645608 0.079640 0.175000
0 0.482883 0.702027 0.026667 0.189189
0 0.460180 0.703378 0.025946 0.198649
0 0.428108 0.700000 0.029550 0.212162
0 0.389910 0.692905 0.035315 0.193919
0 0.361802 0.690203 0.036757 0.196622
0 0.316036 0.676351 0.067748 0.198649
0 0.263604 0.638851 0.082523 0.168243
0 0.219640 0.633108 0.050090 0.109459