0 0.471532 0.490878 0.040721 0.256081
0 0.436937 0.493581 0.031351 0.235811
0 0.412252 0.397297 0.048288 0.168919
0 0.390450 0.456419 0.038559 0.125000
0 0.355856 0.434797 0.039279 0.122297
0 0.308288 0.456419 0.054414 0.187162
0 0.290631 0.389865 0.049369 0.121622
0 0.514775 0.489189 0.038559 0.259459
0 0.549009 0.488514 0.032793 0.235135
0 0.577297 0.406081 0.042523 0.163514
0 0.609009 0.502365 0.035315 0.158784
0 0.636216 0.412838 0.038559 0.131081
0 0.685045 0.446284 0.054054 0.196622
0 0.703423 0.380405 0.049009 0.120270
0 0.511712 0.716216 0.033153 0.170270
0 0.552793 0.788176 0.051171 0.154730
0 0.591532 0.739527 0.042162 0.122297
0 0.640000 0.730405 0.044685 0.097297
0 0.681802 0.661149 0.087207 0.184459
0 0.734054 0.637500 0.059820 0.120946
0 0.476577 0.716216 0.029189 0.167568
0 0.435315 0.755743 0.043964 0.173649
0 0.395856 0.753041 0.038559 0.122297
0 0.344685 0.737838 0.046486 0.093243
0 0.305586 0.665203 0.087928 0.180405
0 0.256036 0.647635 0.060180 0.116892
0 0.236036 0.560473 0.020180 0.069595
0 0.408649 0.523649 0.032432 0.158108
0 0.381802 0.531757 0.040000 0.113514
0 0.347928 0.518919 0.042883 0.117568
0 0.578198 0.513514 0.032072 0.160811
0 0.643423 0.494932 0.044324 0.142568
0 0.540541 0.674324 0.030270 0.104054
0 0.562162 0.698311 0.038919 0.149324
0 0.587568 0.667905 0.049369 0.099324
0 0.630811 0.665878 0.073153 0.146622
0 0.401982 0.674662 0.050090 0.103378
0 0.356216 0.676014 0.071712 0.157432