0 0.485586 0.481757 0.032072 0.186486
0 0.460541 0.471959 0.020901 0.181757
0 0.434775 0.457095 0.033514 0.212838
0 0.420000 0.467905 0.031351 0.200676
0 0.396216 0.480743 0.032072 0.168243
0 0.366306 0.447973 0.045766 0.206757
0 0.332432 0.434797 0.052252 0.169595
0 0.306667 0.372297 0.046126 0.124324
0 0.514414 0.478716 0.029910 0.184459
0 0.539099 0.471284 0.025225 0.180405
0 0.562523 0.454054 0.027387 0.210811
0 0.577297 0.477365 0.034595 0.187162
0 0.601622 0.464865 0.037117 0.185135
0 0.628468 0.445608 0.052613 0.192568
0 0.658018 0.436149 0.064144 0.169595
0 0.690991 0.368243 0.047207 0.128378
0 0.508829 0.668581 0.023784 0.143919
0 0.530450 0.659459 0.021622 0.136486
0 0.554054 0.663514 0.028468 0.182432
0 0.573694 0.656757 0.032432 0.186486
0 0.597658 0.646284 0.052252 0.177703
0 0.632793 0.624324 0.072793 0.195946
0 0.675495 0.591892 0.079640 0.177027
0 0.728468 0.567230 0.068108 0.129054
0 0.490811 0.673986 0.020901 0.150676
0 0.469730 0.666892 0.023423 0.151351
0 0.443243 0.669257 0.032432 0.180405
0 0.418018 0.660135 0.041081 0.194595
0 0.400180 0.645608 0.043604 0.177703
0 0.325766 0.598986 0.075676 0.177703
0 0.274595 0.567568 0.067748 0.136486