0 0.285407 0.475831 0.066094 0.148230
0 0.317595 0.546645 0.056652 0.190074
0 0.357939 0.502385 0.051503 0.120865
0 0.392274 0.543426 0.051503 0.112824
0 0.409011 0.462956 0.055795 0.141791
0 0.358369 0.590905 0.038627 0.127311
0 0.389699 0.602976 0.048068 0.122480
0 0.410301 0.604584 0.048068 0.125696
0 0.439914 0.516872 0.048930 0.194905
0 0.471243 0.557912 0.044634 0.196514
0 0.503863 0.548257 0.060086 0.212608
0 0.527897 0.518480 0.063521 0.175595
0 0.563948 0.453297 0.058368 0.164324
0 0.587124 0.524115 0.051503 0.099946
0 0.618025 0.495142 0.060086 0.116041
0 0.561802 0.584466 0.042061 0.130527
0 0.592703 0.596541 0.042061 0.099946
0 0.621029 0.586078 0.057510 0.107993
0 0.656652 0.541818 0.075539 0.161108
0 0.684119 0.446057 0.058371 0.120872
0 0.738627 0.697209 0.060944 0.111054
0 0.688411 0.702841 0.080685 0.164169
0 0.645494 0.795385 0.046353 0.104608
0 0.599141 0.699622 0.049784 0.096568
0 0.572103 0.705253 0.033474 0.123926
0 0.608584 0.799409 0.051503 0.160939
0 0.569526 0.838034 0.057510 0.135189
0 0.549355 0.744689 0.036050 0.193135
0 0.520171 0.748713 0.032616 0.172209
0 0.492274 0.767220 0.033477 0.196358
0 0.460085 0.754345 0.037769 0.173824
0 0.440342 0.847693 0.058371 0.138412
0 0.399141 0.796189 0.037769 0.115878
0 0.351932 0.808260 0.053218 0.120709
0 0.246780 0.722963 0.067809 0.123926
0 0.308584 0.724571 0.078112 0.185088
0 0.357939 0.716520 0.070386 0.130365
0 0.396996 0.712497 0.048926 0.090128
0 0.431759 0.723764 0.046350 0.119095
0 0.637337 0.697209 0.060944 0.133581