0 0.292274 0.670652 0.057514 0.141628
0 0.480258 0.743078 0.028328 0.215669
0 0.514162 0.713301 0.027467 0.188304
0 0.530043 0.721351 0.026609 0.217270
0 0.498712 0.731007 0.024032 0.217270
0 0.461802 0.750321 0.032620 0.197966
0 0.570386 0.731007 0.036908 0.210838
0 0.602575 0.731811 0.054937 0.183473
0 0.681973 0.681919 0.083261 0.186689
0 0.634764 0.710889 0.086695 0.177034
0 0.548928 0.725375 0.030043 0.206007
0 0.658368 0.372828 0.068670 0.157885
0 0.627895 0.450081 0.095279 0.196514
0 0.566523 0.439618 0.053218 0.259277
0 0.594420 0.430764 0.071247 0.260892
0 0.487124 0.458128 0.062659 0.276986
0 0.458798 0.466172 0.048926 0.260885
0 0.545923 0.405014 0.039485 0.299514
0 0.441202 0.446057 0.049784 0.252845
0 0.503861 0.437203 0.056652 0.260892
0 0.423604 0.442034 0.045492 0.231919
0 0.724032 0.650534 0.069528 0.133581
0 0.445492 0.747905 0.024036 0.212446
0 0.389699 0.436399 0.046353 0.262500
0 0.366953 0.441230 0.055795 0.262500
0 0.308155 0.376044 0.068670 0.170764
0 0.326609 0.455713 0.057514 0.204561
0 0.422746 0.726983 0.045492 0.196358
0 0.375106 0.722155 0.070386 0.199568
0 0.331330 0.704449 0.060086 0.206007