0 0.470631 0.528378 0.064144 0.220270
0 0.431532 0.502027 0.054414 0.168919
0 0.384505 0.480068 0.047568 0.103378
0 0.373874 0.534122 0.055856 0.107432
0 0.335676 0.520270 0.049369 0.097297
0 0.284144 0.526351 0.063063 0.147297
0 0.251351 0.474662 0.046486 0.096622
0 0.529910 0.518581 0.047928 0.256081
0 0.567748 0.509797 0.047207 0.160135
0 0.601982 0.484459 0.040721 0.093243
0 0.612973 0.543243 0.043964 0.097297
0 0.646667 0.513514 0.046486 0.112162
0 0.692072 0.525000 0.052973 0.150000
0 0.722883 0.472973 0.046126 0.091892
0 0.517477 0.762838 0.029550 0.170270
0 0.553333 0.804392 0.037838 0.141216
0 0.585405 0.857432 0.034955 0.114865
0 0.613694 0.807770 0.035315 0.077703
0 0.658018 0.798986 0.037477 0.064189
0 0.702523 0.747635 0.065225 0.143919
0 0.745766 0.703378 0.044324 0.093243
0 0.489009 0.765878 0.034595 0.180405
0 0.460180 0.694595 0.026667 0.082432
0 0.426486 0.854392 0.038559 0.111486
0 0.390270 0.806081 0.043964 0.075676
0 0.331351 0.791892 0.043604 0.064865
0 0.279279 0.751014 0.074234 0.149324
0 0.230270 0.711149 0.052613 0.092568
0 0.440901 0.626351 0.032072 0.052703
0 0.404505 0.587838 0.039279 0.167568
0 0.367928 0.611824 0.046847 0.104730
0 0.327387 0.605405 0.045766 0.100000
0 0.557297 0.625338 0.029910 0.064189
0 0.590811 0.578378 0.034234 0.183784
0 0.621802 0.613176 0.035676 0.107432
0 0.655135 0.606419 0.045405 0.097973
0 0.545586 0.697973 0.026667 0.081081
0 0.573874 0.750338 0.026306 0.168243
0 0.606667 0.729054 0.040000 0.114865
0 0.648288 0.732770 0.059820 0.137162
0 0.458378 0.806419 0.039640 0.157432
0 0.429910 0.744257 0.033874 0.162838
0 0.393333 0.727365 0.050090 0.110135
0 0.343604 0.725338 0.072432 0.122297