0 0.477477 0.515878 0.033153 0.222297
0 0.451171 0.503378 0.027387 0.214865
0 0.423063 0.465541 0.035315 0.286486
0 0.398559 0.487162 0.036757 0.213514
0 0.371892 0.492568 0.036757 0.187838
0 0.325586 0.480743 0.046486 0.172297
0 0.292613 0.431419 0.043964 0.097973
0 0.510631 0.514189 0.035315 0.224324
0 0.535135 0.505068 0.030270 0.202027
0 0.562703 0.471959 0.035676 0.261486
0 0.584144 0.494257 0.038919 0.188514
0 0.610270 0.492568 0.037838 0.190541
0 0.644865 0.492230 0.051532 0.193919
0 0.684865 0.470608 0.051532 0.203378
0 0.700000 0.420608 0.048649 0.096622
0 0.505045 0.717230 0.021261 0.179054
0 0.525405 0.723649 0.023784 0.183784
0 0.546847 0.749324 0.037838 0.241892
0 0.578198 0.725000 0.032793 0.182432
0 0.607928 0.722297 0.037477 0.178378
0 0.683604 0.685135 0.094414 0.147297
0 0.733514 0.666216 0.065225 0.117568
0 0.485045 0.712838 0.023784 0.187838
0 0.461982 0.720946 0.024505 0.185135
0 0.436216 0.739189 0.029910 0.231081
0 0.408288 0.727703 0.032432 0.183784
0 0.379279 0.733784 0.034955 0.210811
0 0.310450 0.671959 0.081081 0.150676
0 0.254955 0.673649 0.062342 0.114865