0 0.588995 0.477446 0.037744 0.219365
0 0.625081 0.709541 0.053917 0.193662
0 0.396058 0.704057 0.048137 0.197318
0 0.351234 0.685179 0.084515 0.198534
0 0.297317 0.648639 0.083218 0.181480
0 0.245998 0.617578 0.057229 0.112061
0 0.337593 0.461611 0.054631 0.177953
0 0.373323 0.468919 0.042941 0.195000
0 0.398980 0.471966 0.043589 0.198662
0 0.423342 0.479270 0.041640 0.225459
0 0.453874 0.499980 0.032548 0.201095
0 0.477910 0.502027 0.036447 0.211622
0 0.506818 0.508503 0.031899 0.205966
0 0.536050 0.501196 0.029297 0.198662
0 0.562360 0.479882 0.035142 0.238858
0 0.618227 0.476838 0.033845 0.188919
0 0.651683 0.470135 0.053982 0.192568
0 0.695856 0.456736 0.056584 0.180392
0 0.719892 0.397054 0.053982 0.097568
0 0.761791 0.621233 0.052036 0.112061
0 0.717002 0.658382 0.081852 0.186358
0 0.665681 0.696750 0.079254 0.209500
0 0.598769 0.711976 0.050670 0.193669
0 0.568564 0.716848 0.047420 0.198534
0 0.537706 0.720503 0.027283 0.186358
0 0.518220 0.722328 0.019488 0.185142
0 0.501978 0.716240 0.023387 0.168088
0 0.477586 0.713804 0.029297 0.175392
0 0.447378 0.716240 0.040342 0.197318
0 0.419121 0.709541 0.043589 0.198541
0 0.275231 0.366605 0.052032 0.124358
0 0.297641 0.441514 0.051384 0.191351