0 0.484865 0.474324 0.032793 0.260811
0 0.459459 0.485473 0.025946 0.237162
0 0.435495 0.485473 0.037117 0.252027
0 0.408649 0.472635 0.041802 0.252027
0 0.380541 0.475000 0.039640 0.239189
0 0.343964 0.477027 0.052973 0.209459
0 0.297297 0.478041 0.046126 0.169595
0 0.272793 0.395270 0.038919 0.120270
0 0.512973 0.475000 0.031351 0.260811
0 0.536757 0.485473 0.029189 0.225000
0 0.560000 0.465878 0.035315 0.277703
0 0.585766 0.473986 0.040000 0.245270
0 0.613153 0.482095 0.037117 0.207432
0 0.646486 0.465203 0.054054 0.208784
0 0.694234 0.443243 0.049369 0.205405
0 0.716577 0.378378 0.042883 0.106757
0 0.497838 0.700338 0.023423 0.169595
0 0.519459 0.716892 0.024865 0.205405
0 0.544505 0.717568 0.030991 0.212162
0 0.575856 0.693919 0.049730 0.200000
0 0.605766 0.682095 0.057658 0.188514
0 0.651892 0.660811 0.092973 0.206757
0 0.702162 0.627027 0.083243 0.187838
0 0.753153 0.598649 0.057658 0.110811
0 0.478378 0.703716 0.023423 0.162838
0 0.454414 0.697973 0.027387 0.162162
0 0.430270 0.706081 0.035315 0.208108
0 0.399640 0.703378 0.045405 0.217568
0 0.366667 0.693243 0.055856 0.206757
0 0.322162 0.675338 0.090090 0.216892
0 0.272252 0.642230 0.083243 0.188514
0 0.224865 0.613176 0.063423 0.127703