0 0.480541 0.466216 0.032072 0.201351
0 0.454955 0.466216 0.023423 0.181081
0 0.422162 0.449324 0.032072 0.224324
0 0.392072 0.472973 0.032432 0.195946
0 0.367207 0.470270 0.034595 0.193243
0 0.334595 0.480743 0.045766 0.180405
0 0.292613 0.471959 0.040360 0.183108
0 0.263423 0.421284 0.042523 0.135811
0 0.510631 0.461486 0.027387 0.208108
0 0.537297 0.462162 0.023063 0.185135
0 0.565045 0.436824 0.033874 0.261486
0 0.590811 0.474324 0.037838 0.183784
0 0.617117 0.470608 0.036396 0.197973
0 0.647928 0.473986 0.048288 0.176351
0 0.693153 0.471622 0.045045 0.191892
0 0.722703 0.396284 0.046486 0.162838
0 0.503964 0.668919 0.016216 0.164865
0 0.523063 0.672973 0.021982 0.182432
0 0.549189 0.676689 0.026667 0.211486
0 0.576757 0.663176 0.028468 0.173649
0 0.600541 0.680743 0.032072 0.206081
0 0.638378 0.689189 0.068108 0.214865
0 0.682523 0.646959 0.065586 0.160135
0 0.731712 0.616892 0.068829 0.152703
0 0.484505 0.661149 0.019820 0.150676
0 0.466306 0.677703 0.022342 0.190541
0 0.439279 0.684122 0.028829 0.204730
0 0.407928 0.672635 0.031712 0.172297
0 0.383063 0.679730 0.032432 0.179730
0 0.341982 0.703716 0.067748 0.227703
0 0.297297 0.663851 0.063423 0.176351
0 0.244505 0.656757 0.069550 0.168919