0 0.490090 0.480405 0.033153 0.231081
0 0.460360 0.477703 0.026306 0.221622
0 0.434775 0.442905 0.039279 0.206081
0 0.404505 0.516892 0.043604 0.145946
0 0.394414 0.425676 0.043604 0.120270
0 0.361441 0.483446 0.052613 0.195270
0 0.322162 0.437162 0.054775 0.137838
0 0.518018 0.481757 0.032793 0.231081
0 0.545225 0.481419 0.026667 0.196622
0 0.572973 0.427703 0.038198 0.187838
0 0.590090 0.524662 0.037117 0.150676
0 0.615135 0.461824 0.038919 0.096622
0 0.652252 0.481757 0.049730 0.217568
0 0.683063 0.441216 0.046486 0.148649
0 0.508829 0.722635 0.029550 0.172297
0 0.522703 0.724324 0.038559 0.193243
0 0.545946 0.744932 0.041081 0.203378
0 0.574054 0.764189 0.043964 0.159459
0 0.612252 0.792905 0.061982 0.131757
0 0.641622 0.728041 0.065225 0.197973
0 0.695856 0.711149 0.063423 0.157432
0 0.489910 0.723649 0.022703 0.177027
0 0.467928 0.719595 0.028468 0.185135
0 0.442883 0.740541 0.031712 0.200000
0 0.417477 0.715541 0.033514 0.177027
0 0.373694 0.780068 0.046126 0.123649
0 0.338378 0.713176 0.080721 0.197973
0 0.282523 0.701351 0.073514 0.160811
0 0.618559 0.543581 0.041441 0.087162
0 0.598919 0.700676 0.061261 0.110811
0 0.386847 0.687838 0.058739 0.125676