0 0.467748 0.482770 0.051171 0.160135
0 0.436757 0.505405 0.049730 0.112162
0 0.414595 0.429054 0.041441 0.109459
0 0.393694 0.505743 0.042162 0.103378
0 0.365225 0.469257 0.038559 0.095270
0 0.327387 0.466892 0.058739 0.145946
0 0.295676 0.396622 0.037838 0.112162
0 0.520360 0.493919 0.053333 0.163514
0 0.551351 0.506757 0.044685 0.116216
0 0.572072 0.429392 0.040721 0.106081
0 0.594775 0.498649 0.044324 0.091892
0 0.624324 0.458784 0.045766 0.094595
0 0.661802 0.446622 0.071712 0.154054
0 0.692252 0.374662 0.049730 0.126351
0 0.506667 0.747635 0.027387 0.149324
0 0.534595 0.786486 0.046486 0.117568
0 0.569910 0.850338 0.042162 0.103378
0 0.597477 0.776689 0.044685 0.085811
0 0.647387 0.756081 0.040721 0.079730
0 0.691171 0.680068 0.071351 0.166892
0 0.747387 0.650000 0.056216 0.120270
0 0.480721 0.748311 0.026667 0.146622
0 0.456396 0.803041 0.040000 0.129054
0 0.408649 0.844257 0.052613 0.106081
0 0.390270 0.771622 0.046126 0.074324
0 0.340180 0.764189 0.041081 0.074324
0 0.298378 0.694932 0.075676 0.162838
0 0.247207 0.670608 0.056937 0.115541
0 0.476216 0.594595 0.029189 0.131081
0 0.448829 0.587500 0.027027 0.139865
0 0.418018 0.549662 0.034595 0.211486
0 0.388649 0.580743 0.037838 0.112838
0 0.356577 0.554730 0.049369 0.133784
0 0.509009 0.544257 0.034955 0.152027
0 0.541261 0.584122 0.025946 0.138514
0 0.576216 0.551351 0.033874 0.194595
0 0.605225 0.566554 0.043604 0.119595
0 0.637838 0.542230 0.046847 0.139865
0 0.530450 0.733108 0.026667 0.147297
0 0.555856 0.730405 0.031351 0.156757
0 0.592613 0.703041 0.046486 0.133108
0 0.630811 0.686486 0.071712 0.162162
0 0.457297 0.729730 0.024505 0.132432
0 0.432252 0.734459 0.029189 0.156757
0 0.398739 0.707095 0.045045 0.125000
0 0.355495 0.696284 0.074595 0.158784