0 0.481982 0.393919 0.035676 0.258108
0 0.443784 0.415878 0.037117 0.195270
0 0.415856 0.404054 0.030991 0.267568
0 0.387568 0.422297 0.043604 0.248649
0 0.350270 0.428716 0.044685 0.233108
0 0.310811 0.405068 0.050090 0.235811
0 0.279640 0.363514 0.041802 0.120270
0 0.521982 0.398649 0.037838 0.251351
0 0.556757 0.417568 0.033874 0.195946
0 0.584685 0.409797 0.035676 0.258784
0 0.615135 0.324662 0.038919 0.233108
0 0.643243 0.445270 0.044685 0.201351
0 0.684324 0.432095 0.049730 0.219595
0 0.714414 0.375000 0.047928 0.131081
0 0.518018 0.658784 0.020541 0.194595
0 0.538378 0.671622 0.025946 0.208108
0 0.562523 0.688176 0.033153 0.258784
0 0.589910 0.692568 0.032432 0.245946
0 0.625586 0.687838 0.049009 0.222973
0 0.670991 0.678378 0.072793 0.216216
0 0.717297 0.656757 0.068829 0.208108
0 0.766486 0.628041 0.056216 0.125000
0 0.497658 0.661824 0.019459 0.208784
0 0.480000 0.667568 0.027387 0.193243
0 0.455676 0.698311 0.036396 0.250676
0 0.425405 0.695270 0.033514 0.235135
0 0.394414 0.690541 0.039279 0.232432
0 0.351712 0.687162 0.067748 0.222973
0 0.296036 0.656419 0.078198 0.214189
0 0.240721 0.633784 0.062703 0.129730
0 0.609730 0.484797 0.038919 0.120946