0 0.559694 0.732257 0.036396 0.209527
0 0.331405 0.719088 0.090674 0.238270
0 0.234661 0.689753 0.063218 0.138885
0 0.572786 0.502372 0.035762 0.240662
0 0.515314 0.722679 0.022987 0.178399
0 0.767868 0.683169 0.061942 0.156851
0 0.282236 0.683764 0.077906 0.201149
0 0.492326 0.717892 0.029373 0.161635
0 0.439005 0.747824 0.040231 0.228689
0 0.378022 0.737645 0.057470 0.232277
0 0.408993 0.747223 0.051723 0.234676
0 0.468059 0.723875 0.034483 0.178399
0 0.536068 0.731659 0.028735 0.186777
0 0.720295 0.672990 0.095784 0.181993
0 0.589068 0.752611 0.038951 0.238264
0 0.619719 0.734652 0.053002 0.216709
0 0.671126 0.714297 0.090677 0.207135
0 0.661546 0.502372 0.062580 0.207135
0 0.727321 0.408980 0.060025 0.125716
0 0.704969 0.482618 0.068966 0.172412
0 0.605672 0.507760 0.033845 0.239466
0 0.629299 0.511355 0.042786 0.193966
0 0.433577 0.502970 0.040868 0.253831
0 0.517868 0.499976 0.038317 0.271791
0 0.537984 0.507760 0.045337 0.239466
0 0.265951 0.407182 0.075989 0.153257
0 0.489450 0.499382 0.037676 0.265804
0 0.462314 0.514348 0.035762 0.247845
0 0.374510 0.499980 0.045337 0.228689
0 0.402286 0.510155 0.045978 0.225095
0 0.333960 0.488003 0.054919 0.221507
0 0.290218 0.471243 0.070879 0.204743