0 0.483243 0.454054 0.030991 0.224324
0 0.456937 0.458108 0.023784 0.204054
0 0.429550 0.435811 0.032432 0.248649
0 0.407207 0.432432 0.036757 0.233784
0 0.382523 0.422297 0.037117 0.235135
0 0.356937 0.413176 0.055856 0.227703
0 0.323784 0.401014 0.070270 0.212838
0 0.299640 0.337838 0.054414 0.125676
0 0.513694 0.449662 0.032793 0.237162
0 0.535676 0.446959 0.032072 0.203378
0 0.562883 0.422297 0.036757 0.256757
0 0.584505 0.425676 0.048288 0.214865
0 0.611892 0.412162 0.040360 0.217568
0 0.644324 0.417230 0.054054 0.191216
0 0.670270 0.385473 0.069189 0.191216
0 0.691171 0.321622 0.054054 0.147297
0 0.513874 0.674662 0.027387 0.185811
0 0.531712 0.676689 0.023423 0.202027
0 0.557117 0.689189 0.033153 0.225676
0 0.583063 0.674324 0.033874 0.204054
0 0.614775 0.671284 0.051171 0.230405
0 0.654775 0.639527 0.082162 0.219595
0 0.696396 0.604054 0.079640 0.202703
0 0.741081 0.550000 0.074595 0.139189
0 0.493153 0.670608 0.021982 0.180405
0 0.474414 0.679730 0.024865 0.204054
0 0.447387 0.679730 0.032072 0.212162
0 0.422703 0.670270 0.033153 0.197297
0 0.397477 0.669595 0.040360 0.213514
0 0.352613 0.649662 0.081081 0.212838
0 0.303784 0.612500 0.083604 0.197973
0 0.264505 0.563851 0.069910 0.161486