0 0.482883 0.487500 0.031712 0.233108
0 0.460180 0.479054 0.043964 0.182432
0 0.437477 0.384797 0.049730 0.164189
0 0.411712 0.440203 0.040000 0.152027
0 0.385225 0.448311 0.038198 0.129054
0 0.345586 0.480743 0.054054 0.196622
0 0.316577 0.418919 0.058739 0.127027
0 0.516937 0.482432 0.033514 0.251351
0 0.572252 0.393243 0.049009 0.154054
0 0.593694 0.450676 0.054414 0.167568
0 0.610631 0.446284 0.045766 0.133108
0 0.643063 0.481419 0.057297 0.187162
0 0.688108 0.425000 0.060180 0.136486
0 0.509009 0.702027 0.019820 0.177027
0 0.528468 0.699662 0.027748 0.176351
0 0.539279 0.808446 0.031351 0.153378
0 0.564144 0.745270 0.030631 0.127027
0 0.597477 0.760473 0.038919 0.112838
0 0.638378 0.681757 0.078919 0.174324
0 0.696937 0.686149 0.064865 0.137162
0 0.492072 0.694932 0.017658 0.169595
0 0.475135 0.689527 0.019820 0.158784
0 0.454234 0.797297 0.036396 0.159459
0 0.428288 0.734459 0.030631 0.124324
0 0.393874 0.752703 0.034595 0.110811
0 0.355135 0.690541 0.073874 0.187838
0 0.302523 0.684459 0.062342 0.141892
0 0.271892 0.602365 0.023423 0.080405
0 0.430631 0.531757 0.025225 0.102703
0 0.409189 0.540203 0.034955 0.091216
0 0.381441 0.533784 0.043604 0.108108
0 0.545405 0.486149 0.024144 0.158784
0 0.566667 0.531757 0.029189 0.113514
0 0.585405 0.555405 0.036396 0.082432
0 0.612613 0.563851 0.044685 0.085811
0 0.545946 0.672973 0.017297 0.120270
0 0.563964 0.658108 0.029550 0.078378
0 0.591171 0.679054 0.048649 0.098649
0 0.453694 0.670946 0.022342 0.128378
0 0.430270 0.652027 0.031712 0.083784
0 0.401982 0.660811 0.045045 0.104054