0 0.489369 0.498311 0.029550 0.222297
0 0.459820 0.495270 0.036757 0.210811
0 0.430631 0.408108 0.043243 0.212162
0 0.398559 0.427703 0.041081 0.167568
0 0.372072 0.423311 0.050090 0.142568
0 0.327207 0.469595 0.052613 0.197297
0 0.294414 0.406757 0.051892 0.136486
0 0.522162 0.500676 0.031712 0.220270
0 0.551892 0.502027 0.031351 0.221622
0 0.579099 0.419257 0.038919 0.207432
0 0.608468 0.422635 0.032793 0.197973
0 0.633514 0.421959 0.039640 0.142568
0 0.678559 0.475676 0.049009 0.183784
0 0.707387 0.412500 0.046126 0.126351
0 0.507027 0.711486 0.022342 0.178378
0 0.526486 0.717568 0.025225 0.190541
0 0.550991 0.728716 0.031712 0.189865
0 0.580000 0.723311 0.032793 0.179054
0 0.625946 0.787162 0.044685 0.151351
0 0.669009 0.704054 0.082523 0.201351
0 0.718919 0.702027 0.059099 0.131081
0 0.487387 0.715541 0.025586 0.189189
0 0.469189 0.710811 0.041081 0.195946
0 0.446126 0.771284 0.041081 0.187162
0 0.406126 0.770608 0.045405 0.145270
0 0.361081 0.776689 0.041802 0.138514
0 0.318559 0.697635 0.088649 0.202027
0 0.266126 0.685135 0.063063 0.128378
0 0.428829 0.537500 0.030991 0.089865
0 0.401982 0.526689 0.038559 0.115541
0 0.366847 0.517230 0.043964 0.125000
0 0.583423 0.543243 0.027387 0.104054
0 0.611532 0.541892 0.032432 0.104054
0 0.641802 0.518581 0.041081 0.131757
0 0.618198 0.714865 0.055856 0.183784
0 0.437117 0.668919 0.024505 0.086486
0 0.411171 0.666554 0.033153 0.072297
0 0.371712 0.694932 0.061622 0.160135