0 0.484144 0.550676 0.032793 0.235135
0 0.458739 0.541554 0.028829 0.212838
0 0.431351 0.511486 0.032432 0.229730
0 0.403423 0.532770 0.037117 0.185811
0 0.382523 0.524324 0.042162 0.190541
0 0.352432 0.522297 0.046847 0.174324
0 0.324685 0.474662 0.051892 0.133108
0 0.301982 0.412162 0.047568 0.074324
0 0.513874 0.555743 0.027387 0.219595
0 0.532252 0.544595 0.035315 0.212162
0 0.557838 0.494257 0.033874 0.208784
0 0.577477 0.555068 0.042162 0.176351
0 0.598198 0.546959 0.041081 0.177703
0 0.631532 0.521622 0.055856 0.206757
0 0.663063 0.496959 0.067027 0.152027
0 0.697477 0.431757 0.054414 0.093243
0 0.505405 0.737500 0.018378 0.157432
0 0.521081 0.739527 0.025946 0.169595
0 0.543423 0.743919 0.032432 0.179730
0 0.567387 0.743581 0.037838 0.185811
0 0.598198 0.727027 0.053333 0.168919
0 0.643423 0.715541 0.090450 0.183784
0 0.692793 0.711149 0.058739 0.141216
0 0.742703 0.648311 0.050450 0.112838
0 0.487387 0.734122 0.021261 0.154730
0 0.469730 0.741216 0.021982 0.167568
0 0.441261 0.748311 0.033514 0.185811
0 0.418378 0.729054 0.038919 0.162162
0 0.383784 0.728041 0.050450 0.147973
0 0.342703 0.695946 0.072072 0.164865
0 0.298739 0.692568 0.050450 0.128378
0 0.258378 0.621959 0.045405 0.102027
0 0.558739 0.616216 0.028468 0.051351