0 0.506818 0.457345 0.035791 0.227892
0 0.417495 0.447605 0.040339 0.249818
0 0.699103 0.403145 0.057881 0.199872
0 0.333045 0.434814 0.052036 0.241291
0 0.345389 0.676044 0.085813 0.214372
0 0.368126 0.455520 0.037744 0.229108
0 0.616277 0.440905 0.041643 0.216932
0 0.283350 0.420807 0.060479 0.203534
0 0.476286 0.454912 0.037092 0.225459
0 0.697187 0.617581 0.090295 0.199757
0 0.565283 0.445169 0.030595 0.237635
0 0.654723 0.668345 0.089647 0.211932
0 0.653957 0.420196 0.053333 0.216932
0 0.590942 0.440902 0.041640 0.224236
0 0.606240 0.668736 0.060414 0.199757
0 0.446077 0.448821 0.031247 0.223020
0 0.581231 0.676652 0.046771 0.203412
0 0.534427 0.449429 0.031247 0.214493
0 0.553297 0.677264 0.041578 0.202189
0 0.527605 0.671172 0.022800 0.175399
0 0.509416 0.663257 0.020202 0.164432
0 0.493825 0.662037 0.021503 0.159561
0 0.475960 0.674216 0.024750 0.191230
0 0.452933 0.679699 0.043524 0.197318
0 0.424025 0.680916 0.040274 0.192453
0 0.392193 0.682132 0.040277 0.194885
0 0.289847 0.635240 0.081265 0.176615
0 0.393135 0.460392 0.039690 0.233986