0 0.475315 0.454392 0.039640 0.289865
0 0.443423 0.477365 0.027748 0.220946
0 0.415135 0.435135 0.032432 0.289189
0 0.388649 0.471284 0.050811 0.211486
0 0.361802 0.476689 0.038919 0.216892
0 0.361982 0.475000 0.037838 0.209459
0 0.325045 0.479392 0.049730 0.208784
0 0.283784 0.434122 0.054414 0.177703
0 0.512793 0.453378 0.038919 0.286486
0 0.539099 0.464865 0.036036 0.222973
0 0.566667 0.426689 0.035676 0.297973
0 0.592613 0.455405 0.043604 0.232432
0 0.626306 0.448986 0.041081 0.239865
0 0.664685 0.457770 0.055135 0.215541
0 0.705045 0.417905 0.058018 0.145270
0 0.496937 0.702365 0.023784 0.196622
0 0.516937 0.708108 0.030631 0.204054
0 0.540901 0.709459 0.032432 0.229730
0 0.570090 0.697635 0.036036 0.199324
0 0.600180 0.705068 0.040721 0.211486
0 0.645405 0.688176 0.064865 0.199324
0 0.703243 0.675676 0.063784 0.136486
0 0.475135 0.699324 0.021982 0.178378
0 0.451712 0.708446 0.025586 0.200676
0 0.427207 0.723311 0.029189 0.238514
0 0.401261 0.705405 0.033514 0.201351
0 0.370991 0.716216 0.040721 0.212162
0 0.324865 0.700000 0.074595 0.201351
0 0.275315 0.685811 0.063423 0.144595