0 0.486486 0.472635 0.033874 0.222297
0 0.460360 0.474324 0.031351 0.209459
0 0.433333 0.454392 0.041441 0.250676
0 0.406847 0.471284 0.046126 0.156081
0 0.408649 0.393243 0.051171 0.148649
0 0.368108 0.428716 0.052973 0.203378
0 0.330631 0.408108 0.059459 0.185135
0 0.309369 0.342568 0.046486 0.140541
0 0.519459 0.475338 0.033514 0.215541
0 0.542342 0.462838 0.040360 0.210811
0 0.563063 0.436486 0.056577 0.221622
0 0.586126 0.457095 0.052252 0.166892
0 0.590631 0.450000 0.052613 0.190541
0 0.636757 0.438514 0.049730 0.178378
0 0.675495 0.407095 0.053694 0.181757
0 0.689009 0.342905 0.046847 0.126351
0 0.507027 0.692905 0.021622 0.156081
0 0.527748 0.698986 0.025586 0.175000
0 0.553333 0.693581 0.036396 0.165541
0 0.570631 0.669257 0.040000 0.158784
0 0.618378 0.653378 0.069910 0.129730
0 0.650090 0.629730 0.083604 0.171622
0 0.690270 0.585135 0.081081 0.159459
0 0.737838 0.563176 0.065225 0.100676
0 0.487748 0.697973 0.020541 0.168919
0 0.467207 0.699662 0.023423 0.164189
0 0.440721 0.707095 0.031712 0.168243
0 0.410631 0.696622 0.034234 0.140541
0 0.380541 0.667230 0.064865 0.170946
0 0.340901 0.627365 0.094414 0.168243
0 0.303784 0.586149 0.074955 0.162838
0 0.257838 0.573986 0.060180 0.111486