0 0.465586 0.527027 0.045405 0.252703
0 0.437297 0.513514 0.029189 0.268919
0 0.405405 0.493243 0.030991 0.290541
0 0.376937 0.511486 0.037477 0.224324
0 0.347748 0.500676 0.036757 0.227027
0 0.315676 0.492230 0.043964 0.212838
0 0.277658 0.476351 0.049369 0.178378
0 0.263243 0.406757 0.047928 0.089189
0 0.501982 0.523311 0.033153 0.250676
0 0.530631 0.510135 0.034955 0.241892
0 0.563604 0.460135 0.035315 0.328378
0 0.592432 0.475338 0.043243 0.252027
0 0.620360 0.480068 0.039279 0.233108
0 0.655856 0.479392 0.053333 0.199324
0 0.699459 0.459797 0.056937 0.191216
0 0.714955 0.389527 0.049009 0.088514
0 0.498919 0.739189 0.021261 0.170270
0 0.520180 0.739527 0.024144 0.172297
0 0.549730 0.752027 0.034955 0.213514
0 0.581802 0.734122 0.037838 0.179054
0 0.615135 0.727365 0.051171 0.203378
0 0.658919 0.698311 0.085405 0.197973
0 0.672973 0.593581 0.001081 0.002027
0 0.704144 0.657432 0.067748 0.179730
0 0.753333 0.638176 0.043604 0.095270
0 0.477297 0.741892 0.022703 0.171622
0 0.454414 0.740203 0.024505 0.173649
0 0.425225 0.769932 0.030270 0.243919
0 0.392793 0.746622 0.032432 0.182432
0 0.364324 0.735473 0.035315 0.188514
0 0.321261 0.712162 0.070270 0.194595
0 0.277117 0.667230 0.069910 0.168243
0 0.229189 0.641892 0.040360 0.091892