0 0.476577 0.542568 0.031351 0.254054
0 0.453153 0.552703 0.034234 0.232432
0 0.428829 0.470270 0.041802 0.183784
0 0.403604 0.521284 0.044685 0.153378
0 0.378739 0.481081 0.041081 0.139189
0 0.329009 0.522297 0.064865 0.205405
0 0.297658 0.471622 0.049730 0.128378
0 0.270631 0.411486 0.045405 0.087838
0 0.512432 0.555405 0.029550 0.217568
0 0.534234 0.552703 0.038559 0.228378
0 0.556396 0.473311 0.038919 0.197973
0 0.586126 0.521622 0.043604 0.155405
0 0.609910 0.480068 0.045045 0.156081
0 0.660000 0.517568 0.065225 0.206757
0 0.688288 0.462162 0.054054 0.129730
0 0.716396 0.405743 0.046847 0.087162
0 0.507928 0.736149 0.020541 0.161486
0 0.529369 0.736824 0.032432 0.164189
0 0.561802 0.781757 0.045405 0.175676
0 0.588288 0.734122 0.040000 0.168243
0 0.636937 0.775338 0.036396 0.122297
0 0.676577 0.697635 0.084685 0.197973
0 0.727568 0.690878 0.064865 0.134459
0 0.757658 0.620608 0.049369 0.099324
0 0.485405 0.734797 0.023063 0.160135
0 0.462523 0.740203 0.029189 0.172297
0 0.433874 0.792568 0.046126 0.171622
0 0.411532 0.733784 0.038919 0.158108
0 0.363604 0.788514 0.043964 0.108108
0 0.323423 0.719595 0.081802 0.210811
0 0.270991 0.712500 0.060541 0.133108
0 0.242703 0.644595 0.043604 0.090541
0 0.420360 0.582770 0.028468 0.139865
0 0.394054 0.607432 0.037117 0.086486
0 0.364685 0.585135 0.041802 0.114865
0 0.567568 0.595270 0.026667 0.113514
0 0.597477 0.610811 0.036757 0.078378
0 0.626486 0.577365 0.040721 0.131757
0 0.560541 0.687500 0.025586 0.064189
0 0.629009 0.703378 0.065946 0.154054
0 0.436396 0.692905 0.024505 0.081757
0 0.371892 0.705405 0.064865 0.148649