0 0.472613 0.539865 0.032072 0.225676
0 0.450450 0.497635 0.030991 0.249324
0 0.427207 0.492905 0.032793 0.283108
0 0.407207 0.512162 0.038919 0.210811
0 0.378559 0.509122 0.039279 0.196622
0 0.342883 0.494257 0.045766 0.195270
0 0.299640 0.481081 0.050811 0.193243
0 0.277838 0.427027 0.057658 0.104054
0 0.503784 0.531419 0.030270 0.239865
0 0.528649 0.526689 0.024505 0.229054
0 0.554775 0.484122 0.033514 0.297973
0 0.579640 0.531419 0.041441 0.177703
0 0.599099 0.509797 0.041441 0.207432
0 0.636577 0.487500 0.047207 0.214189
0 0.675315 0.482770 0.070631 0.196622
0 0.707387 0.426351 0.049730 0.094595
0 0.506486 0.740878 0.021982 0.181757
0 0.524865 0.744595 0.029910 0.194595
0 0.547568 0.748311 0.033514 0.238514
0 0.574054 0.730405 0.046847 0.197297
0 0.607387 0.717568 0.055856 0.179730
0 0.658198 0.698649 0.089730 0.186486
0 0.705045 0.666216 0.083243 0.168919
0 0.750450 0.629730 0.052973 0.118919
0 0.485946 0.734797 0.023423 0.177703
0 0.464324 0.741892 0.026306 0.189189
0 0.438559 0.748986 0.028108 0.219595
0 0.413514 0.744932 0.036396 0.218243
0 0.383423 0.724324 0.046847 0.190541
0 0.335495 0.710135 0.082162 0.202703
0 0.284685 0.672297 0.076396 0.168919
0 0.246486 0.634459 0.046847 0.108108