0 0.481622 0.428378 0.019099 0.235135
0 0.465405 0.425000 0.027027 0.216216
0 0.447207 0.425676 0.025946 0.239189
0 0.426847 0.442568 0.029910 0.210811
0 0.406847 0.439189 0.031712 0.209459
0 0.374775 0.464527 0.051892 0.164189
0 0.338018 0.452365 0.041802 0.170946
0 0.501622 0.435811 0.019459 0.217568
0 0.517658 0.455743 0.026306 0.176351
0 0.533874 0.428041 0.025586 0.238514
0 0.550811 0.438176 0.035676 0.215541
0 0.572252 0.438851 0.036036 0.225000
0 0.603063 0.453716 0.051532 0.196622
0 0.639279 0.460811 0.052613 0.178378
0 0.498739 0.668243 0.018739 0.193243
0 0.509910 0.669595 0.020180 0.185135
0 0.527568 0.688176 0.021622 0.220946
0 0.546126 0.675000 0.029189 0.186486
0 0.566486 0.679054 0.036036 0.206757
0 0.600721 0.664865 0.061982 0.183784
0 0.643423 0.653716 0.065946 0.176351
0 0.486486 0.674662 0.017297 0.192568
0 0.470991 0.679392 0.017297 0.175000
0 0.455315 0.678041 0.022703 0.211486
0 0.433153 0.675338 0.025946 0.189865
0 0.412613 0.680068 0.034595 0.203378
0 0.376216 0.664189 0.063423 0.178378
0 0.329550 0.643243 0.072432 0.183784
0 0.283604 0.626689 0.053333 0.103378