0 0.475495 0.580405 0.037838 0.172973
0 0.451171 0.523649 0.032432 0.143243
0 0.432793 0.454730 0.037477 0.121622
0 0.417297 0.502365 0.038919 0.130405
0 0.392613 0.495608 0.043604 0.087162
0 0.344685 0.541892 0.052252 0.166216
0 0.323423 0.450338 0.055856 0.104730
0 0.511892 0.568243 0.035676 0.159459
0 0.534955 0.523649 0.034234 0.140541
0 0.556937 0.453716 0.038559 0.135811
0 0.570991 0.510811 0.044324 0.116216
0 0.598378 0.492230 0.040000 0.097973
0 0.638739 0.533446 0.063784 0.185811
0 0.665405 0.435811 0.053694 0.135135
0 0.511532 0.765203 0.029189 0.164189
0 0.526486 0.800000 0.030991 0.125676
0 0.557117 0.866554 0.045405 0.116892
0 0.579459 0.813851 0.039640 0.091216
0 0.618739 0.800000 0.041802 0.074324
0 0.652072 0.715203 0.086126 0.157432
0 0.712432 0.698311 0.056216 0.107432
0 0.492432 0.752703 0.024865 0.145946
0 0.469189 0.794595 0.035315 0.147297
0 0.430450 0.868243 0.046486 0.121622
0 0.413694 0.806081 0.042523 0.079730
0 0.371892 0.795270 0.040360 0.072973
0 0.342342 0.717230 0.085766 0.160135
0 0.278919 0.692905 0.057658 0.110135
0 0.452973 0.616892 0.020180 0.085135
0 0.430631 0.560135 0.025946 0.202703
0 0.410991 0.589865 0.040000 0.116216
0 0.383243 0.578378 0.043604 0.117568
0 0.533153 0.606081 0.020541 0.124324
0 0.554955 0.565541 0.025225 0.193243
0 0.573333 0.592568 0.038919 0.110811
0 0.602523 0.578041 0.046847 0.126351
0 0.544865 0.753041 0.028108 0.131757
0 0.568288 0.734459 0.038919 0.112162
0 0.602523 0.727703 0.064144 0.144595
0 0.472973 0.719932 0.016216 0.058784
0 0.452793 0.752027 0.023423 0.129730
0 0.426306 0.731757 0.041081 0.106757
0 0.390270 0.745270 0.072072 0.177027