0 0.473694 0.519257 0.034955 0.135811
0 0.445586 0.513176 0.026306 0.116892
0 0.423063 0.452027 0.032432 0.093243
0 0.414234 0.515878 0.034234 0.100676
0 0.391712 0.502703 0.034595 0.072973
0 0.354955 0.514189 0.050450 0.151351
0 0.327027 0.457095 0.050811 0.089865
0 0.509189 0.520608 0.033874 0.110135
0 0.535135 0.520608 0.027387 0.123649
0 0.560721 0.468243 0.032432 0.083784
0 0.567207 0.526689 0.038198 0.087162
0 0.588829 0.511149 0.038919 0.076351
0 0.625766 0.528378 0.056577 0.170270
0 0.663423 0.479054 0.049009 0.104054
0 0.500901 0.805068 0.022342 0.129054
0 0.526306 0.823649 0.029189 0.106757
0 0.548829 0.870270 0.038198 0.098649
0 0.565225 0.809122 0.035676 0.069595
0 0.605405 0.802027 0.036757 0.062162
0 0.641622 0.745270 0.067387 0.147297
0 0.695315 0.710473 0.044324 0.079054
0 0.480180 0.785811 0.023423 0.131081
0 0.454775 0.812500 0.030270 0.111486
0 0.433874 0.864527 0.036036 0.099324
0 0.416036 0.804392 0.029189 0.076351
0 0.376757 0.795270 0.033514 0.059459
0 0.343604 0.734122 0.065946 0.147973
0 0.290090 0.705405 0.044685 0.085135
0 0.478919 0.608784 0.018018 0.091892
0 0.460000 0.609459 0.015495 0.068919
0 0.435856 0.568243 0.027027 0.152703
0 0.413694 0.592230 0.032432 0.102027
0 0.388288 0.575676 0.037838 0.112162
0 0.502523 0.597973 0.017658 0.083784
0 0.520901 0.600676 0.016937 0.112162
0 0.544685 0.588514 0.022703 0.143243
0 0.566667 0.598649 0.034955 0.098649
0 0.592613 0.590203 0.040721 0.107432
0 0.501802 0.752027 0.019820 0.136486
0 0.518919 0.764527 0.015135 0.160135
0 0.536577 0.769595 0.024505 0.178378
0 0.565045 0.738514 0.042523 0.121622
0 0.594054 0.734122 0.062342 0.133108
0 0.464324 0.744595 0.016216 0.131081
0 0.446126 0.752365 0.023063 0.154730
0 0.420721 0.737838 0.032072 0.110811
0 0.388649 0.734797 0.054414 0.139865