0 0.474054 0.575676 0.035676 0.187838
0 0.438378 0.569932 0.025586 0.162838
0 0.407387 0.562500 0.034234 0.197973
0 0.381261 0.548649 0.038198 0.193243
0 0.352613 0.540878 0.036396 0.179054
0 0.320000 0.515203 0.049730 0.183108
0 0.280180 0.461824 0.054414 0.227703
0 0.271532 0.419595 0.048649 0.078378
0 0.509369 0.562838 0.037838 0.216216
0 0.537117 0.559797 0.029189 0.180405
0 0.570270 0.540878 0.032793 0.220946
0 0.597838 0.540541 0.046847 0.190541
0 0.629910 0.518581 0.041081 0.200676
0 0.664505 0.501351 0.051171 0.185135
0 0.697658 0.445608 0.052613 0.158784
0 0.506306 0.752703 0.023784 0.154054
0 0.528649 0.755068 0.028829 0.154730
0 0.553514 0.746622 0.030270 0.158108
0 0.586306 0.745270 0.036036 0.166216
0 0.625045 0.736486 0.056577 0.171622
0 0.663243 0.706419 0.071712 0.177703
0 0.713153 0.655405 0.074955 0.147297
0 0.752613 0.637838 0.042162 0.097297
0 0.484144 0.748986 0.024865 0.123649
0 0.463063 0.754392 0.028829 0.152027
0 0.435856 0.759122 0.034234 0.169595
0 0.403423 0.758446 0.040000 0.166892
0 0.368288 0.747635 0.055495 0.170946
0 0.325586 0.722297 0.085405 0.183784
0 0.275135 0.653378 0.081081 0.212162
0 0.230811 0.647297 0.048649 0.102703