0 0.475495 0.536486 0.027027 0.231081
0 0.451532 0.517230 0.025225 0.231757
0 0.427207 0.480743 0.029189 0.272297
0 0.401081 0.509122 0.034595 0.192568
0 0.381081 0.505743 0.038559 0.192568
0 0.343964 0.491554 0.046486 0.187162
0 0.312072 0.467568 0.056937 0.170270
0 0.295495 0.391216 0.041081 0.067568
0 0.507207 0.538514 0.026306 0.221622
0 0.530270 0.528041 0.021982 0.214189
0 0.556036 0.489527 0.030991 0.269595
0 0.578198 0.509797 0.038559 0.216892
0 0.609730 0.506757 0.038919 0.213514
0 0.645586 0.490878 0.052252 0.212838
0 0.673874 0.462162 0.064865 0.162162
0 0.701261 0.389527 0.041802 0.096622
0 0.501802 0.748986 0.019820 0.166892
0 0.520180 0.753041 0.025586 0.180405
0 0.541441 0.777027 0.034234 0.250000
0 0.568108 0.758784 0.034234 0.197297
0 0.610270 0.771959 0.060901 0.142568
0 0.648468 0.716216 0.076036 0.189189
0 0.701261 0.665878 0.078559 0.162838
0 0.750631 0.640541 0.043964 0.087838
0 0.481982 0.738851 0.019820 0.152027
0 0.462703 0.744257 0.018739 0.170946
0 0.439640 0.746284 0.026667 0.197973
0 0.411892 0.742905 0.042523 0.196622
0 0.362523 0.769257 0.054775 0.091216
0 0.337297 0.704054 0.069910 0.179730
0 0.291171 0.658108 0.070631 0.162162
0 0.602703 0.693581 0.063063 0.095270
0 0.380541 0.701014 0.058378 0.139865