0 0.654204 0.468247 0.077265 0.196358
0 0.387281 0.438916 0.044061 0.168818
0 0.320550 0.426341 0.061301 0.136493
0 0.434854 0.416764 0.062580 0.165230
0 0.345775 0.499378 0.063218 0.167622
0 0.415377 0.475432 0.047892 0.138892
0 0.376744 0.543682 0.065135 0.141284
0 0.408353 0.568824 0.040231 0.126919
0 0.440602 0.551463 0.038314 0.185588
0 0.465186 0.529912 0.035121 0.233473
0 0.494241 0.525723 0.031928 0.246649
0 0.521699 0.508358 0.035759 0.245446
0 0.544688 0.537693 0.037038 0.181993
0 0.567357 0.402395 0.046613 0.160439
0 0.572146 0.543081 0.039593 0.173608
0 0.591303 0.475432 0.045978 0.136500
0 0.618441 0.449693 0.050447 0.128115
0 0.598647 0.564632 0.038951 0.108953
0 0.626744 0.537693 0.058108 0.126912
0 0.675276 0.386831 0.067049 0.129311
0 0.727000 0.648446 0.070879 0.123324
0 0.458800 0.713101 0.038955 0.118541
0 0.429744 0.698132 0.056195 0.124520
0 0.394306 0.681970 0.084930 0.125723
0 0.331726 0.692149 0.109196 0.198757
0 0.280002 0.668203 0.063218 0.107757
0 0.370679 0.795115 0.056832 0.131703
0 0.419209 0.793919 0.042786 0.114946
0 0.457523 0.828642 0.051723 0.150865
0 0.481150 0.737047 0.030011 0.156851
0 0.502223 0.730463 0.023625 0.150858
0 0.527766 0.726868 0.030011 0.138885
0 0.552032 0.725074 0.042782 0.144878
0 0.611420 0.784341 0.040231 0.100574
0 0.588431 0.840017 0.049171 0.156845
0 0.567677 0.705318 0.026822 0.122122
0 0.598319 0.693338 0.049827 0.134108
0 0.636962 0.677780 0.073434 0.136493
0 0.658353 0.772368 0.061305 0.098182
0 0.681023 0.673588 0.095150 0.192770