0 0.481441 0.490878 0.031712 0.170946
0 0.454775 0.505405 0.031712 0.093243
0 0.442523 0.433784 0.033874 0.114865
0 0.425946 0.498311 0.029550 0.111486
0 0.403604 0.505743 0.038919 0.087162
0 0.370270 0.531757 0.051532 0.166216
0 0.334775 0.470608 0.054775 0.102027
0 0.518739 0.504054 0.033514 0.155405
0 0.543784 0.497973 0.029550 0.136486
0 0.561081 0.443243 0.036757 0.116216
0 0.575676 0.517230 0.034234 0.100676
0 0.581982 0.451351 0.001441 0.002703
0 0.596396 0.517568 0.036757 0.079730
0 0.626486 0.539527 0.054414 0.149324
0 0.661982 0.479054 0.055495 0.114865
0 0.502523 0.805405 0.021982 0.155405
0 0.519099 0.809797 0.033514 0.143919
0 0.534414 0.868581 0.030991 0.107432
0 0.553694 0.795270 0.029189 0.081081
0 0.584505 0.772297 0.033153 0.058108
0 0.627387 0.727027 0.070631 0.178378
0 0.681982 0.725000 0.057297 0.105405
0 0.485946 0.785135 0.019820 0.175676
0 0.469550 0.802027 0.022342 0.141892
0 0.449550 0.859459 0.028468 0.108108
0 0.434054 0.793243 0.032072 0.090541
0 0.397838 0.779054 0.036036 0.068919
0 0.355676 0.733446 0.068468 0.161486
0 0.310450 0.714865 0.047207 0.102703
0 0.490090 0.581757 0.018018 0.114865
0 0.470090 0.588176 0.017658 0.084459
0 0.448468 0.571959 0.023423 0.133108
0 0.427568 0.588514 0.026306 0.098649
0 0.403423 0.581081 0.037838 0.102703
0 0.510450 0.580405 0.019099 0.125676
0 0.535495 0.578041 0.024505 0.123649
0 0.553694 0.586824 0.021261 0.125000
0 0.573514 0.596284 0.029910 0.099324
0 0.594234 0.593243 0.038198 0.105405
0 0.503423 0.704730 0.015135 0.128378
0 0.518739 0.715203 0.014775 0.133108
0 0.536216 0.727027 0.023063 0.137838
0 0.554234 0.716216 0.033153 0.117568
0 0.579640 0.688851 0.031351 0.060135
0 0.489730 0.702027 0.015135 0.122973
0 0.474775 0.712838 0.015495 0.131081
0 0.455856 0.724324 0.017297 0.143243
0 0.434775 0.705405 0.029189 0.104054
0 0.401622 0.710135 0.055135 0.129730