0 0.490631 0.469932 0.032793 0.254730
0 0.463243 0.464865 0.024865 0.247297
0 0.436937 0.452365 0.031351 0.264189
0 0.410270 0.446284 0.039279 0.254730
0 0.384685 0.429054 0.044324 0.258108
0 0.349550 0.438851 0.059820 0.214189
0 0.306306 0.432095 0.054054 0.187162
0 0.291532 0.343919 0.049730 0.095946
0 0.521441 0.484797 0.031712 0.230405
0 0.546306 0.477027 0.031712 0.224324
0 0.569910 0.375000 0.054414 0.210811
0 0.598378 0.461824 0.042883 0.223649
0 0.627207 0.449324 0.047207 0.205405
0 0.663423 0.455405 0.057658 0.179730
0 0.692973 0.398649 0.057658 0.189189
0 0.712973 0.338514 0.046486 0.082432
0 0.507568 0.697973 0.023423 0.167568
0 0.530811 0.703378 0.028829 0.164865
0 0.560000 0.735135 0.032432 0.221622
0 0.588649 0.722635 0.032793 0.185811
0 0.621081 0.706081 0.046486 0.201351
0 0.669910 0.683446 0.093694 0.216892
0 0.713874 0.640541 0.070631 0.200000
0 0.762703 0.617568 0.055856 0.121622
0 0.486847 0.698649 0.022342 0.170270
0 0.463063 0.693581 0.025946 0.176351
0 0.432613 0.713851 0.040000 0.229054
0 0.403784 0.709122 0.042883 0.214189
0 0.364865 0.696622 0.058739 0.208108
0 0.316396 0.679054 0.088649 0.218919
0 0.271351 0.629730 0.066306 0.194595
0 0.226667 0.604730 0.051892 0.118919