0 0.475676 0.531757 0.033153 0.148649
0 0.449189 0.505068 0.025586 0.127703
0 0.428108 0.432095 0.038919 0.107432
0 0.415315 0.469595 0.038559 0.144595
0 0.387748 0.476014 0.039640 0.108784
0 0.350270 0.521622 0.055495 0.159459
0 0.327568 0.448986 0.059099 0.106081
0 0.509369 0.506081 0.038559 0.139189
0 0.536036 0.514527 0.037838 0.122297
0 0.562883 0.423649 0.045405 0.105405
0 0.570991 0.501689 0.042162 0.099324
0 0.598559 0.480405 0.039640 0.094595
0 0.634414 0.548649 0.056577 0.147297
0 0.661982 0.460811 0.066306 0.104054
0 0.512252 0.728716 0.023423 0.158784
0 0.530631 0.768243 0.029189 0.139189
0 0.546847 0.839527 0.033514 0.110135
0 0.577477 0.805068 0.034955 0.091216
0 0.619459 0.798649 0.035315 0.075676
0 0.652432 0.698986 0.068829 0.165541
0 0.707207 0.705068 0.051532 0.097973
0 0.491712 0.721622 0.019820 0.150000
0 0.472793 0.763514 0.025946 0.135135
0 0.452432 0.833446 0.030631 0.116892
0 0.424685 0.792568 0.031351 0.091892
0 0.386847 0.788514 0.034234 0.077027
0 0.354414 0.689527 0.070270 0.166892
0 0.298559 0.695946 0.052252 0.097297
0 0.453514 0.565541 0.018378 0.129730
0 0.432432 0.552365 0.025946 0.152027
0 0.411892 0.568919 0.030270 0.109459
0 0.385586 0.536486 0.041081 0.160811
0 0.506126 0.576351 0.021982 0.116216
0 0.525766 0.583446 0.020180 0.092568
0 0.552613 0.548986 0.029189 0.172297
0 0.575495 0.568919 0.031712 0.124324
0 0.601081 0.548649 0.040360 0.160811
0 0.531712 0.680405 0.020541 0.058108
0 0.550811 0.716892 0.024865 0.148649
0 0.576937 0.709797 0.036036 0.133108
0 0.608288 0.709797 0.059820 0.157432
0 0.473333 0.673649 0.018378 0.052703
0 0.454054 0.715203 0.022342 0.135811
0 0.430090 0.705068 0.034955 0.138514
0 0.399640 0.704392 0.059820 0.160135