0 0.485946 0.495608 0.022703 0.252027
0 0.469369 0.507770 0.029910 0.214189
0 0.445766 0.427365 0.043964 0.170946
0 0.435856 0.491554 0.036396 0.150676
0 0.407207 0.472635 0.037477 0.158784
0 0.366306 0.527703 0.054414 0.177027
0 0.340360 0.459797 0.048649 0.125000
0 0.509369 0.499324 0.021982 0.245946
0 0.525225 0.493581 0.029189 0.243919
0 0.548108 0.420946 0.041081 0.183784
0 0.563063 0.461824 0.032072 0.169595
0 0.591351 0.470946 0.035315 0.136486
0 0.627387 0.522297 0.050450 0.197297
0 0.655856 0.458108 0.047568 0.127027
0 0.503604 0.711149 0.015495 0.193919
0 0.521441 0.720608 0.018739 0.208784
0 0.535135 0.823311 0.025946 0.172297
0 0.558559 0.761149 0.029550 0.146622
0 0.597117 0.780068 0.036036 0.127703
0 0.630090 0.700676 0.081081 0.201351
0 0.676216 0.687500 0.062342 0.154730
0 0.718739 0.659459 0.042883 0.098649
0 0.487568 0.707432 0.020180 0.177027
0 0.476036 0.720608 0.029550 0.203378
0 0.430270 0.778716 0.033874 0.137162
0 0.393333 0.781419 0.039279 0.119595
0 0.357477 0.713514 0.092252 0.217568
0 0.313333 0.696284 0.061622 0.154730
0 0.269369 0.667230 0.043604 0.097973
0 0.451532 0.569932 0.029550 0.118243
0 0.429550 0.585135 0.040360 0.089189
0 0.406847 0.578041 0.046126 0.099324
0 0.545405 0.570946 0.024865 0.095946
0 0.565405 0.577365 0.032432 0.079054
0 0.588468 0.569595 0.043243 0.102703
0 0.539459 0.693919 0.019459 0.150000
0 0.558559 0.667568 0.037477 0.097297
0 0.583604 0.667905 0.047207 0.103378
0 0.456216 0.778716 0.029550 0.203378
0 0.440180 0.672635 0.030631 0.088514
0 0.407928 0.684122 0.053333 0.119595