0 0.485405 0.531081 0.028829 0.231081
0 0.463063 0.520946 0.028829 0.200000
0 0.440180 0.432432 0.037838 0.182432
0 0.414775 0.502703 0.031712 0.201351
0 0.387387 0.477703 0.047568 0.216216
0 0.350450 0.479730 0.052252 0.193243
0 0.324324 0.425676 0.045405 0.128378
0 0.302703 0.368581 0.048288 0.084459
0 0.515856 0.528378 0.029910 0.229730
0 0.537297 0.518919 0.028829 0.218919
0 0.560000 0.438851 0.038919 0.189865
0 0.587928 0.489189 0.035676 0.167568
0 0.614054 0.480068 0.038198 0.168243
0 0.647748 0.483108 0.052973 0.213514
0 0.668649 0.422973 0.052973 0.139189
0 0.696396 0.367230 0.050090 0.081757
0 0.505405 0.735811 0.026306 0.154054
0 0.523063 0.740878 0.032072 0.164189
0 0.549550 0.806419 0.033874 0.184459
0 0.578198 0.724662 0.034955 0.156081
0 0.612973 0.712162 0.040360 0.148649
0 0.660180 0.702027 0.080000 0.208108
0 0.716036 0.675000 0.069189 0.144595
0 0.484865 0.729392 0.021982 0.143919
0 0.465225 0.730743 0.023063 0.166892
0 0.431532 0.779392 0.048649 0.181757
0 0.403604 0.709797 0.035315 0.153378
0 0.370450 0.684797 0.043243 0.164189
0 0.326126 0.673649 0.078559 0.197297
0 0.280721 0.656419 0.059820 0.138514
0 0.248829 0.586486 0.033514 0.089189
0 0.610811 0.575338 0.041802 0.079054
0 0.439459 0.548311 0.025586 0.125000
0 0.561802 0.548311 0.025946 0.139865
0 0.586126 0.580743 0.035676 0.079054
0 0.553333 0.699324 0.024865 0.079730
0 0.438018 0.676014 0.024865 0.060135