0 0.472252 0.581081 0.040721 0.174324
0 0.438919 0.540541 0.040360 0.091892
0 0.413694 0.473986 0.041802 0.096622
0 0.396036 0.570270 0.041802 0.083784
0 0.364324 0.541554 0.040360 0.070946
0 0.321622 0.546284 0.065946 0.169595
0 0.289730 0.476014 0.054054 0.096622
0 0.519099 0.589865 0.041441 0.167568
0 0.546126 0.526689 0.044324 0.120946
0 0.573153 0.482432 0.044324 0.097297
0 0.598559 0.569257 0.042523 0.089865
0 0.627928 0.556419 0.040721 0.075000
0 0.666306 0.551014 0.072072 0.165541
0 0.702523 0.486486 0.052252 0.100000
0 0.505946 0.770270 0.028108 0.167568
0 0.531351 0.785135 0.034234 0.113514
0 0.560721 0.840541 0.042523 0.102703
0 0.591351 0.791216 0.038919 0.071622
0 0.637477 0.772297 0.039640 0.062162
0 0.679640 0.713514 0.066306 0.163514
0 0.737297 0.702365 0.056937 0.092568
0 0.481081 0.768581 0.027387 0.172297
0 0.448649 0.778041 0.029550 0.119595
0 0.429369 0.727703 0.032793 0.122973
0 0.389910 0.784122 0.037477 0.073649
0 0.345766 0.762500 0.037117 0.060135
0 0.310811 0.698986 0.072432 0.161486
0 0.249910 0.691216 0.054414 0.082432
0 0.421982 0.602703 0.033153 0.131081
0 0.390270 0.621622 0.042523 0.074324
0 0.358739 0.591554 0.035676 0.077703
0 0.568108 0.604054 0.035676 0.175676
0 0.597838 0.637838 0.048288 0.117568
0 0.628108 0.636149 0.049009 0.116892
0 0.530991 0.702365 0.024144 0.058784
0 0.555315 0.733784 0.028108 0.156757
0 0.591892 0.721284 0.052252 0.091216
0 0.628829 0.712162 0.058378 0.093243
0 0.459279 0.702027 0.027748 0.054054
0 0.416577 0.837838 0.040360 0.095946
0 0.397117 0.705068 0.045405 0.100676
0 0.361982 0.689865 0.060901 0.091892