0 0.451532 0.515203 0.033874 0.256081
0 0.425225 0.491216 0.036757 0.178378
0 0.404505 0.405405 0.042162 0.140541
0 0.380901 0.476014 0.040360 0.120946
0 0.351892 0.454730 0.039279 0.104054
0 0.301982 0.499662 0.049009 0.176351
0 0.277477 0.431081 0.047568 0.100000
0 0.489369 0.512162 0.032432 0.241892
0 0.511351 0.517568 0.043964 0.179730
0 0.544505 0.406419 0.057658 0.143919
0 0.576396 0.436149 0.061622 0.176351
0 0.619279 0.456081 0.052252 0.113514
0 0.679459 0.488514 0.059459 0.189189
0 0.710631 0.420946 0.054775 0.113514
0 0.478739 0.732770 0.032793 0.192568
0 0.498378 0.739865 0.045405 0.205405
0 0.534595 0.779054 0.044324 0.117568
0 0.588649 0.743581 0.046486 0.091216
0 0.648108 0.769932 0.041441 0.093919
0 0.653874 0.592230 0.001081 0.002027
0 0.691892 0.669595 0.085766 0.186486
0 0.756396 0.665878 0.061261 0.104730
0 0.457117 0.743243 0.032072 0.177027
0 0.431532 0.761486 0.037117 0.194595
0 0.392072 0.828716 0.047568 0.126351
0 0.358919 0.786486 0.033153 0.102703
0 0.318198 0.781757 0.034595 0.087838
0 0.286847 0.681081 0.072072 0.181081
0 0.227207 0.670608 0.054414 0.108784
0 0.427748 0.591216 0.022342 0.059459
0 0.395676 0.539189 0.025946 0.166216
0 0.371532 0.560811 0.038198 0.114865
0 0.339820 0.543581 0.041081 0.129054
0 0.551171 0.527365 0.045045 0.180405
0 0.587387 0.552365 0.043243 0.123649
0 0.633333 0.544932 0.065225 0.131757
0 0.540721 0.688851 0.037838 0.177703
0 0.582342 0.673311 0.047568 0.135811
0 0.631532 0.666216 0.073874 0.124324
0 0.408108 0.719595 0.031351 0.148649
0 0.379099 0.699324 0.038198 0.078378
0 0.333333 0.691216 0.065586 0.155405