0 0.469550 0.445270 0.033153 0.237838
0 0.442342 0.439865 0.025586 0.240541
0 0.412432 0.422297 0.038559 0.270270
0 0.390631 0.453378 0.030270 0.175676
0 0.364324 0.445946 0.030270 0.150000
0 0.332252 0.429730 0.047568 0.190541
0 0.291892 0.405405 0.046847 0.171622
0 0.276216 0.352703 0.046486 0.091892
0 0.495315 0.444932 0.031351 0.247973
0 0.522162 0.429392 0.028829 0.239865
0 0.543784 0.359122 0.059820 0.239865
0 0.572252 0.427703 0.039640 0.213514
0 0.602523 0.441892 0.036757 0.186486
0 0.640360 0.427365 0.056216 0.197973
0 0.686306 0.411824 0.052252 0.187162
0 0.712252 0.358446 0.031351 0.080405
0 0.504144 0.700676 0.028108 0.240541
0 0.527748 0.710473 0.036396 0.254730
0 0.550811 0.694932 0.038559 0.223649
0 0.581441 0.681757 0.046486 0.205405
0 0.633153 0.667568 0.096577 0.209459
0 0.685766 0.623649 0.079279 0.193243
0 0.482883 0.694932 0.025225 0.215541
0 0.465586 0.680405 0.020901 0.213514
0 0.446667 0.690541 0.025586 0.231081
0 0.419279 0.694932 0.034234 0.235811
0 0.390631 0.686824 0.041081 0.211486
0 0.367568 0.670270 0.038198 0.210811
0 0.325766 0.641892 0.068468 0.182432
0 0.281441 0.600338 0.073514 0.185811
0 0.550991 0.407095 0.034595 0.246622