0 0.480721 0.503716 0.035315 0.210135
0 0.456937 0.509459 0.023784 0.190541
0 0.430991 0.480743 0.035315 0.249324
0 0.410270 0.519257 0.042162 0.197973
0 0.387207 0.530743 0.040000 0.193919
0 0.351171 0.526014 0.050811 0.177703
0 0.314234 0.509797 0.056937 0.141216
0 0.295856 0.445608 0.041802 0.065541
0 0.509550 0.493581 0.028108 0.220946
0 0.527748 0.491892 0.034955 0.206757
0 0.555315 0.477027 0.037477 0.225676
0 0.574595 0.511824 0.049369 0.187162
0 0.599459 0.501689 0.040000 0.211486
0 0.635135 0.503378 0.053694 0.185135
0 0.670631 0.485811 0.054775 0.154054
0 0.686847 0.423311 0.044685 0.073649
0 0.516216 0.681081 0.019099 0.166216
0 0.537658 0.689527 0.025946 0.187162
0 0.562342 0.706081 0.027748 0.218919
0 0.591171 0.698311 0.032072 0.184459
0 0.660360 0.665203 0.079640 0.165541
0 0.699099 0.619932 0.074234 0.156081
0 0.742162 0.614865 0.035676 0.077027
0 0.496036 0.677365 0.019820 0.158784
0 0.473874 0.685811 0.023063 0.170270
0 0.453514 0.697973 0.037838 0.201351
0 0.422883 0.705405 0.038559 0.179730
0 0.347568 0.693581 0.083243 0.170946
0 0.305045 0.651351 0.077477 0.167568
0 0.256216 0.642230 0.034595 0.079054
0 0.619099 0.684459 0.049730 0.114865
0 0.394775 0.682770 0.045766 0.087162