0 0.481622 0.471284 0.034955 0.202027
0 0.456757 0.486149 0.028468 0.176351
0 0.434955 0.421959 0.035315 0.189865
0 0.414054 0.469932 0.040360 0.204730
0 0.385946 0.474662 0.037477 0.180405
0 0.349369 0.485811 0.052252 0.167568
0 0.317117 0.432432 0.058378 0.158108
0 0.293514 0.380405 0.055856 0.116216
0 0.511892 0.466216 0.050090 0.225676
0 0.520180 0.478378 0.033514 0.201351
0 0.542883 0.407432 0.037117 0.212162
0 0.570270 0.444595 0.043604 0.220270
0 0.598739 0.438851 0.042883 0.222297
0 0.637838 0.469595 0.054054 0.164865
0 0.673153 0.433446 0.062703 0.145270
0 0.699459 0.360811 0.050450 0.104054
0 0.501982 0.693243 0.018739 0.171622
0 0.522523 0.702027 0.020901 0.189189
0 0.544505 0.692230 0.034595 0.202027
0 0.569009 0.703716 0.033874 0.142568
0 0.603964 0.707432 0.036757 0.145946
0 0.644324 0.659797 0.069910 0.188514
0 0.694775 0.621284 0.074234 0.165541
0 0.745586 0.593919 0.049730 0.098649
0 0.483784 0.696959 0.024865 0.166892
0 0.466126 0.707432 0.025586 0.206757
0 0.446486 0.701014 0.034595 0.199324
0 0.416937 0.698311 0.031712 0.173649
0 0.388108 0.683446 0.033153 0.157432
0 0.347568 0.677703 0.064505 0.193243
0 0.296577 0.639865 0.072072 0.167568
0 0.244324 0.605743 0.039640 0.093919
0 0.563243 0.621284 0.033153 0.065541
0 0.595676 0.622973 0.052613 0.098649