0 0.457773 0.531037 0.024750 0.224236
0 0.436335 0.615693 0.032548 0.103655
0 0.415872 0.612037 0.034497 0.086601
0 0.387288 0.590111 0.037092 0.098777
0 0.347339 0.548091 0.055932 0.170642
0 0.319404 0.479270 0.055932 0.118270
0 0.387061 0.508341 0.041640 0.097764
0 0.416845 0.531645 0.045539 0.084169
0 0.433086 0.471355 0.040342 0.124358
0 0.483755 0.548091 0.033845 0.195007
0 0.518836 0.546872 0.028649 0.199878
0 0.541247 0.535912 0.039690 0.190135
0 0.568856 0.598639 0.031247 0.123142
0 0.587038 0.597331 0.028649 0.090257
0 0.613029 0.581584 0.040342 0.093912
0 0.565607 0.457348 0.035142 0.154818
0 0.581849 0.532257 0.040339 0.097568
0 0.608481 0.502416 0.041640 0.096345
0 0.646160 0.545655 0.054634 0.148716
0 0.676041 0.475007 0.061128 0.109743
0 0.690982 0.705885 0.055932 0.108405
0 0.590975 0.690662 0.051968 0.090135
0 0.563041 0.694314 0.037679 0.068209
0 0.543229 0.694314 0.025333 0.077953
0 0.564991 0.774703 0.038977 0.119365
0 0.602344 0.776530 0.047420 0.105966
0 0.537058 0.799672 0.029885 0.142507
0 0.520492 0.742426 0.027932 0.174176
0 0.502627 0.739990 0.023387 0.161993
0 0.484438 0.738111 0.027283 0.158236
0 0.465924 0.738770 0.035726 0.144946
0 0.445786 0.801503 0.031831 0.158345
0 0.416229 0.792368 0.032479 0.140074
0 0.383097 0.785666 0.040277 0.112061
0 0.426589 0.705277 0.031247 0.090135
0 0.394434 0.697970 0.042288 0.107182
0 0.345712 0.717544 0.077369 0.187750
0 0.290495 0.716240 0.059182 0.112061
0 0.636773 0.710149 0.073409 0.187581