0 0.485225 0.545270 0.029189 0.218919
0 0.466306 0.536824 0.031712 0.220946
0 0.445766 0.476689 0.030270 0.175000
0 0.419459 0.556757 0.036036 0.145946
0 0.394595 0.537838 0.041081 0.122973
0 0.362523 0.525000 0.060541 0.201351
0 0.332432 0.469932 0.054414 0.114189
0 0.308108 0.408108 0.047568 0.054054
0 0.512072 0.553716 0.026667 0.203378
0 0.531351 0.531757 0.032072 0.214865
0 0.547928 0.473986 0.028468 0.165541
0 0.567928 0.523649 0.039640 0.133784
0 0.593514 0.517230 0.036757 0.130405
0 0.622883 0.525338 0.064505 0.196622
0 0.653153 0.468919 0.051532 0.110811
0 0.679279 0.405743 0.051892 0.072297
0 0.505946 0.727703 0.020180 0.150000
0 0.521081 0.735473 0.023784 0.156081
0 0.539640 0.746622 0.024144 0.182432
0 0.566486 0.762162 0.033874 0.113514
0 0.590450 0.713851 0.045045 0.143919
0 0.632613 0.695270 0.088288 0.191892
0 0.689730 0.685135 0.066306 0.135135
0 0.725225 0.609459 0.032793 0.078378
0 0.485766 0.726351 0.018018 0.147297
0 0.468649 0.733446 0.021261 0.168243
0 0.449009 0.744257 0.025225 0.200676
0 0.418739 0.735473 0.036036 0.119595
0 0.397838 0.714527 0.049009 0.157432
0 0.353514 0.696284 0.085766 0.189865
0 0.295495 0.689865 0.061261 0.132432
0 0.264685 0.596284 0.027027 0.062838
0 0.445225 0.600676 0.026306 0.075676
0 0.397297 0.597635 0.047207 0.073649
0 0.547928 0.578041 0.022703 0.131757
0 0.570450 0.610473 0.034595 0.061486
0 0.592973 0.602365 0.040721 0.083108
0 0.430811 0.662162 0.032072 0.052703