0 0.369097 0.516872 0.049784 0.207784
0 0.714162 0.703645 0.085838 0.185088
0 0.760944 0.659389 0.062659 0.106223
0 0.225321 0.619152 0.055795 0.109439
0 0.266094 0.665020 0.077254 0.162554
0 0.625750 0.521699 0.056652 0.201345
0 0.562231 0.511236 0.042919 0.228703
0 0.593562 0.523307 0.054079 0.227088
0 0.665234 0.514456 0.082404 0.177196
0 0.307724 0.714912 0.090130 0.188311
0 0.358368 0.747105 0.043777 0.204399
0 0.385836 0.732618 0.040342 0.188304
0 0.404721 0.753541 0.050645 0.181865
0 0.497852 0.531355 0.051503 0.243182
0 0.469528 0.528139 0.041204 0.252845
0 0.418025 0.516068 0.037766 0.212608
0 0.394849 0.519284 0.039485 0.219041
0 0.444205 0.516064 0.033477 0.257669
0 0.337337 0.504801 0.044634 0.222264
0 0.437768 0.746297 0.030901 0.202784
0 0.282402 0.406625 0.065236 0.135358
0 0.300000 0.472611 0.059229 0.235142
0 0.461373 0.751929 0.026609 0.230155
0 0.569097 0.768027 0.054937 0.214054
0 0.613305 0.758365 0.088411 0.214054
0 0.685836 0.427544 0.061805 0.093507
0 0.548497 0.468588 0.042919 0.198122
0 0.534762 0.757561 0.048068 0.212446
0 0.498712 0.755149 0.058368 0.175432
0 0.480256 0.738250 0.042061 0.167378
0 0.666094 0.732618 0.115020 0.201182
0 0.511587 0.518480 0.077250 0.223878