0 0.482162 0.365541 0.025225 0.264865
0 0.458739 0.346284 0.025946 0.289865
0 0.436036 0.352027 0.027387 0.286486
0 0.419820 0.350338 0.032432 0.247973
0 0.507928 0.378716 0.027027 0.250676
0 0.532793 0.372973 0.025586 0.233784
0 0.557658 0.359122 0.034234 0.261486
0 0.581261 0.364527 0.041081 0.226351
0 0.605045 0.347297 0.042523 0.232432
0 0.637477 0.329054 0.048288 0.225676
0 0.675495 0.301351 0.058018 0.225676
0 0.701982 0.251351 0.046126 0.090541
0 0.503604 0.603378 0.022703 0.213514
0 0.519820 0.587500 0.017658 0.156081
0 0.536937 0.623986 0.027387 0.231757
0 0.564685 0.610473 0.032432 0.202027
0 0.592973 0.597635 0.039279 0.192568
0 0.638378 0.569257 0.068108 0.202027
0 0.677658 0.532770 0.073153 0.199324
0 0.721982 0.503041 0.048649 0.107432
0 0.487207 0.586149 0.018018 0.184459
0 0.472252 0.604392 0.018378 0.184459
0 0.453333 0.629392 0.025225 0.225000
0 0.429730 0.614189 0.028468 0.202703