0 0.488649 0.522635 0.026667 0.147973
0 0.465586 0.500676 0.024505 0.109459
0 0.445405 0.431419 0.032432 0.089865
0 0.435135 0.504392 0.036396 0.079054
0 0.408468 0.486486 0.035676 0.083784
0 0.373333 0.510811 0.050450 0.163514
0 0.348468 0.434797 0.055495 0.100676
0 0.517297 0.524324 0.024144 0.139189
0 0.541622 0.496284 0.025946 0.115541
0 0.562883 0.426689 0.032432 0.091216
0 0.572613 0.493919 0.033874 0.086486
0 0.596757 0.482432 0.036757 0.087838
0 0.627568 0.509797 0.054414 0.169595
0 0.655495 0.432770 0.052613 0.104730
0 0.512793 0.736486 0.018739 0.158108
0 0.533153 0.736486 0.021261 0.159459
0 0.555856 0.809459 0.033514 0.100000
0 0.586306 0.764189 0.033153 0.074324
0 0.626126 0.747973 0.034234 0.070270
0 0.664144 0.675338 0.069910 0.165541
0 0.712072 0.663514 0.049009 0.101351
0 0.491712 0.735473 0.016937 0.152027
0 0.472072 0.744257 0.020901 0.169595
0 0.449189 0.813851 0.032793 0.099324
0 0.417477 0.770608 0.036396 0.073649
0 0.377658 0.755405 0.036036 0.068919
0 0.342162 0.676351 0.073874 0.167568
0 0.292072 0.666892 0.049369 0.101351
0 0.468649 0.585811 0.017658 0.072973
0 0.450991 0.560473 0.024865 0.149324
0 0.429730 0.574662 0.028468 0.091216
0 0.405766 0.565878 0.039640 0.093919
0 0.537297 0.590878 0.017297 0.057432
0 0.556396 0.543243 0.023063 0.170270
0 0.576036 0.572635 0.030631 0.088514
0 0.598559 0.558108 0.040360 0.109459
0 0.556396 0.704730 0.023063 0.147297
0 0.584865 0.679730 0.037477 0.108108
0 0.619279 0.676351 0.058739 0.132432
0 0.449730 0.715878 0.023784 0.164189
0 0.421081 0.687838 0.042162 0.113514
0 0.386847 0.680405 0.058018 0.128378