0 0.293092 0.307209 0.057470 0.123324
0 0.507332 0.704720 0.030014 0.221507
0 0.489450 0.702922 0.024905 0.210723
0 0.346732 0.662216 0.074076 0.201149
0 0.413461 0.725672 0.051723 0.251439
0 0.384407 0.700527 0.048533 0.227486
0 0.474126 0.711902 0.028735 0.250236
0 0.446667 0.723875 0.041506 0.262209
0 0.647178 0.438314 0.083654 0.205939
0 0.658674 0.663412 0.091315 0.205932
0 0.549157 0.701125 0.031928 0.211926
0 0.525850 0.699929 0.032566 0.192764
0 0.608225 0.681970 0.058108 0.173615
0 0.579488 0.696936 0.053002 0.203547
0 0.752542 0.577804 0.058108 0.128108
0 0.701777 0.621507 0.067690 0.186784
0 0.712312 0.295834 0.063218 0.122128
0 0.677193 0.364682 0.072159 0.168824
0 0.515314 0.467652 0.035759 0.250236
0 0.595775 0.461662 0.040868 0.216716
0 0.616528 0.448493 0.056832 0.223905
0 0.538303 0.469446 0.037038 0.222703
0 0.566400 0.454480 0.037038 0.238270
0 0.388559 0.461666 0.033845 0.211926
0 0.476679 0.469446 0.038951 0.256230
0 0.416335 0.451486 0.037038 0.246649
0 0.326297 0.358095 0.077906 0.189176
0 0.346092 0.439514 0.060025 0.201149
0 0.292133 0.626294 0.084930 0.160439
0 0.250308 0.577804 0.052364 0.118541
0 0.439005 0.447892 0.040231 0.246649