0 0.476216 0.544932 0.026306 0.173649
0 0.453694 0.530743 0.020901 0.173649
0 0.428288 0.509797 0.029189 0.226351
0 0.409550 0.530068 0.032072 0.195270
0 0.387928 0.535811 0.035676 0.182432
0 0.356937 0.520608 0.047928 0.187162
0 0.317477 0.509459 0.049009 0.164865
0 0.294595 0.436149 0.045045 0.108784
0 0.502883 0.538851 0.025586 0.181757
0 0.524324 0.522973 0.024505 0.175676
0 0.548468 0.500000 0.028108 0.209459
0 0.563243 0.521959 0.036036 0.183108
0 0.581982 0.525000 0.037477 0.197297
0 0.618018 0.527365 0.051892 0.181757
0 0.660180 0.506081 0.054775 0.181081
0 0.685766 0.444257 0.047568 0.095270
0 0.502162 0.732095 0.016216 0.169595
0 0.518559 0.721959 0.019459 0.147973
0 0.535135 0.744595 0.025946 0.208108
0 0.553874 0.743581 0.028829 0.183108
0 0.577477 0.748311 0.050090 0.191216
0 0.620000 0.732095 0.080360 0.177703
0 0.663784 0.683784 0.071351 0.148649
0 0.707928 0.667905 0.048649 0.102027
0 0.485586 0.719257 0.016216 0.152027
0 0.470991 0.730743 0.019459 0.158784
0 0.452432 0.751351 0.022703 0.209459
0 0.430270 0.755743 0.025946 0.210135
0 0.405045 0.748649 0.039640 0.186486
0 0.369009 0.731757 0.068468 0.178378
0 0.323604 0.689189 0.066306 0.159459
0 0.277477 0.672973 0.048288 0.095946