0 0.581849 0.807591 0.041643 0.153466
0 0.330155 0.504240 0.053917 0.185264
0 0.307742 0.428723 0.066259 0.156027
0 0.370398 0.497544 0.035795 0.213277
0 0.504868 0.518858 0.033196 0.221797
0 0.417495 0.702230 0.037744 0.062122
0 0.370398 0.797236 0.051384 0.144946
0 0.332395 0.729027 0.070223 0.181486
0 0.414897 0.800892 0.040339 0.147378
0 0.383391 0.694314 0.052685 0.060899
0 0.420095 0.464047 0.041640 0.219365
0 0.396706 0.496324 0.039041 0.215716
0 0.447086 0.513378 0.037027 0.220581
0 0.473038 0.529818 0.037095 0.226676
0 0.447703 0.761916 0.033193 0.176615
0 0.607508 0.529821 0.051384 0.124358
0 0.557164 0.499368 0.039041 0.224236
0 0.527605 0.507895 0.035795 0.226669
0 0.574735 0.690662 0.042876 0.070649
0 0.585746 0.515814 0.041640 0.184047
0 0.607184 0.440902 0.046836 0.168209
0 0.611114 0.703453 0.048072 0.091351
0 0.711771 0.725983 0.061128 0.148601
0 0.647459 0.487801 0.067625 0.186480
0 0.680589 0.414716 0.065027 0.135324
0 0.664706 0.719892 0.079899 0.190014
0 0.508441 0.730855 0.026050 0.177831
0 0.624723 0.800892 0.044241 0.159568
0 0.526631 0.735118 0.035142 0.183926
0 0.545470 0.784446 0.033845 0.199757
0 0.474045 0.729030 0.041575 0.166872
0 0.489277 0.728419 0.025402 0.182703
0 0.256717 0.654118 0.038393 0.104750
0 0.278802 0.740601 0.065676 0.143730