0 0.479279 0.461824 0.030991 0.195270
0 0.458739 0.477027 0.036757 0.163514
0 0.435856 0.448311 0.033514 0.110135
0 0.423604 0.516216 0.033514 0.097297
0 0.396036 0.502027 0.034595 0.075676
0 0.365766 0.528716 0.051171 0.177703
0 0.334955 0.460811 0.049369 0.110811
0 0.516396 0.512500 0.028829 0.220946
0 0.540360 0.491216 0.029189 0.129730
0 0.561441 0.446959 0.035315 0.103378
0 0.573514 0.530068 0.034955 0.091216
0 0.594054 0.487500 0.035676 0.083108
0 0.628288 0.514865 0.055856 0.183784
0 0.661982 0.456081 0.051171 0.108108
0 0.518919 0.793919 0.020901 0.135135
0 0.541622 0.812838 0.024505 0.113514
0 0.570450 0.843919 0.038198 0.097297
0 0.588649 0.790878 0.034234 0.079054
0 0.618018 0.763514 0.036757 0.067568
0 0.641622 0.694257 0.068829 0.161486
0 0.700000 0.689865 0.050090 0.086486
0 0.500180 0.797973 0.018739 0.136486
0 0.480180 0.818919 0.027748 0.117568
0 0.456036 0.859797 0.035676 0.104730
0 0.438378 0.789865 0.034234 0.090541
0 0.400721 0.774662 0.034595 0.062838
0 0.369910 0.701014 0.073153 0.169595
0 0.313333 0.705068 0.050090 0.088514
0 0.483784 0.571959 0.016216 0.112838
0 0.467928 0.575000 0.016937 0.118919
0 0.445405 0.547297 0.026667 0.191892
0 0.403243 0.567568 0.040360 0.125676
0 0.538559 0.578716 0.025586 0.145270
0 0.554775 0.573986 0.026306 0.161486
0 0.574054 0.591554 0.039640 0.092568
0 0.595315 0.560473 0.037477 0.100676
0 0.512432 0.700000 0.012973 0.120270
0 0.525946 0.713176 0.016937 0.145270
0 0.541982 0.733784 0.023784 0.181081
0 0.602883 0.694257 0.060541 0.133108
0 0.499279 0.704054 0.011171 0.125676
0 0.486306 0.711824 0.014054 0.139865
0 0.469189 0.737162 0.023063 0.175676
0 0.443243 0.716892 0.033153 0.098649
0 0.414955 0.704054 0.060901 0.137838