0 0.531503 0.660818 0.024101 0.200973
0 0.574703 0.680307 0.041643 0.227777
0 0.518510 0.654726 0.026699 0.203412
0 0.446402 0.658990 0.040991 0.231426
0 0.761791 0.592003 0.062429 0.131547
0 0.550991 0.671784 0.033196 0.191230
0 0.602668 0.666912 0.049373 0.191230
0 0.475636 0.678480 0.040987 0.236297
0 0.502270 0.660209 0.025398 0.199757
0 0.568205 0.423851 0.039041 0.226676
0 0.542222 0.456736 0.037741 0.182824
0 0.372996 0.635240 0.073474 0.215588
0 0.416523 0.651074 0.043589 0.215595
0 0.318753 0.411672 0.058530 0.185264
0 0.321351 0.593216 0.087114 0.180270
0 0.613029 0.445777 0.037741 0.199878
0 0.591267 0.451257 0.031895 0.203527
0 0.644535 0.437250 0.044890 0.190135
0 0.681564 0.416544 0.066977 0.182831
0 0.447377 0.415932 0.039041 0.218149
0 0.364553 0.419591 0.050086 0.213277
0 0.705276 0.330672 0.063726 0.152372
0 0.296668 0.313010 0.061128 0.156034
0 0.715375 0.613926 0.085099 0.207068
0 0.399306 0.437253 0.045539 0.204750
0 0.630602 0.671172 0.058465 0.211939
0 0.664382 0.642547 0.072757 0.200973
0 0.429187 0.448213 0.050735 0.216926
0 0.494798 0.453084 0.031247 0.212061
0 0.473362 0.450649 0.032548 0.192568
0 0.518186 0.458568 0.032544 0.210838