0 0.482162 0.548986 0.031712 0.230405
0 0.457477 0.495946 0.030631 0.182432
0 0.433333 0.452703 0.035676 0.121622
0 0.420000 0.521284 0.041441 0.108784
0 0.390450 0.510135 0.042162 0.091892
0 0.346667 0.528716 0.054054 0.181757
0 0.322162 0.472297 0.055495 0.101351
0 0.515315 0.543919 0.029550 0.228378
0 0.538739 0.540541 0.028829 0.127027
0 0.564505 0.454392 0.034234 0.119595
0 0.581081 0.528041 0.041441 0.100676
0 0.605045 0.509797 0.042523 0.097973
0 0.644865 0.529054 0.051532 0.174324
0 0.671351 0.465541 0.051171 0.104054
0 0.508649 0.755743 0.019820 0.157432
0 0.530090 0.753041 0.023063 0.134459
0 0.566306 0.841216 0.041441 0.113514
0 0.577117 0.805068 0.001081 0.002027
0 0.589009 0.774662 0.034234 0.075000
0 0.627568 0.766554 0.035676 0.077703
0 0.655495 0.687838 0.080721 0.170270
0 0.712973 0.683784 0.053694 0.101351
0 0.489009 0.756419 0.025225 0.154730
0 0.468108 0.754392 0.025225 0.131757
0 0.438198 0.843243 0.037477 0.110811
0 0.411892 0.784797 0.035315 0.079054
0 0.371351 0.765878 0.040721 0.077703
0 0.339640 0.692905 0.086126 0.162838
0 0.278198 0.683108 0.055495 0.102703
0 0.456937 0.608784 0.019459 0.113514
0 0.434414 0.564865 0.029189 0.193243
0 0.414234 0.598986 0.034234 0.119595
0 0.384685 0.587838 0.046486 0.118919
0 0.542162 0.620270 0.019820 0.071622
0 0.564685 0.578378 0.026667 0.174324
0 0.584324 0.605068 0.034234 0.095270
0 0.612072 0.590203 0.044324 0.111486
0 0.553333 0.728041 0.023423 0.146622
0 0.582162 0.707770 0.038559 0.108784
0 0.443604 0.743581 0.024505 0.153378
0 0.418198 0.701014 0.033514 0.043919