0 0.593133 0.703645 0.041200 0.088520
0 0.290987 0.687551 0.061802 0.133588
0 0.342059 0.714912 0.102144 0.185081
0 0.381544 0.788145 0.052364 0.106223
0 0.432189 0.796189 0.048926 0.128757
0 0.456223 0.854932 0.054076 0.143243
0 0.459227 0.726179 0.027470 0.107831
0 0.484550 0.760784 0.031759 0.180257
0 0.503863 0.758368 0.027467 0.191520
0 0.523604 0.770439 0.025751 0.206014
0 0.542059 0.773659 0.026613 0.238196
0 0.571243 0.854936 0.045492 0.152899
0 0.563948 0.722959 0.024032 0.146459
0 0.598712 0.789750 0.055795 0.115878
0 0.643348 0.779291 0.062659 0.120703
0 0.679829 0.701233 0.108155 0.193128
0 0.723175 0.665828 0.069528 0.138412
0 0.670814 0.434787 0.083265 0.156277
0 0.636050 0.488706 0.087553 0.241574
0 0.593991 0.599757 0.056652 0.122473
0 0.600000 0.485486 0.041204 0.138568
0 0.575537 0.418693 0.040342 0.172372
0 0.564378 0.575618 0.035193 0.157885
0 0.542488 0.543426 0.034332 0.202946
0 0.510730 0.540206 0.048068 0.235142
0 0.476823 0.549865 0.048926 0.225486
0 0.446351 0.533770 0.036054 0.202946
0 0.424892 0.560324 0.036054 0.194905
0 0.387982 0.575615 0.051503 0.116041
0 0.416737 0.432375 0.055795 0.183642
0 0.382831 0.483878 0.048068 0.135351
0 0.340771 0.506409 0.058371 0.222264
0 0.313305 0.438811 0.058371 0.161108