0 0.404290 0.441226 0.046353 0.268939
0 0.700858 0.342247 0.071243 0.183642
0 0.309013 0.436399 0.061802 0.188459
0 0.293991 0.335003 0.062663 0.146615
0 0.357081 0.460537 0.053218 0.204561
0 0.381544 0.459736 0.033474 0.219041
0 0.527467 0.487902 0.033477 0.217439
0 0.451072 0.470199 0.036912 0.236750
0 0.428326 0.466176 0.032616 0.228703
0 0.506436 0.483875 0.036050 0.238358
0 0.475108 0.478243 0.038627 0.239973
0 0.660944 0.433179 0.078969 0.185250
0 0.591845 0.451689 0.059229 0.241581
0 0.551072 0.472611 0.037769 0.222264
0 0.572103 0.439618 0.055795 0.281818
0 0.621029 0.432375 0.067809 0.241574
0 0.603432 0.694797 0.066951 0.180257
0 0.741631 0.619956 0.073820 0.136804
0 0.654935 0.694794 0.108155 0.209223
0 0.698283 0.655365 0.107297 0.194743
0 0.485836 0.688358 0.034332 0.177041
0 0.571243 0.715716 0.045492 0.212446
0 0.541629 0.704449 0.042919 0.189912
0 0.500858 0.693990 0.043777 0.204399
0 0.521029 0.693990 0.039485 0.194736
0 0.332618 0.673872 0.090130 0.244635
0 0.416737 0.726179 0.050641 0.246250
0 0.251072 0.590179 0.054079 0.141628
0 0.468668 0.702841 0.039485 0.238196
0 0.375964 0.718132 0.061802 0.210831
0 0.440773 0.709280 0.038627 0.225318
0 0.289268 0.639270 0.078969 0.181865