0 0.475315 0.497973 0.027387 0.194595
0 0.451351 0.506081 0.021982 0.200000
0 0.423784 0.488176 0.029550 0.227703
0 0.399820 0.502027 0.032072 0.194595
0 0.374054 0.494257 0.037477 0.179054
0 0.339640 0.482432 0.046486 0.194595
0 0.307027 0.460135 0.052613 0.156757
0 0.502523 0.500000 0.031351 0.197297
0 0.529730 0.491216 0.022342 0.191892
0 0.555315 0.469932 0.028829 0.250676
0 0.578378 0.497635 0.036757 0.181757
0 0.609730 0.454730 0.033874 0.164865
0 0.640901 0.480743 0.050090 0.199324
0 0.674234 0.453716 0.058378 0.165541
0 0.484685 0.702703 0.025225 0.179730
0 0.503784 0.708446 0.026667 0.184459
0 0.522703 0.715878 0.028468 0.210135
0 0.551351 0.692905 0.035315 0.179054
0 0.579279 0.686149 0.041441 0.176351
0 0.627207 0.681419 0.078198 0.184459
0 0.676757 0.642230 0.072793 0.173649
0 0.467928 0.709122 0.020541 0.177703
0 0.446667 0.707770 0.022703 0.185811
0 0.421982 0.708108 0.025946 0.201351
0 0.396216 0.692230 0.028468 0.176351
0 0.369910 0.682095 0.040721 0.172297
0 0.331712 0.669257 0.068108 0.187162
0 0.290450 0.633446 0.056216 0.165541
0 0.601802 0.554730 0.042523 0.071622