0 0.471351 0.530405 0.036036 0.185135
0 0.443604 0.494932 0.036036 0.130405
0 0.420000 0.429392 0.040721 0.130405
0 0.400180 0.521959 0.042883 0.096622
0 0.373874 0.471959 0.037838 0.099324
0 0.330811 0.486149 0.059099 0.181757
0 0.301802 0.428716 0.057297 0.103378
0 0.513153 0.520608 0.038198 0.160135
0 0.540721 0.497297 0.041441 0.110811
0 0.565405 0.414865 0.041802 0.121622
0 0.590811 0.517905 0.046486 0.091216
0 0.608288 0.458446 0.038919 0.096622
0 0.656396 0.473311 0.059459 0.185811
0 0.681261 0.416216 0.060901 0.108108
0 0.507207 0.731419 0.024865 0.193919
0 0.525405 0.766892 0.035315 0.177027
0 0.548288 0.816216 0.036396 0.116216
0 0.580721 0.752365 0.035676 0.092568
0 0.629189 0.743243 0.042523 0.079730
0 0.661081 0.666892 0.082523 0.175676
0 0.717477 0.656757 0.059099 0.106757
0 0.483063 0.726351 0.025586 0.182432
0 0.460901 0.757432 0.034595 0.148649
0 0.435135 0.808108 0.035676 0.109459
0 0.436036 0.810135 0.034595 0.112162
0 0.364865 0.752365 0.044324 0.083108
0 0.330090 0.677365 0.078559 0.180405
0 0.273153 0.677027 0.056937 0.101351
0 0.423243 0.538851 0.031351 0.130405
0 0.395676 0.581081 0.033153 0.055405
0 0.365766 0.552027 0.042523 0.116216
0 0.538919 0.569257 0.019820 0.039865
0 0.565586 0.528716 0.028468 0.138514
0 0.590811 0.575338 0.027748 0.066892
0 0.552793 0.716216 0.019459 0.158108
0 0.577838 0.703378 0.044324 0.100000
0 0.615495 0.684797 0.059820 0.083108
0 0.456757 0.669595 0.017658 0.039189
0 0.435315 0.714189 0.023784 0.140541
0 0.409189 0.691892 0.043604 0.075676
0 0.377117 0.687838 0.060180 0.100000