0 0.479820 0.490878 0.028468 0.249324
0 0.455856 0.482095 0.023063 0.225000
0 0.432432 0.471284 0.033874 0.250676
0 0.407027 0.463851 0.031351 0.230405
0 0.383063 0.470270 0.029550 0.195946
0 0.349009 0.461486 0.043604 0.185135
0 0.309369 0.444595 0.048649 0.178378
0 0.507928 0.493581 0.027748 0.250676
0 0.528468 0.487162 0.022703 0.210811
0 0.552973 0.447297 0.030631 0.298649
0 0.576216 0.472973 0.033153 0.225676
0 0.599459 0.458446 0.031351 0.210135
0 0.635315 0.446622 0.051892 0.227027
0 0.678018 0.453378 0.050090 0.179730
0 0.504865 0.732095 0.018739 0.222297
0 0.524144 0.726689 0.021261 0.214189
0 0.546667 0.717905 0.026667 0.233108
0 0.574234 0.717905 0.029189 0.216892
0 0.609009 0.696959 0.047568 0.191216
0 0.656577 0.656419 0.090811 0.185811
0 0.692252 0.621622 0.071351 0.178378
0 0.735495 0.593243 0.054054 0.102703
0 0.486306 0.734459 0.019099 0.225676
0 0.466486 0.727027 0.021261 0.208108
0 0.443243 0.722635 0.021622 0.245270
0 0.418198 0.702365 0.025586 0.196622
0 0.389369 0.695946 0.036396 0.210811
0 0.350090 0.655068 0.068108 0.189865
0 0.307568 0.627365 0.069550 0.195270
0 0.269189 0.596959 0.052613 0.103378