0 0.687086 0.473182 0.070223 0.188919
0 0.754969 0.634020 0.073470 0.174176
0 0.754969 0.375740 0.068274 0.106088
0 0.625049 0.496936 0.048786 0.187696
0 0.650058 0.473791 0.057232 0.219365
0 0.483757 0.701625 0.040342 0.238736
0 0.457123 0.707105 0.036443 0.249696
0 0.512665 0.685787 0.031895 0.211939
0 0.382092 0.713196 0.042288 0.225338
0 0.272306 0.468919 0.056584 0.165770
0 0.305438 0.501804 0.061780 0.207189
0 0.347663 0.512159 0.037092 0.191358
0 0.221636 0.690051 0.087762 0.186358
0 0.232679 0.412889 0.070872 0.124358
0 0.184285 0.612709 0.062429 0.126676
0 0.340515 0.716848 0.052685 0.205845
0 0.284973 0.693098 0.097506 0.204628
0 0.385339 0.515206 0.040991 0.224236
0 0.705957 0.664473 0.081852 0.191230
0 0.578270 0.684571 0.042299 0.241169
0 0.420420 0.425071 0.065676 0.258345
0 0.450984 0.492672 0.043524 0.205966
0 0.487980 0.493889 0.040991 0.230331
0 0.529879 0.503024 0.039045 0.238858
0 0.559436 0.485361 0.038389 0.225453
0 0.596141 0.492669 0.039041 0.235203
0 0.425616 0.702841 0.046187 0.243601
0 0.721840 0.434203 0.069575 0.164554
0 0.544169 0.687003 0.039041 0.204628
0 0.658535 0.680304 0.045474 0.191230
0 0.617252 0.696142 0.052681 0.220459