0 0.485586 0.481081 0.026306 0.218919
0 0.468829 0.469257 0.018739 0.225000
0 0.445766 0.453041 0.026667 0.245270
0 0.427748 0.480743 0.031712 0.187162
0 0.405405 0.482770 0.031712 0.185811
0 0.374054 0.479392 0.047568 0.189865
0 0.336216 0.458446 0.038919 0.185811
0 0.320541 0.403041 0.039279 0.091216
0 0.514054 0.492905 0.027027 0.216892
0 0.535315 0.476689 0.021982 0.219595
0 0.557117 0.450000 0.030270 0.243243
0 0.574595 0.466892 0.030631 0.208108
0 0.596396 0.469595 0.033874 0.210811
0 0.629189 0.470608 0.053333 0.204730
0 0.665225 0.459459 0.042523 0.181081
0 0.687027 0.398986 0.042883 0.085811
0 0.506126 0.708108 0.020541 0.178378
0 0.526126 0.711824 0.020901 0.183108
0 0.543964 0.721284 0.027027 0.191216
0 0.563964 0.722635 0.030270 0.180405
0 0.589189 0.717230 0.045405 0.166892
0 0.631171 0.709797 0.077477 0.175000
0 0.676757 0.674324 0.071351 0.167568
0 0.721081 0.665541 0.049730 0.100000
0 0.487207 0.717905 0.021622 0.180405
0 0.468288 0.723986 0.019820 0.176351
0 0.447928 0.735135 0.028829 0.178378
0 0.384505 0.765203 0.049730 0.154730
0 0.356937 0.714189 0.068108 0.181081
0 0.311532 0.680743 0.070991 0.165541
0 0.271532 0.662500 0.045766 0.102027
0 0.396937 0.672297 0.040000 0.067568