0 0.478018 0.531081 0.034234 0.205405
0 0.448829 0.526014 0.032072 0.184459
0 0.423243 0.478041 0.032793 0.203378
0 0.399640 0.507432 0.036757 0.193243
0 0.376036 0.491554 0.034955 0.123649
0 0.334234 0.509797 0.057297 0.196622
0 0.308829 0.440878 0.050450 0.135811
0 0.510450 0.528378 0.035676 0.213514
0 0.530631 0.529054 0.042883 0.186486
0 0.560180 0.486149 0.037838 0.210135
0 0.586486 0.526689 0.042883 0.212838
0 0.612793 0.544595 0.042162 0.177027
0 0.648288 0.527027 0.056216 0.198649
0 0.678018 0.459459 0.058739 0.143243
0 0.506306 0.740203 0.024505 0.189865
0 0.524865 0.747973 0.029189 0.195946
0 0.549910 0.756081 0.031712 0.200000
0 0.581622 0.746622 0.033874 0.164865
0 0.616937 0.792905 0.043964 0.111486
0 0.652252 0.735811 0.090090 0.186486
0 0.694955 0.685135 0.079640 0.158108
0 0.745946 0.667568 0.043964 0.097297
0 0.483423 0.735811 0.025586 0.181081
0 0.463423 0.750676 0.023784 0.200000
0 0.436396 0.767905 0.033153 0.204730
0 0.406306 0.778378 0.029910 0.155405
0 0.366667 0.776351 0.031351 0.127027
0 0.333333 0.728378 0.074955 0.193243
0 0.288108 0.687838 0.063784 0.133784
0 0.249369 0.645270 0.042523 0.108108
0 0.372072 0.574324 0.040000 0.120270