0 0.463604 0.435135 0.047207 0.254054
0 0.441441 0.453716 0.030270 0.206081
0 0.416216 0.414865 0.033153 0.254054
0 0.400360 0.442230 0.042523 0.229054
0 0.374775 0.443581 0.036036 0.218243
0 0.341802 0.445270 0.046486 0.189189
0 0.308829 0.421622 0.047568 0.154054
0 0.288108 0.364865 0.046486 0.078378
0 0.500360 0.444257 0.032793 0.233108
0 0.528649 0.445608 0.033874 0.210135
0 0.553153 0.424662 0.044685 0.249324
0 0.575495 0.462500 0.047568 0.191216
0 0.607387 0.449324 0.038559 0.205405
0 0.638559 0.438176 0.058378 0.214189
0 0.680180 0.426014 0.048649 0.156081
0 0.702342 0.352703 0.049730 0.089189
0 0.494775 0.661486 0.024505 0.185135
0 0.519099 0.655405 0.029189 0.201351
0 0.535135 0.671284 0.033153 0.234459
0 0.562523 0.653041 0.034595 0.196622
0 0.590631 0.653041 0.039640 0.192568
0 0.636757 0.645946 0.080721 0.201351
0 0.686847 0.630068 0.068468 0.166892
0 0.734414 0.605068 0.048288 0.097973
0 0.476036 0.655068 0.022342 0.177703
0 0.456216 0.657095 0.027387 0.208784
0 0.432793 0.661486 0.028108 0.222973
0 0.405405 0.644932 0.031712 0.196622
0 0.379279 0.633784 0.037117 0.185135
0 0.333694 0.633108 0.079279 0.198649
0 0.290991 0.598649 0.066667 0.163514
0 0.247207 0.586486 0.043964 0.090541