0 0.487568 0.535473 0.030991 0.234459
0 0.463604 0.526689 0.026306 0.202027
0 0.445766 0.419257 0.033153 0.164189
0 0.420721 0.503041 0.041441 0.142568
0 0.390991 0.460135 0.042523 0.143243
0 0.351532 0.469595 0.057297 0.193243
0 0.332432 0.395608 0.060901 0.134459
0 0.518739 0.533784 0.032072 0.227027
0 0.543784 0.510473 0.024505 0.134459
0 0.565586 0.442230 0.029189 0.133108
0 0.586126 0.500676 0.036396 0.137838
0 0.615495 0.468243 0.038919 0.132432
0 0.647207 0.470608 0.065586 0.206081
0 0.676036 0.404392 0.061261 0.134459
0 0.509550 0.743243 0.020901 0.168919
0 0.527387 0.745608 0.021982 0.188514
0 0.553694 0.772297 0.032072 0.164865
0 0.579459 0.739189 0.034595 0.140541
0 0.614414 0.750676 0.038198 0.121622
0 0.659820 0.681757 0.086486 0.191892
0 0.711171 0.649662 0.073153 0.135811
0 0.490450 0.741554 0.022342 0.168243
0 0.471171 0.748986 0.024865 0.193919
0 0.445946 0.761486 0.030631 0.172973
0 0.420000 0.732095 0.033514 0.145270
0 0.386486 0.743243 0.037117 0.124324
0 0.342703 0.677365 0.096577 0.200676
0 0.292613 0.631081 0.076396 0.140541
0 0.435856 0.536149 0.028468 0.177703
0 0.411892 0.573986 0.033153 0.072297
0 0.384144 0.545608 0.043964 0.107432
0 0.546667 0.592568 0.021622 0.079730
0 0.567928 0.546622 0.028108 0.159459
0 0.591532 0.580743 0.027027 0.064189
0 0.619640 0.554730 0.045045 0.090541
0 0.551712 0.676689 0.029550 0.057432
0 0.572252 0.666216 0.036757 0.060811
0 0.609189 0.675338 0.058739 0.122297
0 0.433874 0.661149 0.035315 0.061486
0 0.396216 0.653716 0.053694 0.085811