0 0.490631 0.452703 0.030631 0.212162
0 0.462342 0.438514 0.025946 0.206757
0 0.438919 0.434459 0.030991 0.206757
0 0.415315 0.433446 0.045045 0.185811
0 0.388468 0.420270 0.038198 0.172973
0 0.356937 0.400676 0.045766 0.181081
0 0.315315 0.380068 0.044685 0.188514
0 0.292973 0.321284 0.049730 0.126351
0 0.517297 0.451351 0.027027 0.217568
0 0.544505 0.436486 0.028829 0.224324
0 0.568829 0.422297 0.034234 0.229730
0 0.585586 0.452703 0.041081 0.177027
0 0.613874 0.438851 0.040721 0.193919
0 0.648829 0.415878 0.050811 0.210135
0 0.687207 0.406081 0.048288 0.168919
0 0.707748 0.340203 0.045405 0.126351
0 0.514054 0.662162 0.023423 0.174324
0 0.531351 0.669257 0.027748 0.183108
0 0.553333 0.675676 0.030631 0.195946
0 0.575676 0.673311 0.037117 0.199324
0 0.605766 0.657770 0.051892 0.183108
0 0.641982 0.630743 0.063063 0.156081
0 0.687387 0.589189 0.074595 0.168919
0 0.496396 0.664189 0.020541 0.178378
0 0.475315 0.678378 0.027387 0.178378
0 0.449550 0.664865 0.037117 0.177027
0 0.429009 0.656757 0.042162 0.187838
0 0.401802 0.637500 0.061982 0.176351
0 0.363063 0.613514 0.078198 0.174324
0 0.319640 0.585135 0.073514 0.183784
0 0.271892 0.555405 0.056577 0.116216