0 0.491532 0.452703 0.032432 0.220270
0 0.472793 0.443243 0.025946 0.217568
0 0.444144 0.447635 0.034234 0.235811
0 0.427568 0.453378 0.050811 0.227027
0 0.395135 0.457432 0.043604 0.204054
0 0.352793 0.447635 0.055495 0.193919
0 0.315135 0.417568 0.065946 0.185135
0 0.292432 0.357770 0.048649 0.108784
0 0.523423 0.453716 0.032793 0.214189
0 0.545946 0.455405 0.030270 0.194595
0 0.575315 0.450676 0.030631 0.224324
0 0.600901 0.464189 0.040721 0.190541
0 0.627748 0.458784 0.033153 0.202703
0 0.666306 0.453041 0.049730 0.192568
0 0.700000 0.429392 0.060901 0.184459
0 0.722703 0.361149 0.042883 0.142568
0 0.518378 0.691554 0.022703 0.170946
0 0.541261 0.692568 0.025225 0.186486
0 0.565045 0.697635 0.026667 0.191216
0 0.588288 0.683446 0.031351 0.176351
0 0.616757 0.683784 0.035676 0.168919
0 0.659279 0.666892 0.070991 0.185135
0 0.702883 0.634797 0.064505 0.179054
0 0.749550 0.600338 0.059099 0.139865
0 0.496757 0.693581 0.021982 0.179054
0 0.474775 0.696284 0.025586 0.175000
0 0.450270 0.697973 0.030631 0.189189
0 0.420000 0.696284 0.041441 0.193919
0 0.387928 0.678378 0.060901 0.177027
0 0.348649 0.664189 0.083243 0.185135
0 0.302162 0.621622 0.077477 0.179730
0 0.250090 0.585473 0.067748 0.145270