0 0.479459 0.537500 0.031351 0.252027
0 0.451712 0.535811 0.027027 0.225676
0 0.424505 0.494257 0.033153 0.315541
0 0.402523 0.505743 0.035315 0.265541
0 0.378739 0.518581 0.036757 0.229054
0 0.346486 0.526689 0.045045 0.195270
0 0.310811 0.516554 0.052973 0.184459
0 0.292613 0.458784 0.059099 0.094595
0 0.510450 0.527703 0.032072 0.274324
0 0.535856 0.539865 0.025946 0.220270
0 0.561441 0.509459 0.032432 0.294595
0 0.583243 0.528716 0.036396 0.230405
0 0.609730 0.533784 0.038198 0.216216
0 0.641081 0.529392 0.048288 0.196622
0 0.677658 0.517568 0.050090 0.181081
0 0.698198 0.464189 0.054414 0.090541
0 0.504505 0.755068 0.022342 0.197973
0 0.526486 0.756081 0.024505 0.205405
0 0.547928 0.751351 0.028468 0.216216
0 0.573153 0.744257 0.031351 0.196622
0 0.616757 0.845270 0.058018 0.167568
0 0.654775 0.720608 0.084324 0.184459
0 0.699459 0.686149 0.079279 0.172297
0 0.752072 0.639527 0.046847 0.096622
0 0.484144 0.750676 0.023423 0.189189
0 0.461441 0.751014 0.024865 0.193919
0 0.435315 0.753041 0.030991 0.203378
0 0.406486 0.741892 0.031712 0.190541
0 0.375856 0.735135 0.051892 0.190541
0 0.336937 0.716554 0.080000 0.179054
0 0.295135 0.689865 0.074234 0.171622