0 0.471351 0.530743 0.036757 0.210135
0 0.444144 0.509459 0.033514 0.222973
0 0.411892 0.472973 0.035315 0.278378
0 0.386486 0.497973 0.032072 0.194595
0 0.359820 0.495608 0.045766 0.177703
0 0.321081 0.490203 0.046126 0.189865
0 0.289910 0.452365 0.053694 0.164189
0 0.274054 0.387500 0.034955 0.066892
0 0.508649 0.517568 0.034234 0.229730
0 0.538919 0.516554 0.030631 0.203378
0 0.566126 0.476014 0.036036 0.273649
0 0.592973 0.515541 0.036396 0.193243
0 0.621802 0.478041 0.051532 0.166892
0 0.667568 0.496622 0.052252 0.206757
0 0.695495 0.459459 0.057658 0.156757
0 0.500180 0.736149 0.020180 0.168243
0 0.523964 0.751351 0.025946 0.197297
0 0.553514 0.760135 0.031712 0.231081
0 0.589730 0.746959 0.030631 0.187162
0 0.625766 0.737838 0.044324 0.185135
0 0.687027 0.704054 0.082523 0.168919
0 0.745045 0.660811 0.037838 0.082432
0 0.480541 0.743581 0.021261 0.183108
0 0.456757 0.747635 0.024144 0.199324
0 0.432252 0.747973 0.028468 0.213514
0 0.404144 0.746284 0.032072 0.207432
0 0.366306 0.791216 0.039279 0.160811
0 0.325766 0.715203 0.077838 0.184459
0 0.277658 0.683784 0.083964 0.183784
0 0.235135 0.665203 0.037117 0.084459
0 0.627027 0.576014 0.038919 0.064189
0 0.366667 0.713176 0.057297 0.122297