0 0.472252 0.543581 0.034234 0.177703
0 0.451712 0.504054 0.044324 0.143243
0 0.425946 0.449662 0.045405 0.145270
0 0.404144 0.477703 0.041441 0.166216
0 0.378919 0.475000 0.040721 0.118919
0 0.330631 0.522635 0.050811 0.180405
0 0.309189 0.455068 0.061261 0.112838
0 0.510450 0.538514 0.033514 0.181081
0 0.529730 0.509459 0.041081 0.131081
0 0.557658 0.451689 0.039279 0.150676
0 0.577297 0.501014 0.040360 0.161486
0 0.605045 0.492568 0.038919 0.127027
0 0.645586 0.532770 0.058739 0.175000
0 0.667207 0.466554 0.060180 0.107432
0 0.514234 0.710135 0.021622 0.175676
0 0.537297 0.705743 0.027387 0.169595
0 0.556396 0.792905 0.041081 0.138514
0 0.588829 0.767905 0.033874 0.093919
0 0.631532 0.767568 0.034234 0.093243
0 0.674775 0.697297 0.067387 0.172973
0 0.726667 0.692568 0.054414 0.105405
0 0.491712 0.708446 0.023423 0.176351
0 0.467568 0.710135 0.027027 0.178378
0 0.450631 0.788851 0.036396 0.141216
0 0.415495 0.761149 0.036757 0.104730
0 0.374414 0.770946 0.037477 0.102703
0 0.324505 0.701689 0.072432 0.180405
0 0.268288 0.691554 0.057297 0.112838
0 0.421622 0.553716 0.028108 0.104730
0 0.400541 0.566216 0.031351 0.074324
0 0.369009 0.544932 0.041081 0.102027
0 0.555495 0.558108 0.027748 0.125676
0 0.580901 0.595270 0.033874 0.067568
0 0.614054 0.576689 0.041081 0.112838
0 0.560721 0.697973 0.025946 0.139189
0 0.589009 0.704054 0.039279 0.105405
0 0.629910 0.713851 0.055495 0.137162
0 0.443243 0.692230 0.025225 0.141216
0 0.417658 0.690203 0.041081 0.099324
0 0.377297 0.709459 0.054775 0.136486