0 0.440923 0.608068 0.032029 0.058851
0 0.419214 0.605402 0.037009 0.101561
0 0.359786 0.489963 0.050533 0.148264
0 0.589676 0.599395 0.037723 0.076196
0 0.297506 0.451932 0.064058 0.210986
0 0.318859 0.532003 0.054094 0.202980
0 0.401067 0.536676 0.046263 0.118905
0 0.403200 0.439253 0.069038 0.201642
0 0.398218 0.610740 0.033452 0.106899
0 0.362632 0.594726 0.036299 0.088209
0 0.536295 0.589385 0.032029 0.101554
0 0.471173 0.525328 0.054094 0.272372
0 0.493236 0.750264 0.038436 0.169486
0 0.648396 0.495970 0.093953 0.248358
0 0.429178 0.496639 0.058364 0.198980
0 0.510319 0.547348 0.032739 0.263034
0 0.561209 0.598057 0.027759 0.105561
0 0.573663 0.517321 0.062634 0.088209
0 0.562986 0.429912 0.068328 0.180297
0 0.605692 0.477953 0.054094 0.172284
0 0.617791 0.586716 0.052670 0.088216
0 0.680068 0.446591 0.081852 0.149601
0 0.567258 0.835672 0.078292 0.174818
0 0.722416 0.729578 0.074022 0.165480
0 0.629178 0.788297 0.045550 0.114770
0 0.589321 0.789628 0.062634 0.125446
0 0.508539 0.758939 0.022065 0.189500
0 0.552667 0.733581 0.030602 0.162811
0 0.622773 0.705557 0.055514 0.154804
0 0.577578 0.711561 0.037723 0.145459
0 0.527755 0.774284 0.029182 0.233541
0 0.447685 0.736250 0.039859 0.112095
0 0.452310 0.851017 0.051957 0.181493
0 0.475086 0.759605 0.051960 0.161480
0 0.411031 0.826331 0.037723 0.126784
0 0.370816 0.818990 0.046973 0.090750
0 0.667969 0.727574 0.087542 0.201514
0 0.385050 0.716899 0.049820 0.121446
0 0.419214 0.726909 0.037009 0.098750
0 0.333094 0.744257 0.092530 0.192176
0 0.276510 0.741588 0.074735 0.112095