0 0.479099 0.541216 0.029189 0.224324
0 0.455676 0.526351 0.027027 0.232432
0 0.430450 0.532770 0.032072 0.230405
0 0.408829 0.527027 0.040000 0.212162
0 0.382162 0.515878 0.037117 0.214189
0 0.351171 0.523986 0.048649 0.154730
0 0.314775 0.498311 0.051532 0.161486
0 0.292252 0.437838 0.041802 0.117568
0 0.512613 0.543243 0.030631 0.217568
0 0.536577 0.532095 0.025946 0.227703
0 0.557477 0.539189 0.033153 0.239189
0 0.583063 0.532432 0.043964 0.221622
0 0.610811 0.530405 0.041802 0.204054
0 0.639820 0.516892 0.052973 0.198649
0 0.679640 0.498649 0.052613 0.171622
0 0.705225 0.444595 0.049009 0.117568
0 0.500901 0.757432 0.021622 0.179730
0 0.521982 0.756419 0.021982 0.180405
0 0.543964 0.756419 0.032793 0.211486
0 0.568649 0.753041 0.033874 0.215541
0 0.596036 0.739865 0.049009 0.210811
0 0.635856 0.706081 0.085405 0.182432
0 0.681261 0.662838 0.094054 0.162162
0 0.724865 0.634459 0.068108 0.129730
0 0.478559 0.757770 0.023784 0.181757
0 0.459459 0.756419 0.024505 0.188514
0 0.434234 0.758108 0.028108 0.212162
0 0.409369 0.737838 0.038198 0.191892
0 0.381261 0.725000 0.052613 0.191892
0 0.344144 0.697635 0.085045 0.193919
0 0.303063 0.654054 0.090811 0.160811
0 0.267027 0.617905 0.059099 0.142568