0 0.474595 0.540541 0.035315 0.167568
0 0.450631 0.507095 0.032793 0.173649
0 0.432072 0.427703 0.036757 0.154054
0 0.410270 0.498986 0.043604 0.103378
0 0.386306 0.461149 0.044685 0.104730
0 0.341802 0.479392 0.056577 0.177703
0 0.319820 0.425338 0.053694 0.119595
0 0.506486 0.517230 0.037838 0.262838
0 0.535135 0.522297 0.033874 0.141892
0 0.552793 0.443243 0.035315 0.170270
0 0.580180 0.551014 0.048288 0.111486
0 0.596396 0.473986 0.046126 0.097973
0 0.647027 0.493243 0.063784 0.186486
0 0.668288 0.435811 0.060901 0.114865
0 0.510450 0.730743 0.028468 0.158784
0 0.529730 0.732432 0.033874 0.118919
0 0.563964 0.819932 0.051892 0.146622
0 0.591351 0.764527 0.036757 0.102027
0 0.637658 0.761486 0.044324 0.085135
0 0.673694 0.675000 0.091892 0.172973
0 0.721081 0.650676 0.053333 0.110811
0 0.486306 0.752365 0.025586 0.185811
0 0.464865 0.754730 0.030270 0.171622
0 0.435135 0.830743 0.060180 0.138514
0 0.411351 0.775338 0.047207 0.104730
0 0.362342 0.757095 0.042883 0.089865
0 0.328108 0.675676 0.101261 0.174324
0 0.281081 0.654392 0.056937 0.111486
0 0.428649 0.555743 0.031351 0.139865
0 0.405225 0.570270 0.040000 0.097297
0 0.376216 0.544932 0.045405 0.110135
0 0.553874 0.564189 0.028829 0.135135
0 0.610090 0.554054 0.049730 0.108108
0 0.557658 0.719932 0.038559 0.118243
0 0.582162 0.690878 0.046486 0.099324
0 0.619099 0.690878 0.059099 0.135811
0 0.441261 0.718581 0.029189 0.131757
0 0.416216 0.695608 0.035315 0.077703
0 0.385045 0.684797 0.065225 0.127703