0 0.491532 0.421284 0.028829 0.296622
0 0.466847 0.423986 0.029910 0.275000
0 0.440901 0.398649 0.034955 0.309459
0 0.418559 0.427365 0.041441 0.273649
0 0.394054 0.440203 0.035676 0.249324
0 0.356937 0.468919 0.052252 0.213514
0 0.313694 0.457095 0.046486 0.216892
0 0.287387 0.407770 0.055135 0.141216
0 0.520180 0.411486 0.032793 0.317568
0 0.545405 0.427365 0.028468 0.261486
0 0.570090 0.377027 0.028829 0.344595
0 0.598919 0.426351 0.046847 0.255405
0 0.620360 0.428716 0.036396 0.249324
0 0.651532 0.460135 0.043964 0.186486
0 0.691892 0.443919 0.044685 0.202703
0 0.716757 0.380068 0.049730 0.160135
0 0.519820 0.674324 0.024144 0.200000
0 0.541261 0.665541 0.025225 0.177027
0 0.564505 0.698986 0.026306 0.269595
0 0.592072 0.683784 0.030270 0.212162
0 0.618739 0.688851 0.036757 0.216892
0 0.655856 0.675000 0.059099 0.200000
0 0.703063 0.650000 0.070631 0.191892
0 0.500000 0.679392 0.019820 0.208784
0 0.480180 0.672297 0.021982 0.191892
0 0.456577 0.716892 0.025946 0.293243
0 0.428108 0.708446 0.030991 0.250676
0 0.404685 0.708446 0.038198 0.226351
0 0.364144 0.695270 0.068108 0.209459
0 0.307568 0.672973 0.076757 0.191892