0 0.489369 0.533108 0.033874 0.197297
0 0.462703 0.530743 0.034595 0.146622
0 0.440721 0.441892 0.043964 0.141892
0 0.422342 0.515541 0.044685 0.109459
0 0.394775 0.479730 0.045766 0.118919
0 0.354234 0.528716 0.056937 0.199324
0 0.327568 0.462162 0.062703 0.113514
0 0.525586 0.533446 0.037117 0.211486
0 0.548468 0.507432 0.029550 0.129730
0 0.573333 0.433446 0.041802 0.150676
0 0.586126 0.510473 0.041441 0.114189
0 0.613514 0.491892 0.040000 0.098649
0 0.651712 0.514527 0.059459 0.208784
0 0.679640 0.455068 0.058378 0.122297
0 0.517838 0.758108 0.021622 0.190541
0 0.538378 0.765878 0.026667 0.170946
0 0.565586 0.829730 0.040000 0.141892
0 0.589369 0.773649 0.032793 0.101351
0 0.628108 0.767568 0.041802 0.087838
0 0.662162 0.709459 0.075315 0.185135
0 0.718919 0.710473 0.063423 0.112838
0 0.748288 0.611486 0.022703 0.085135
0 0.499640 0.763851 0.029189 0.193919
0 0.478919 0.765878 0.034595 0.187162
0 0.456216 0.836149 0.043964 0.141216
0 0.420180 0.773649 0.037477 0.101351
0 0.383423 0.782432 0.043964 0.087838
0 0.347748 0.721622 0.078559 0.187838
0 0.285766 0.730068 0.062703 0.120946
0 0.255315 0.620946 0.034234 0.081081
0 0.494234 0.584459 0.022703 0.135135
0 0.466486 0.592905 0.021982 0.084459
0 0.438018 0.570946 0.029189 0.170270
0 0.415315 0.601689 0.037838 0.099324
0 0.390450 0.573649 0.048649 0.140541
0 0.573333 0.583784 0.028108 0.109459
0 0.594595 0.587838 0.033874 0.095946
0 0.620360 0.565203 0.047207 0.125000
0 0.559820 0.726014 0.026306 0.179054
0 0.587928 0.698649 0.040000 0.113514
0 0.614234 0.687838 0.050811 0.110811
0 0.453514 0.726014 0.032793 0.169595
0 0.429369 0.687500 0.045766 0.093919
0 0.396937 0.694257 0.057297 0.103378