0 0.485751 0.656973 0.024894 0.210838
0 0.369441 0.417088 0.037766 0.230311
0 0.308497 0.594206 0.072101 0.185088
0 0.263863 0.586155 0.060086 0.111054
0 0.390043 0.650534 0.044634 0.210838
0 0.413647 0.658581 0.043777 0.239811
0 0.468153 0.656166 0.030901 0.189912
0 0.442832 0.669848 0.036908 0.226926
0 0.350557 0.627199 0.061805 0.215669
0 0.521802 0.669041 0.038623 0.228541
0 0.504205 0.667432 0.029182 0.199568
0 0.569441 0.644902 0.042919 0.202791
0 0.601631 0.624780 0.059225 0.188304
0 0.541115 0.664216 0.037769 0.225324
0 0.687468 0.580524 0.083261 0.189912
0 0.701631 0.318105 0.063521 0.125696
0 0.685321 0.422720 0.056652 0.154669
0 0.733389 0.591791 0.065236 0.128757
0 0.642402 0.618345 0.089272 0.214054
0 0.610643 0.413061 0.049784 0.225486
0 0.581029 0.417084 0.055795 0.223872
0 0.532103 0.435595 0.038627 0.231919
0 0.556137 0.423520 0.050645 0.246405
0 0.478025 0.442838 0.035193 0.217432
0 0.453132 0.438814 0.033477 0.235142
0 0.423519 0.433983 0.046353 0.241574
0 0.400773 0.434787 0.048926 0.223872
0 0.505923 0.433983 0.039485 0.241574
0 0.645836 0.407429 0.048068 0.214223
0 0.341973 0.432375 0.044638 0.199736
0 0.292189 0.418696 0.046353 0.185243
0 0.273733 0.344662 0.052360 0.101554