0 0.489730 0.502365 0.029550 0.235811
0 0.465946 0.496959 0.034595 0.219595
0 0.443604 0.408446 0.037477 0.233108
0 0.415315 0.493919 0.042162 0.193243
0 0.387387 0.463851 0.041802 0.184459
0 0.350090 0.446284 0.055135 0.233108
0 0.315315 0.411149 0.057658 0.204730
0 0.287027 0.363514 0.058739 0.098649
0 0.520541 0.506081 0.029189 0.227027
0 0.541441 0.484797 0.036396 0.234459
0 0.560180 0.400000 0.036396 0.193243
0 0.584865 0.484459 0.038198 0.156757
0 0.606847 0.421959 0.043964 0.175000
0 0.648108 0.445946 0.053694 0.231081
0 0.702342 0.347973 0.059820 0.098649
0 0.506667 0.717230 0.021622 0.184459
0 0.524685 0.715878 0.031712 0.183108
0 0.544324 0.801351 0.037117 0.195946
0 0.570811 0.742568 0.033874 0.187838
0 0.615315 0.755743 0.053694 0.130405
0 0.648468 0.681757 0.087568 0.202703
0 0.697297 0.654392 0.081441 0.173649
0 0.743964 0.607770 0.052252 0.102027
0 0.486847 0.722973 0.023784 0.194595
0 0.470631 0.722973 0.035315 0.189189
0 0.446306 0.782095 0.032072 0.220946
0 0.424685 0.726014 0.036396 0.211486
0 0.391351 0.741892 0.043243 0.163514
0 0.347568 0.687162 0.075315 0.210811
0 0.296937 0.658446 0.070631 0.180405
0 0.242162 0.630743 0.053333 0.104730
0 0.438739 0.556757 0.027748 0.077027
0 0.568288 0.504392 0.027387 0.206081
0 0.611532 0.526014 0.043964 0.091216
0 0.547748 0.693919 0.029550 0.139189
0 0.599099 0.670608 0.065946 0.134459
0 0.395856 0.645270 0.052973 0.083784