0 0.476577 0.370608 0.029189 0.230405
0 0.451712 0.386149 0.024144 0.199324
0 0.428649 0.390203 0.027748 0.225000
0 0.409910 0.404054 0.034955 0.204054
0 0.387928 0.413514 0.035676 0.187838
0 0.349730 0.428378 0.055856 0.164865
0 0.310631 0.432095 0.052613 0.169595
0 0.504505 0.371959 0.029550 0.227703
0 0.529910 0.373986 0.023423 0.219595
0 0.551171 0.383784 0.031351 0.225676
0 0.570811 0.393919 0.038919 0.214865
0 0.593514 0.407432 0.039640 0.197297
0 0.632613 0.423649 0.062342 0.166216
0 0.670811 0.421622 0.056577 0.181081
0 0.503423 0.601014 0.016577 0.157432
0 0.519820 0.612162 0.021982 0.166216
0 0.538378 0.636486 0.027387 0.202703
0 0.563423 0.638851 0.031351 0.179054
0 0.587748 0.647635 0.035315 0.193919
0 0.627387 0.642568 0.069189 0.182432
0 0.670991 0.633784 0.072793 0.179730
0 0.723063 0.628716 0.076036 0.130405
0 0.485766 0.609797 0.016577 0.177703
0 0.468829 0.610811 0.025225 0.174324
0 0.446486 0.629054 0.023063 0.182432
0 0.420901 0.637838 0.027387 0.175676
0 0.400000 0.642568 0.035315 0.182432
0 0.365586 0.644257 0.060901 0.179054
0 0.324505 0.639527 0.058739 0.179054
0 0.271712 0.628716 0.072072 0.135811