0 0.489369 0.447297 0.036757 0.241892
0 0.462342 0.438176 0.033874 0.220946
0 0.433153 0.431081 0.034595 0.237838
0 0.408829 0.427703 0.041441 0.227027
0 0.381261 0.436149 0.034595 0.200676
0 0.341622 0.432432 0.051892 0.178378
0 0.298559 0.400338 0.050090 0.195270
0 0.277658 0.336824 0.050090 0.122297
0 0.524324 0.435811 0.035315 0.263514
0 0.554775 0.438514 0.031351 0.227027
0 0.583964 0.415203 0.029910 0.277703
0 0.613514 0.438851 0.038559 0.197973
0 0.636036 0.424324 0.044685 0.205405
0 0.671532 0.421284 0.053694 0.181757
0 0.712072 0.398649 0.051892 0.174324
0 0.726306 0.315878 0.055135 0.147973
0 0.511351 0.673311 0.022342 0.181757
0 0.533153 0.683784 0.024865 0.201351
0 0.557477 0.698649 0.032432 0.241892
0 0.586126 0.689865 0.040000 0.202703
0 0.616757 0.666892 0.044324 0.183784
0 0.659459 0.658784 0.075676 0.202703
0 0.706667 0.621622 0.084324 0.191892
0 0.751171 0.573986 0.062342 0.145270
0 0.490991 0.675000 0.020541 0.190541
0 0.469730 0.668581 0.024144 0.181757
0 0.441802 0.675000 0.028108 0.217568
0 0.401081 0.661486 0.031712 0.181081
0 0.371712 0.651014 0.039279 0.177703
0 0.329009 0.639527 0.067748 0.196622
0 0.280541 0.600000 0.076757 0.177027
0 0.240541 0.564865 0.056577 0.122973