0 0.491892 0.486824 0.031712 0.202027
0 0.465946 0.485811 0.025946 0.183784
0 0.439279 0.487500 0.034595 0.208784
0 0.414054 0.503378 0.038919 0.194595
0 0.388108 0.500338 0.038919 0.193919
0 0.354054 0.488176 0.051532 0.197973
0 0.309910 0.481081 0.054054 0.179730
0 0.290270 0.401689 0.060180 0.134459
0 0.521802 0.482770 0.030991 0.204730
0 0.548288 0.485811 0.026306 0.175676
0 0.573333 0.477365 0.033153 0.202027
0 0.595856 0.481419 0.037117 0.208784
0 0.621802 0.480743 0.037838 0.187162
0 0.654775 0.467905 0.044685 0.188514
0 0.695135 0.459459 0.045405 0.183784
0 0.710090 0.375676 0.058018 0.125676
0 0.518739 0.696284 0.024865 0.175000
0 0.537117 0.695946 0.022703 0.182432
0 0.559640 0.707095 0.025225 0.206081
0 0.584505 0.707095 0.030991 0.200676
0 0.611712 0.706757 0.043604 0.201351
0 0.649369 0.683108 0.068468 0.195946
0 0.693874 0.660135 0.073153 0.182432
0 0.746306 0.641554 0.063423 0.138514
0 0.500901 0.701351 0.026667 0.175676
0 0.483243 0.703716 0.031712 0.185811
0 0.464324 0.713851 0.033514 0.207432
0 0.434234 0.714527 0.036036 0.192568
0 0.406486 0.717905 0.037477 0.196622
0 0.369550 0.705743 0.073153 0.200676
0 0.317117 0.689189 0.077838 0.187838
0 0.262162 0.670946 0.071712 0.135135