0 0.479459 0.513851 0.053694 0.138514
0 0.449369 0.529054 0.044685 0.089189
0 0.416577 0.465878 0.049009 0.102027
0 0.399820 0.542568 0.046486 0.079730
0 0.369369 0.516216 0.041081 0.075676
0 0.323423 0.513514 0.053694 0.131081
0 0.289910 0.463176 0.049369 0.073649
0 0.533514 0.539865 0.052973 0.087838
0 0.569009 0.555068 0.040360 0.091216
0 0.592793 0.492905 0.042523 0.097973
0 0.607568 0.558784 0.040360 0.082432
0 0.639099 0.592905 0.047207 0.165541
0 0.673694 0.546622 0.060901 0.100000
0 0.706486 0.476689 0.048649 0.091216
0 0.520541 0.815541 0.037117 0.137838
0 0.550090 0.832095 0.042162 0.115541
0 0.579099 0.872297 0.043964 0.094595
0 0.612613 0.827027 0.041081 0.072973
0 0.689730 0.806757 0.063423 0.137838
0 0.743243 0.778716 0.050811 0.099324
0 0.488468 0.794257 0.037117 0.127703
0 0.455495 0.823649 0.040360 0.116216
0 0.426126 0.862162 0.046486 0.098649
0 0.391532 0.812162 0.042162 0.068919
0 0.312613 0.787838 0.059459 0.140541
0 0.261441 0.761149 0.052252 0.091216
0 0.482703 0.599662 0.038559 0.075000
0 0.458198 0.594257 0.025586 0.100676
0 0.429189 0.572297 0.035315 0.170270
0 0.397117 0.609122 0.041802 0.089865
0 0.361982 0.598311 0.047207 0.111486
0 0.520180 0.605743 0.031351 0.070946
0 0.548108 0.608108 0.024505 0.105405
0 0.576396 0.596284 0.033514 0.168243
0 0.606667 0.625000 0.044324 0.102703
0 0.521081 0.727365 0.023784 0.111486
0 0.545586 0.745270 0.026667 0.128378
0 0.570811 0.766216 0.031712 0.154054
0 0.601261 0.753378 0.037838 0.101351
0 0.639279 0.745946 0.056216 0.109459
0 0.496937 0.725676 0.023063 0.116216
0 0.471712 0.746284 0.029550 0.149324
0 0.441802 0.759122 0.033153 0.154730
0 0.407568 0.746284 0.042523 0.110135
0 0.369189 0.728378 0.056577 0.104054