0 0.481081 0.473986 0.032432 0.226351
0 0.457658 0.469932 0.029550 0.216892
0 0.429189 0.446622 0.033153 0.251351
0 0.405405 0.460135 0.041081 0.202703
0 0.375135 0.468581 0.037477 0.176351
0 0.336216 0.439865 0.053333 0.214865
0 0.296396 0.426351 0.075315 0.197297
0 0.270631 0.346622 0.056216 0.132432
0 0.511532 0.478378 0.032072 0.214865
0 0.536577 0.473986 0.028108 0.216892
0 0.564324 0.466216 0.033874 0.222973
0 0.582523 0.455743 0.042883 0.220946
0 0.611712 0.460135 0.040000 0.205405
0 0.651171 0.457432 0.053333 0.191892
0 0.696216 0.438514 0.065586 0.198649
0 0.723604 0.370946 0.058378 0.113514
0 0.508108 0.679054 0.020901 0.159459
0 0.527748 0.682770 0.022703 0.168243
0 0.552613 0.710811 0.034234 0.237838
0 0.580360 0.692230 0.038559 0.203378
0 0.611171 0.680743 0.047568 0.189865
0 0.665405 0.677703 0.091892 0.220270
0 0.716757 0.652703 0.087207 0.204054
0 0.770270 0.620270 0.068829 0.141892
0 0.487928 0.679730 0.021622 0.158108
0 0.467027 0.688176 0.022342 0.180405
0 0.439459 0.701689 0.034955 0.230405
0 0.409009 0.687500 0.039640 0.197973
0 0.380000 0.674662 0.044324 0.177703
0 0.326847 0.679054 0.083604 0.218919
0 0.280721 0.638176 0.079279 0.200676
0 0.230450 0.616216 0.062342 0.143243