0 0.472432 0.526014 0.030991 0.229054
0 0.444685 0.521622 0.030270 0.224324
0 0.416577 0.478716 0.032432 0.291216
0 0.390811 0.511824 0.038559 0.216892
0 0.362883 0.511149 0.036036 0.189865
0 0.333333 0.476014 0.055495 0.208784
0 0.303243 0.436486 0.062342 0.187838
0 0.272252 0.396284 0.048649 0.080405
0 0.500721 0.518243 0.027748 0.233784
0 0.521622 0.512162 0.032072 0.217568
0 0.548649 0.447973 0.034955 0.286486
0 0.571892 0.492905 0.042523 0.220946
0 0.604144 0.465878 0.045766 0.239865
0 0.639099 0.466554 0.057297 0.235811
0 0.673874 0.446959 0.066306 0.185811
0 0.702162 0.391892 0.050811 0.079730
0 0.503243 0.742230 0.020541 0.184459
0 0.521261 0.742568 0.023423 0.187838
0 0.543964 0.753716 0.030631 0.219595
0 0.569009 0.741216 0.033874 0.197297
0 0.597658 0.740541 0.052252 0.177027
0 0.645405 0.704054 0.086486 0.200000
0 0.689730 0.650000 0.080721 0.179730
0 0.738919 0.623311 0.041441 0.089865
0 0.485586 0.735473 0.021261 0.156081
0 0.463423 0.748649 0.022342 0.181081
0 0.438739 0.757770 0.029910 0.211486
0 0.413694 0.739527 0.030270 0.187162
0 0.381081 0.761149 0.052252 0.149324
0 0.336937 0.709122 0.072072 0.195270
0 0.293514 0.658784 0.081081 0.167568
0 0.245405 0.637838 0.047568 0.093243
0 0.381982 0.674324 0.045405 0.060811