0 0.472613 0.500338 0.037117 0.229054
0 0.442523 0.514865 0.033153 0.217568
0 0.420180 0.442230 0.043964 0.181757
0 0.384144 0.514189 0.037477 0.089189
0 0.375856 0.467905 0.049009 0.087162
0 0.321081 0.507770 0.052613 0.177703
0 0.290811 0.465878 0.056937 0.102027
0 0.263243 0.408108 0.037117 0.051351
0 0.510450 0.485811 0.039279 0.222973
0 0.536937 0.485473 0.033153 0.238514
0 0.550270 0.400676 0.045405 0.200000
0 0.597838 0.458784 0.040360 0.148649
0 0.616036 0.442905 0.044324 0.127703
0 0.666126 0.474662 0.055856 0.192568
0 0.696757 0.428378 0.053694 0.114865
0 0.720541 0.365203 0.034955 0.068243
0 0.504685 0.718243 0.022703 0.201351
0 0.521622 0.719257 0.020541 0.231757
0 0.561441 0.792568 0.040360 0.194595
0 0.587928 0.723986 0.049369 0.179054
0 0.628649 0.759797 0.036396 0.134459
0 0.663423 0.682432 0.074234 0.182432
0 0.714955 0.669932 0.061261 0.130405
0 0.736757 0.581081 0.017658 0.071622
0 0.482883 0.734797 0.023784 0.216892
0 0.466306 0.740541 0.031712 0.210811
0 0.440541 0.813176 0.034955 0.185811
0 0.403423 0.756757 0.034234 0.127027
0 0.369910 0.785135 0.037838 0.132432
0 0.313333 0.784459 0.001081 0.004054
0 0.331712 0.710135 0.071712 0.194595
0 0.275856 0.703716 0.058018 0.107432
0 0.416216 0.563514 0.031712 0.121622
0 0.361622 0.553378 0.045045 0.118919
0 0.566847 0.508446 0.036036 0.168243
0 0.626126 0.536149 0.050090 0.103378
0 0.543423 0.696959 0.025946 0.146622
0 0.619640 0.678716 0.069550 0.127703
0 0.440000 0.704054 0.023784 0.129730
0 0.375856 0.696284 0.061982 0.130405