0 0.398712 0.686747 0.033474 0.231764
0 0.282402 0.384091 0.058368 0.167547
0 0.423604 0.684334 0.035193 0.223709
0 0.357510 0.683527 0.054076 0.228541
0 0.570814 0.665020 0.042919 0.188311
0 0.698283 0.401797 0.064378 0.164324
0 0.453218 0.665828 0.030905 0.234980
0 0.396995 0.469392 0.054076 0.202946
0 0.627895 0.660997 0.076396 0.186696
0 0.446351 0.464564 0.042915 0.199736
0 0.315020 0.670655 0.061802 0.212446
0 0.419312 0.469392 0.052360 0.209392
0 0.624032 0.471000 0.068670 0.199730
0 0.598283 0.475828 0.044638 0.202953
0 0.474677 0.461345 0.044634 0.231919
0 0.574249 0.457321 0.037766 0.210993
0 0.542059 0.457324 0.042058 0.214216
0 0.663948 0.479855 0.066094 0.172372
0 0.346351 0.473416 0.047211 0.210993
0 0.494420 0.662605 0.027470 0.222101
0 0.473820 0.666628 0.025751 0.223716
0 0.596995 0.673064 0.052360 0.188304
0 0.544634 0.667436 0.028324 0.231764
0 0.524463 0.656973 0.024032 0.201176
0 0.505578 0.462152 0.037766 0.220655
0 0.730901 0.655365 0.076396 0.165770
0 0.507724 0.655361 0.026613 0.201182
0 0.679398 0.652142 0.083265 0.197959
0 0.263517 0.673872 0.060086 0.180257
0 0.311159 0.464561 0.050641 0.212608
0 0.376823 0.471804 0.048068 0.211000