0 0.483243 0.490203 0.028108 0.207432
0 0.447928 0.469595 0.033153 0.217568
0 0.418378 0.475338 0.032432 0.195270
0 0.385586 0.450676 0.035315 0.170270
0 0.346667 0.458446 0.052613 0.177703
0 0.323604 0.382432 0.052613 0.139189
0 0.522162 0.484797 0.027387 0.220946
0 0.552432 0.463851 0.028829 0.197973
0 0.581982 0.483108 0.030991 0.187838
0 0.606486 0.424324 0.035315 0.174324
0 0.648468 0.453041 0.049369 0.172297
0 0.676036 0.402027 0.055495 0.140541
0 0.522523 0.685473 0.018739 0.166892
0 0.542703 0.686149 0.018739 0.169595
0 0.564144 0.680743 0.024865 0.180405
0 0.594775 0.681419 0.027748 0.188514
0 0.638018 0.689189 0.044324 0.137838
0 0.645766 0.586486 0.001441 0.002703
0 0.674595 0.636149 0.094414 0.181757
0 0.719099 0.612500 0.061622 0.127703
0 0.503243 0.684122 0.021261 0.176351
0 0.485045 0.690878 0.022342 0.166892
0 0.462703 0.694257 0.026667 0.191216
0 0.434054 0.701689 0.033514 0.197973
0 0.392613 0.669932 0.066667 0.146622
0 0.348108 0.650338 0.090811 0.181757
0 0.293153 0.621284 0.076757 0.134459
0 0.445405 0.115541 0.001441 0.002703
0 0.382342 0.538514 0.039640 0.068919
0 0.613333 0.524662 0.039640 0.077703
0 0.621441 0.614865 0.033514 0.066216