0 0.472793 0.519595 0.034595 0.212162
0 0.444505 0.518243 0.023423 0.194595
0 0.419459 0.502365 0.030991 0.225000
0 0.393874 0.519932 0.044685 0.185811
0 0.366667 0.526351 0.033514 0.172973
0 0.330631 0.522635 0.047207 0.170946
0 0.298559 0.486149 0.060180 0.189865
0 0.275495 0.412500 0.048649 0.161486
0 0.505766 0.516216 0.032793 0.212162
0 0.528108 0.510473 0.029189 0.207432
0 0.549730 0.484122 0.029189 0.233108
0 0.566486 0.501351 0.030991 0.220270
0 0.589730 0.504054 0.041441 0.195946
0 0.624685 0.496622 0.052252 0.201351
0 0.659820 0.475338 0.059820 0.187162
0 0.682703 0.403378 0.053694 0.174324
0 0.498559 0.722973 0.021261 0.171622
0 0.692252 0.735135 0.001441 0.002703
0 0.519279 0.727027 0.021622 0.179730
0 0.543063 0.738176 0.040360 0.208784
0 0.566667 0.714189 0.037838 0.189189
0 0.592072 0.700338 0.049009 0.184459
0 0.632613 0.689527 0.074595 0.189865
0 0.672793 0.663176 0.061261 0.183108
0 0.731532 0.624662 0.080000 0.122297
0 0.481982 0.717230 0.029189 0.160135
0 0.462883 0.740203 0.022703 0.207432
0 0.439279 0.749662 0.025946 0.216892
0 0.580541 0.721622 0.001441 0.002703
0 0.419459 0.724324 0.035315 0.191892
0 0.389009 0.721622 0.049369 0.195946
0 0.349550 0.706081 0.071351 0.181081
0 0.307568 0.680405 0.063063 0.183784
0 0.257117 0.657770 0.060180 0.139865