0 0.483243 0.554392 0.030270 0.229054
0 0.455495 0.542230 0.028108 0.241216
0 0.430811 0.468919 0.036396 0.166216
0 0.413153 0.530068 0.038559 0.166892
0 0.386486 0.505405 0.042162 0.147297
0 0.350811 0.524324 0.060901 0.204054
0 0.320901 0.486486 0.056577 0.131081
0 0.293153 0.419932 0.041441 0.072297
0 0.510811 0.550676 0.032072 0.227027
0 0.538018 0.542568 0.026667 0.245946
0 0.560360 0.478378 0.043243 0.168919
0 0.577297 0.580405 0.038198 0.162162
0 0.602883 0.543919 0.038919 0.195946
0 0.639279 0.520608 0.054054 0.208784
0 0.674955 0.486486 0.056937 0.148649
0 0.700541 0.430405 0.048288 0.079730
0 0.506667 0.757432 0.023784 0.156757
0 0.523604 0.756081 0.025225 0.162162
0 0.551712 0.771622 0.037477 0.186486
0 0.577117 0.722973 0.034955 0.139189
0 0.608468 0.767230 0.001802 0.003378
0 0.611712 0.744595 0.058018 0.125676
0 0.653874 0.700676 0.092613 0.197297
0 0.708649 0.693919 0.068108 0.141892
0 0.746306 0.611486 0.030270 0.094595
0 0.486126 0.760135 0.021622 0.158108
0 0.466847 0.751014 0.024144 0.146622
0 0.440541 0.770608 0.034955 0.169595
0 0.412613 0.754054 0.031712 0.135135
0 0.377297 0.753716 0.038919 0.138514
0 0.339459 0.711149 0.097297 0.193919
0 0.293694 0.688176 0.073514 0.153378
0 0.258198 0.620608 0.032793 0.087162
0 0.433153 0.588851 0.028829 0.166892
0 0.410991 0.616892 0.034234 0.067568
0 0.381441 0.605405 0.042162 0.093243
0 0.555495 0.587162 0.027748 0.167568