0 0.478559 0.522297 0.026667 0.250000
0 0.456937 0.531757 0.028108 0.224324
0 0.434054 0.451689 0.037838 0.218243
0 0.404865 0.516216 0.042162 0.233784
0 0.376036 0.522297 0.040721 0.193243
0 0.335315 0.509797 0.063063 0.195270
0 0.293694 0.443243 0.063423 0.127027
0 0.510631 0.515541 0.030270 0.256757
0 0.532793 0.509122 0.034234 0.239865
0 0.557117 0.441554 0.042523 0.206081
0 0.591171 0.523311 0.042162 0.191216
0 0.620360 0.515878 0.044324 0.179054
0 0.654595 0.487162 0.049369 0.202703
0 0.687928 0.428716 0.058378 0.130405
0 0.506486 0.743581 0.024865 0.200676
0 0.525225 0.740203 0.019099 0.203378
0 0.553694 0.767230 0.036396 0.234459
0 0.583243 0.771622 0.029910 0.156757
0 0.622162 0.760473 0.034955 0.139865
0 0.657297 0.685811 0.077838 0.197297
0 0.712613 0.663851 0.055856 0.118243
0 0.487568 0.740203 0.018739 0.192568
0 0.472252 0.753716 0.024865 0.222297
0 0.451712 0.762500 0.030631 0.200676
0 0.428829 0.720946 0.034595 0.186486
0 0.387748 0.771284 0.035315 0.146622
0 0.343604 0.701014 0.075315 0.195270
0 0.280541 0.686824 0.070270 0.141216
0 0.429550 0.598311 0.030991 0.087162
0 0.565766 0.578716 0.033874 0.087162
0 0.578739 0.679730 0.036757 0.083784
0 0.605045 0.679054 0.045405 0.105405
0 0.393694 0.680743 0.063784 0.115541