0 0.482523 0.472973 0.036757 0.251351
0 0.453153 0.461149 0.030631 0.242568
0 0.424144 0.437500 0.035315 0.299324
0 0.398378 0.457770 0.041441 0.234459
0 0.370811 0.465203 0.039640 0.210135
0 0.333333 0.457432 0.054054 0.190541
0 0.291351 0.429730 0.065946 0.198649
0 0.271351 0.355405 0.051892 0.114865
0 0.510811 0.477027 0.036396 0.243243
0 0.541261 0.475000 0.030991 0.227027
0 0.569550 0.440203 0.038559 0.325000
0 0.596396 0.468243 0.049730 0.218919
0 0.626306 0.461486 0.043243 0.216216
0 0.665766 0.452703 0.056577 0.200000
0 0.706847 0.419595 0.062342 0.204054
0 0.729189 0.353378 0.048649 0.110811
0 0.503243 0.702703 0.021982 0.174324
0 0.523784 0.703716 0.026306 0.176351
0 0.548829 0.726351 0.033153 0.243243
0 0.581622 0.704054 0.041802 0.194595
0 0.619820 0.691554 0.051892 0.192568
0 0.664865 0.675000 0.080721 0.195946
0 0.716036 0.641216 0.073514 0.183784
0 0.768829 0.631419 0.069550 0.123649
0 0.480180 0.704392 0.023423 0.173649
0 0.460901 0.705405 0.024505 0.189189
0 0.434595 0.723986 0.032432 0.243919
0 0.403784 0.700000 0.042162 0.195946
0 0.367568 0.694595 0.046126 0.186486
0 0.317838 0.674662 0.088649 0.203378
0 0.270270 0.634122 0.083604 0.189865
0 0.217297 0.621959 0.063423 0.123649