0 0.471351 0.472973 0.030991 0.237838
0 0.442523 0.484459 0.026667 0.216216
0 0.414595 0.386824 0.047207 0.137162
0 0.394955 0.455743 0.045405 0.145270
0 0.373874 0.445608 0.034234 0.133108
0 0.334414 0.483784 0.049009 0.181081
0 0.313694 0.420946 0.049369 0.104054
0 0.502523 0.467230 0.032072 0.247973
0 0.527748 0.475676 0.034234 0.206757
0 0.552613 0.381419 0.054414 0.187162
0 0.576757 0.496622 0.042883 0.129730
0 0.603964 0.456419 0.043243 0.135811
0 0.646486 0.448649 0.050450 0.189189
0 0.678378 0.404392 0.052252 0.119595
0 0.494775 0.689865 0.030991 0.164865
0 0.514595 0.687838 0.031712 0.193243
0 0.538739 0.783784 0.039640 0.163514
0 0.569009 0.658446 0.038198 0.126351
0 0.607568 0.715541 0.044685 0.097297
0 0.653153 0.656419 0.077477 0.188514
0 0.705405 0.653378 0.060180 0.108108
0 0.473694 0.688176 0.024865 0.169595
0 0.450450 0.690878 0.028108 0.176351
0 0.423784 0.712838 0.032432 0.160811
0 0.385045 0.687838 0.030631 0.127027
0 0.352973 0.681757 0.035676 0.108108
0 0.317838 0.662162 0.062703 0.152703
0 0.273694 0.639189 0.052973 0.109459
0 0.419279 0.508446 0.024865 0.179054
0 0.395856 0.543919 0.036396 0.109459
0 0.374414 0.532770 0.039640 0.120946
0 0.554234 0.492568 0.030270 0.166216
0 0.534955 0.690541 0.029189 0.162162
0 0.607027 0.647635 0.050811 0.142568
0 0.409369 0.657432 0.022342 0.085135