0 0.472793 0.420270 0.041081 0.237838
0 0.439640 0.425338 0.038198 0.210135
0 0.406126 0.391892 0.038198 0.266216
0 0.375856 0.402365 0.044685 0.237162
0 0.342883 0.413851 0.037117 0.192568
0 0.303063 0.397973 0.061982 0.187838
0 0.267748 0.361824 0.084324 0.176351
0 0.256396 0.253716 0.050090 0.153378
0 0.512432 0.423649 0.043243 0.231081
0 0.544865 0.419257 0.036036 0.225000
0 0.578018 0.398986 0.036757 0.262838
0 0.610450 0.415203 0.043243 0.218243
0 0.643604 0.407770 0.040360 0.215541
0 0.683604 0.406419 0.059099 0.181757
0 0.723243 0.372635 0.067748 0.188514
0 0.732793 0.272973 0.066667 0.158108
0 0.512613 0.642230 0.027027 0.176351
0 0.536577 0.650338 0.024505 0.188514
0 0.562523 0.652703 0.034595 0.225676
0 0.592432 0.630743 0.039640 0.196622
0 0.621982 0.624324 0.051171 0.189189
0 0.667928 0.594595 0.078198 0.193243
0 0.717838 0.560135 0.074955 0.187838
0 0.771892 0.545946 0.068468 0.162162
0 0.489910 0.641554 0.024144 0.172297
0 0.466847 0.645270 0.026306 0.178378
0 0.439279 0.646959 0.044685 0.219595
0 0.412793 0.633446 0.043604 0.208784
0 0.374234 0.625676 0.047928 0.206757
0 0.330450 0.596959 0.074234 0.193919
0 0.278198 0.554730 0.070631 0.183784
0 0.222883 0.528041 0.068108 0.150676