0 0.467748 0.541554 0.032432 0.246622
0 0.440721 0.514189 0.033874 0.143243
0 0.417477 0.432770 0.037838 0.119595
0 0.399279 0.494932 0.040360 0.092568
0 0.374775 0.472973 0.038919 0.079730
0 0.332613 0.487838 0.054775 0.182432
0 0.311351 0.409122 0.048288 0.085811
0 0.514595 0.533784 0.035315 0.239189
0 0.546667 0.504730 0.038919 0.156757
0 0.570631 0.447973 0.039279 0.122973
0 0.588649 0.498986 0.042883 0.111486
0 0.612072 0.478716 0.045045 0.089865
0 0.650991 0.500338 0.070270 0.195270
0 0.683784 0.428378 0.053694 0.106757
0 0.477658 0.751014 0.046486 0.176351
0 0.503964 0.755743 0.043604 0.145270
0 0.530090 0.830405 0.057658 0.100000
0 0.568649 0.786149 0.049730 0.085811
0 0.619640 0.773649 0.047207 0.077027
0 0.658018 0.676689 0.087207 0.180405
0 0.721802 0.663176 0.059820 0.108784
0 0.458559 0.743919 0.033514 0.177027
0 0.433514 0.743243 0.036036 0.150000
0 0.394234 0.825000 0.046847 0.112162
0 0.370991 0.766892 0.034234 0.083784
0 0.331712 0.748311 0.033514 0.077703
0 0.307928 0.647297 0.075315 0.170270
0 0.254234 0.623986 0.045766 0.111486
0 0.435495 0.606757 0.021982 0.058108
0 0.414414 0.541216 0.029550 0.191892
0 0.392793 0.568243 0.036757 0.106757
0 0.363063 0.549324 0.039279 0.116216
0 0.545946 0.609459 0.022342 0.078378
0 0.568108 0.553378 0.029910 0.193243
0 0.589369 0.576351 0.039279 0.120270
0 0.617658 0.560811 0.047568 0.121622
0 0.533514 0.735811 0.024865 0.174324
0 0.567748 0.735473 0.001081 0.003378
0 0.560180 0.713176 0.045045 0.147973
0 0.604505 0.684459 0.075315 0.160811
0 0.415676 0.714527 0.033514 0.156081
0 0.390991 0.695946 0.041802 0.132432
0 0.351712 0.672635 0.060541 0.147973