0 0.462523 0.523986 0.032793 0.199324
0 0.440541 0.479054 0.037838 0.159459
0 0.419820 0.427703 0.034595 0.108108
0 0.402342 0.508446 0.034234 0.112838
0 0.383604 0.486149 0.039279 0.099324
0 0.338018 0.509459 0.053333 0.171622
0 0.314414 0.442568 0.050090 0.120270
0 0.515135 0.522973 0.029189 0.204054
0 0.535315 0.473986 0.036396 0.162838
0 0.564685 0.430068 0.037477 0.111486
0 0.577658 0.498986 0.038198 0.102027
0 0.592793 0.485811 0.051171 0.095946
0 0.634775 0.517230 0.060180 0.181757
0 0.662162 0.444595 0.060180 0.113514
0 0.500901 0.713514 0.021622 0.177027
0 0.516757 0.715203 0.027387 0.165541
0 0.535856 0.811824 0.036757 0.104730
0 0.563784 0.758784 0.034234 0.089189
0 0.607027 0.752365 0.037838 0.081757
0 0.640360 0.696959 0.090090 0.177703
0 0.702523 0.690541 0.059459 0.112162
0 0.481261 0.716216 0.020541 0.182432
0 0.464324 0.728041 0.025586 0.170946
0 0.447027 0.809122 0.034955 0.116892
0 0.418378 0.726014 0.030991 0.084459
0 0.378919 0.744595 0.034234 0.079730
0 0.345405 0.691554 0.068108 0.176351
0 0.289730 0.686824 0.054054 0.104730
0 0.468468 0.490878 0.037477 0.083108
0 0.423964 0.551351 0.027748 0.145946
0 0.399099 0.585473 0.032072 0.079054
0 0.492072 0.526689 0.021261 0.177703
0 0.548829 0.544257 0.029550 0.153378
0 0.567928 0.568919 0.036757 0.102703
0 0.596577 0.571622 0.050811 0.102703
0 0.538378 0.706081 0.023784 0.150000
0 0.561261 0.692230 0.037117 0.108784
0 0.447027 0.692568 0.022703 0.147297
0 0.393153 0.665203 0.045405 0.112838