0 0.635622 0.802628 0.071243 0.128757
0 0.665236 0.697206 0.094422 0.172209
0 0.721888 0.680311 0.078969 0.131973
0 0.553647 0.413061 0.049787 0.186851
0 0.577681 0.499169 0.041200 0.133743
0 0.604721 0.471000 0.043777 0.096730
0 0.581544 0.589297 0.040342 0.101554
0 0.607295 0.561132 0.055795 0.145007
0 0.645492 0.519287 0.077254 0.206169
0 0.666953 0.417084 0.073820 0.143399
0 0.381114 0.807456 0.060086 0.099791
0 0.282832 0.694794 0.071243 0.125534
0 0.337768 0.696405 0.091845 0.160946
0 0.391845 0.701233 0.060944 0.125534
0 0.415450 0.714108 0.066951 0.112662
0 0.452360 0.731814 0.041204 0.106223
0 0.517589 0.743074 0.029196 0.151284
0 0.494849 0.758368 0.023175 0.168993
0 0.472103 0.754345 0.032616 0.135189
0 0.437339 0.854936 0.047211 0.120709
0 0.422317 0.800213 0.042919 0.120709
0 0.304721 0.429236 0.089268 0.125541
0 0.537768 0.629530 0.028328 0.079020
0 0.532616 0.520091 0.035193 0.185250
0 0.505578 0.564348 0.046350 0.206169
0 0.474249 0.568372 0.045492 0.227095
0 0.451932 0.646432 0.035193 0.067757
0 0.450643 0.541818 0.027470 0.154662
0 0.423177 0.590905 0.037769 0.153054
0 0.406867 0.598149 0.039485 0.103162
0 0.374249 0.585274 0.053218 0.119264
0 0.439056 0.421997 0.069528 0.156115
0 0.410728 0.507294 0.050645 0.117493
0 0.376822 0.492003 0.034335 0.119101
0 0.618883 0.693990 0.077254 0.136804
0 0.342488 0.498443 0.072105 0.160939
0 0.586265 0.696402 0.054937 0.109439
0 0.552789 0.713304 0.034335 0.127149
0 0.594850 0.792970 0.060086 0.125534
0 0.569528 0.839645 0.062659 0.125534
0 0.538196 0.742274 0.027470 0.159331
0 0.560514 0.569179 0.032616 0.154669