0 0.472252 0.439527 0.039279 0.218243
0 0.437658 0.423311 0.032072 0.226351
0 0.403784 0.412500 0.037838 0.273649
0 0.374595 0.415541 0.040721 0.227027
0 0.343784 0.413514 0.038919 0.200000
0 0.307568 0.388176 0.053694 0.212838
0 0.272072 0.362838 0.064865 0.208108
0 0.259279 0.286149 0.060180 0.115541
0 0.508829 0.431081 0.038198 0.229730
0 0.542703 0.412500 0.033874 0.238514
0 0.573874 0.403378 0.038559 0.277027
0 0.603604 0.409122 0.043243 0.216892
0 0.634414 0.402365 0.045045 0.211486
0 0.674775 0.381081 0.055856 0.224324
0 0.713874 0.354730 0.058378 0.222973
0 0.723063 0.284797 0.058739 0.112838
0 0.502883 0.648986 0.024865 0.175000
0 0.527568 0.653041 0.029550 0.199324
0 0.562162 0.660811 0.042523 0.220270
0 0.590811 0.635473 0.049369 0.199324
0 0.678919 0.593919 0.087207 0.182432
0 0.725225 0.553041 0.081081 0.172297
0 0.768108 0.530743 0.052252 0.107432
0 0.480000 0.652703 0.023784 0.187838
0 0.454414 0.661486 0.030270 0.202703
0 0.425946 0.688514 0.041802 0.241892
0 0.392613 0.669257 0.055135 0.214189
0 0.314595 0.604730 0.082883 0.185135
0 0.266126 0.563851 0.077477 0.176351
0 0.226667 0.538851 0.044685 0.099324
0 0.622883 0.585135 0.047928 0.114865
0 0.363243 0.604392 0.057658 0.127703