0 0.476757 0.480405 0.030270 0.212162
0 0.449189 0.372635 0.048649 0.157432
0 0.450450 0.495608 0.025225 0.138514
0 0.430631 0.433784 0.034595 0.128378
0 0.400000 0.408446 0.042523 0.139865
0 0.359099 0.443581 0.049369 0.183108
0 0.332252 0.385135 0.042523 0.133784
0 0.508829 0.477703 0.028829 0.208108
0 0.530811 0.478716 0.024505 0.170946
0 0.554955 0.366554 0.044685 0.161486
0 0.573694 0.415878 0.042523 0.166892
0 0.597477 0.406757 0.045405 0.139189
0 0.635676 0.446284 0.049730 0.173649
0 0.658739 0.380068 0.048288 0.141216
0 0.505045 0.687162 0.019820 0.178378
0 0.521982 0.682095 0.027748 0.158784
0 0.550090 0.758108 0.054414 0.150000
0 0.570450 0.706081 0.039640 0.122973
0 0.613694 0.703041 0.045405 0.114189
0 0.651171 0.626351 0.093694 0.183784
0 0.703964 0.601689 0.062342 0.115541
0 0.486306 0.681757 0.019099 0.164865
0 0.467207 0.687162 0.026306 0.171622
0 0.438739 0.761149 0.052973 0.152027
0 0.420000 0.709797 0.038559 0.122297
0 0.375676 0.703716 0.038559 0.122297
0 0.334955 0.626689 0.089730 0.188514
0 0.285586 0.606081 0.058018 0.122973
0 0.427748 0.513176 0.031712 0.084459
0 0.397477 0.500338 0.038919 0.100676
0 0.552432 0.501689 0.025946 0.115541
0 0.572252 0.516554 0.030991 0.080405
0 0.599820 0.502365 0.044324 0.099324
0 0.544505 0.659797 0.034595 0.135811
0 0.567387 0.634122 0.042162 0.097973
0 0.601982 0.650338 0.073153 0.172297
0 0.445045 0.650338 0.029550 0.119595
0 0.422523 0.629392 0.037838 0.091216
0 0.384865 0.642230 0.067748 0.157432