0 0.478018 0.529054 0.035676 0.228378
0 0.452613 0.517568 0.030991 0.218919
0 0.427207 0.445270 0.044324 0.205405
0 0.396757 0.502703 0.036757 0.227027
0 0.376577 0.486824 0.032432 0.227703
0 0.341441 0.495946 0.046486 0.175676
0 0.311892 0.428716 0.042162 0.147973
0 0.510811 0.522635 0.034234 0.231757
0 0.538559 0.508784 0.032793 0.264865
0 0.559459 0.438176 0.043604 0.226351
0 0.584324 0.478041 0.037838 0.216892
0 0.609369 0.453041 0.034595 0.184459
0 0.644685 0.482095 0.051892 0.250676
0 0.674955 0.439527 0.049009 0.161486
0 0.501622 0.725338 0.035315 0.170946
0 0.521802 0.728041 0.041081 0.161486
0 0.546847 0.728378 0.034955 0.163514
0 0.575315 0.731081 0.032793 0.185135
0 0.602162 0.726351 0.047568 0.162162
0 0.652432 0.699324 0.083243 0.194595
0 0.698739 0.681757 0.079279 0.183784
0 0.752072 0.642905 0.054775 0.106081
0 0.487207 0.730405 0.021622 0.171622
0 0.469189 0.730405 0.023063 0.178378
0 0.439640 0.739189 0.040360 0.204054
0 0.410991 0.717568 0.036396 0.185135
0 0.376216 0.746622 0.059820 0.148649
0 0.342523 0.684459 0.068829 0.185135
0 0.303604 0.639189 0.060901 0.147297
0 0.247748 0.630405 0.044324 0.102703
0 0.427387 0.565541 0.026667 0.105405
0 0.560721 0.572635 0.028108 0.119595
0 0.583784 0.592230 0.032432 0.075000
0 0.610090 0.569595 0.040360 0.102703
0 0.383423 0.665878 0.049730 0.104730