0 0.487748 0.553041 0.033514 0.239865
0 0.444505 0.448649 0.037117 0.127027
0 0.420180 0.513851 0.040360 0.092568
0 0.398018 0.481419 0.031351 0.083108
0 0.354414 0.505743 0.056577 0.193919
0 0.323964 0.444932 0.059820 0.092568
0 0.526306 0.566216 0.030631 0.224324
0 0.569009 0.469257 0.043243 0.111486
0 0.585225 0.530743 0.039640 0.095270
0 0.611351 0.505743 0.040000 0.083108
0 0.649550 0.523311 0.055856 0.184459
0 0.677658 0.452703 0.054414 0.093243
0 0.509550 0.761149 0.023784 0.150676
0 0.530450 0.779054 0.025225 0.186486
0 0.549369 0.843919 0.034955 0.116216
0 0.584505 0.790878 0.036036 0.089865
0 0.625946 0.775000 0.038919 0.071622
0 0.658198 0.696959 0.082523 0.172297
0 0.718018 0.687162 0.050811 0.094595
0 0.488468 0.759122 0.019820 0.147973
0 0.466306 0.750000 0.023063 0.148649
0 0.435495 0.830743 0.039279 0.126351
0 0.410090 0.763851 0.033153 0.081757
0 0.367207 0.763176 0.035315 0.068243
0 0.338018 0.688514 0.081441 0.172973
0 0.282883 0.690203 0.050450 0.075000
0 0.459820 0.595608 0.022342 0.130405
0 0.441622 0.504392 0.001081 0.003378
0 0.438559 0.560135 0.032432 0.167568
0 0.414414 0.583108 0.035315 0.098649
0 0.397658 0.547973 0.043604 0.090541
0 0.561261 0.579392 0.032072 0.172297
0 0.584324 0.596622 0.036396 0.106757
0 0.613694 0.582095 0.042523 0.116892
0 0.554595 0.744932 0.025946 0.153378
0 0.580901 0.721284 0.038919 0.115541
0 0.613874 0.701351 0.045766 0.094595
0 0.441802 0.736824 0.024505 0.147973
0 0.414234 0.693919 0.051532 0.117568
0 0.385405 0.688851 0.063063 0.133108