0 0.488468 0.492230 0.032793 0.210135
0 0.461441 0.476351 0.033514 0.221622
0 0.434414 0.422297 0.038559 0.228378
0 0.418378 0.482770 0.043243 0.203378
0 0.387027 0.469932 0.038198 0.192568
0 0.348829 0.465203 0.064144 0.170946
0 0.316216 0.383108 0.047207 0.172973
0 0.290631 0.344595 0.050811 0.095946
0 0.525586 0.489865 0.036396 0.218919
0 0.550991 0.478716 0.033153 0.216892
0 0.580360 0.475338 0.034234 0.225000
0 0.601622 0.464189 0.054414 0.212162
0 0.609730 0.409797 0.036757 0.183108
0 0.652252 0.443581 0.061982 0.195270
0 0.680180 0.373986 0.052252 0.185811
0 0.706847 0.327703 0.048649 0.100000
0 0.504865 0.705405 0.023063 0.181081
0 0.527568 0.706757 0.023063 0.198649
0 0.552432 0.697635 0.028829 0.185811
0 0.580901 0.693243 0.032432 0.201351
0 0.609189 0.681757 0.037838 0.189189
0 0.658198 0.642905 0.084685 0.192568
0 0.701441 0.593581 0.076757 0.172297
0 0.745766 0.552365 0.039279 0.093919
0 0.485766 0.702365 0.020901 0.176351
0 0.464144 0.713851 0.023784 0.206081
0 0.436937 0.704054 0.030631 0.205405
0 0.407928 0.689189 0.043243 0.190541
0 0.370991 0.697635 0.037117 0.185811
0 0.330450 0.643581 0.080721 0.187162
0 0.282342 0.609797 0.065946 0.168243
0 0.246847 0.550000 0.028108 0.068919