0 0.479640 0.489527 0.031712 0.285811
0 0.460721 0.489189 0.036396 0.272973
0 0.456757 0.429392 0.001802 0.016892
0 0.439099 0.436824 0.036396 0.216892
0 0.417658 0.521622 0.041081 0.136486
0 0.397477 0.441216 0.045405 0.137838
0 0.352072 0.483784 0.054054 0.201351
0 0.320901 0.434459 0.053694 0.127027
0 0.516216 0.478378 0.032793 0.304054
0 0.528649 0.487500 0.036757 0.273649
0 0.552793 0.423311 0.041802 0.197973
0 0.570991 0.459459 0.055135 0.179730
0 0.596757 0.444257 0.049009 0.141216
0 0.638919 0.480743 0.058378 0.208784
0 0.672072 0.435135 0.047568 0.124324
0 0.506126 0.721284 0.028468 0.188514
0 0.521081 0.719932 0.039640 0.183108
0 0.544324 0.772973 0.037838 0.186486
0 0.579820 0.768581 0.036036 0.137162
0 0.616937 0.769257 0.041081 0.122297
0 0.665405 0.692905 0.090450 0.218243
0 0.716396 0.684797 0.059820 0.120946
0 0.484505 0.719257 0.024865 0.184459
0 0.464865 0.722973 0.023784 0.186486
0 0.431712 0.734459 0.031712 0.198649
0 0.407387 0.705743 0.032793 0.160135
0 0.361441 0.758108 0.036757 0.117568
0 0.318559 0.687500 0.077838 0.208784
0 0.271171 0.682432 0.052973 0.118919
0 0.387027 0.530743 0.050450 0.126351
0 0.571712 0.560135 0.031351 0.077027
0 0.600180 0.538514 0.050811 0.132432
0 0.549369 0.670270 0.024865 0.062162
0 0.574595 0.681419 0.040000 0.095270
0 0.612613 0.694932 0.060541 0.145270
0 0.369550 0.676689 0.062342 0.133108