0 0.488829 0.498311 0.028468 0.203378
0 0.466126 0.482095 0.024144 0.206081
0 0.440360 0.457770 0.028108 0.265541
0 0.420180 0.471284 0.036757 0.222297
0 0.390090 0.437162 0.036396 0.259459
0 0.361802 0.481757 0.046847 0.200000
0 0.326306 0.446622 0.051532 0.183784
0 0.312432 0.375000 0.051892 0.116216
0 0.514234 0.487162 0.029550 0.218919
0 0.537838 0.480743 0.029189 0.208784
0 0.563423 0.464527 0.027027 0.241216
0 0.581982 0.466892 0.038919 0.227027
0 0.610090 0.455743 0.039640 0.233108
0 0.636577 0.442568 0.060180 0.237838
0 0.668288 0.410135 0.061622 0.213514
0 0.688288 0.331757 0.052613 0.162162
0 0.512613 0.703378 0.023423 0.171622
0 0.531351 0.713851 0.029189 0.196622
0 0.405766 0.592905 0.076396 0.039865
0 0.556757 0.733784 0.036036 0.233784
0 0.584144 0.711486 0.038198 0.202703
0 0.617477 0.701351 0.045766 0.201351
0 0.663784 0.676351 0.086486 0.210811
0 0.699820 0.649662 0.068468 0.192568
0 0.750631 0.638851 0.061982 0.118243
0 0.494955 0.697297 0.022703 0.164865
0 0.472252 0.713514 0.023423 0.191892
0 0.445405 0.721284 0.033153 0.216892
0 0.421982 0.711824 0.030991 0.210135
0 0.387207 0.708446 0.047928 0.218243
0 0.350991 0.665541 0.088649 0.220270
0 0.303604 0.647635 0.066667 0.189865
0 0.257838 0.640878 0.057297 0.123649