0 0.485405 0.464865 0.031712 0.235135
0 0.459459 0.464189 0.031712 0.206757
0 0.437658 0.337838 0.042883 0.201351
0 0.412793 0.425000 0.047207 0.140541
0 0.385405 0.370608 0.046486 0.153378
0 0.340721 0.415203 0.050811 0.223649
0 0.312793 0.356419 0.051171 0.147973
0 0.282162 0.298649 0.053333 0.104054
0 0.518919 0.464865 0.030991 0.231081
0 0.542883 0.453378 0.032793 0.221622
0 0.560901 0.334459 0.049369 0.183784
0 0.591712 0.401689 0.038198 0.173649
0 0.618018 0.366892 0.040360 0.151351
0 0.660541 0.425000 0.051171 0.208108
0 0.683063 0.350676 0.063063 0.139189
0 0.710811 0.290878 0.048649 0.100676
0 0.524144 0.702703 0.025586 0.204054
0 0.549910 0.715878 0.028108 0.230405
0 0.588829 0.794932 0.067027 0.199324
0 0.618018 0.754054 0.041802 0.162162
0 0.661622 0.746284 0.048288 0.157432
0 0.695135 0.645270 0.085766 0.205405
0 0.745405 0.622635 0.068108 0.143919
0 0.774955 0.533446 0.052252 0.112838
0 0.500721 0.703041 0.025586 0.211486
0 0.476757 0.704730 0.035315 0.210811
0 0.439279 0.785135 0.069189 0.191892
0 0.406486 0.727027 0.040360 0.156757
0 0.360541 0.718919 0.055135 0.152703
0 0.323243 0.653378 0.086486 0.208108
0 0.270090 0.620270 0.066667 0.158108
0 0.230090 0.557095 0.047928 0.112838
0 0.435315 0.495608 0.029550 0.114189
0 0.413874 0.506419 0.019099 0.049324
0 0.382883 0.473311 0.047207 0.139865
0 0.567207 0.463851 0.027387 0.162838
0 0.591171 0.503716 0.027748 0.087162
0 0.620901 0.477703 0.044685 0.131081
0 0.579459 0.682770 0.035315 0.147973
0 0.609550 0.662500 0.046486 0.119595
0 0.648829 0.651014 0.063784 0.142568
0 0.447568 0.659797 0.035315 0.131757
0 0.378198 0.620608 0.060180 0.093919