0 0.295856 0.442568 0.074234 0.144595
0 0.281622 0.541216 0.048649 0.097297
0 0.239099 0.515541 0.050811 0.113514
0 0.190991 0.569932 0.074234 0.195270
0 0.141081 0.516216 0.061622 0.087838
0 0.623784 0.480743 0.051892 0.099324
0 0.659099 0.472635 0.041802 0.100676
0 0.702523 0.537500 0.066667 0.192568
0 0.749730 0.479392 0.058739 0.102027
0 0.612252 0.758784 0.043964 0.098649
0 0.664505 0.782770 0.049730 0.081757
0 0.721081 0.719595 0.080721 0.181081
0 0.777297 0.728716 0.059099 0.093919
0 0.306306 0.881757 0.059820 0.163514
0 0.264144 0.832770 0.047568 0.096622
0 0.205586 0.848311 0.058739 0.097973
0 0.162703 0.786824 0.081081 0.200676
0 0.109189 0.738176 0.050450 0.070946
0 0.329009 0.594257 0.051171 0.141216
0 0.283784 0.617568 0.046486 0.089189
0 0.243423 0.607432 0.052252 0.097297
0 0.615495 0.552027 0.042523 0.097297
0 0.652252 0.559459 0.053333 0.112162
0 0.612613 0.665878 0.042523 0.088514
0 0.652973 0.683446 0.059820 0.111486
0 0.331171 0.742568 0.047568 0.098649
0 0.284324 0.755743 0.050450 0.091216
0 0.231892 0.741892 0.060901 0.105405