0 0.411546 0.505966 0.040231 0.111351
0 0.287984 0.743632 0.065135 0.119736
0 0.435175 0.721483 0.041506 0.080223
0 0.385683 0.812476 0.051085 0.087399
0 0.399413 0.713699 0.058112 0.100574
0 0.345135 0.749618 0.077268 0.167628
0 0.482427 0.632882 0.027456 0.070642
0 0.349285 0.544280 0.058750 0.202345
0 0.427191 0.432328 0.045978 0.138885
0 0.325022 0.461666 0.058750 0.166426
0 0.384088 0.593368 0.058108 0.116142
0 0.438368 0.619111 0.033845 0.090993
0 0.383130 0.503571 0.051088 0.116142
0 0.415697 0.586186 0.037038 0.118534
0 0.460077 0.622706 0.028739 0.088601
0 0.442196 0.540088 0.038951 0.107757
0 0.587791 0.493392 0.051726 0.138892
0 0.505095 0.507159 0.037038 0.190372
0 0.473169 0.519736 0.048530 0.177203
0 0.561611 0.505368 0.046616 0.148466
0 0.522656 0.498780 0.041506 0.159250
0 0.504139 0.584986 0.031290 0.154459
0 0.551393 0.449689 0.045337 0.125716
0 0.544050 0.589176 0.026818 0.119730
0 0.525211 0.617916 0.026184 0.088601
0 0.590984 0.616118 0.053002 0.092196
0 0.559056 0.593368 0.051726 0.125723
0 0.549796 0.745429 0.030649 0.144872
0 0.611101 0.730463 0.053640 0.124520
0 0.656757 0.471243 0.079820 0.137689
0 0.619400 0.556253 0.085568 0.190372
0 0.651328 0.762791 0.066411 0.208338
0 0.711672 0.739439 0.065773 0.147270
0 0.611099 0.827446 0.049809 0.107757
0 0.570868 0.715497 0.038314 0.085007
0 0.576297 0.814274 0.036400 0.112547
0 0.552989 0.868152 0.040868 0.131709
0 0.455607 0.738247 0.030011 0.140088
0 0.513077 0.756801 0.022350 0.172412
0 0.530000 0.769973 0.025542 0.201149
0 0.477638 0.707115 0.022987 0.077824
0 0.496157 0.754405 0.025546 0.177203
0 0.427829 0.817267 0.039593 0.094588
0 0.478915 0.814875 0.035762 0.166426
0 0.447944 0.869949 0.036400 0.106561