0 0.487928 0.473649 0.029550 0.335135
0 0.468468 0.498986 0.035315 0.253378
0 0.448649 0.471622 0.047568 0.278378
0 0.426486 0.507770 0.039279 0.223649
0 0.403964 0.503378 0.038198 0.216216
0 0.372613 0.495946 0.053333 0.210811
0 0.333333 0.468243 0.059820 0.214865
0 0.294955 0.428378 0.058739 0.212162
0 0.518018 0.502365 0.032793 0.276351
0 0.537117 0.491892 0.026306 0.268919
0 0.565045 0.498649 0.037477 0.250000
0 0.584865 0.513176 0.040360 0.214189
0 0.613514 0.502027 0.034955 0.227027
0 0.642703 0.489527 0.045766 0.222297
0 0.680000 0.490541 0.049009 0.198649
0 0.703604 0.441216 0.050090 0.147297
0 0.508829 0.736149 0.026667 0.179054
0 0.527207 0.734459 0.023063 0.186486
0 0.553333 0.746622 0.027748 0.237838
0 0.579099 0.727703 0.038198 0.202703
0 0.609730 0.715541 0.048288 0.185135
0 0.648288 0.689527 0.082883 0.183108
0 0.687027 0.651689 0.065946 0.123649
0 0.723423 0.611149 0.061622 0.126351
0 0.485586 0.732770 0.022703 0.169595
0 0.464144 0.733108 0.025946 0.185135
0 0.436757 0.738851 0.027387 0.223649
0 0.410090 0.726689 0.032432 0.214189
0 0.383423 0.719595 0.038919 0.225676
0 0.319099 0.658446 0.094775 0.165541
0 0.283604 0.604054 0.084324 0.140541