0 0.476757 0.480743 0.029550 0.204730
0 0.450270 0.478041 0.022703 0.172297
0 0.424144 0.469932 0.030991 0.193919
0 0.401982 0.471622 0.038559 0.164865
0 0.382342 0.454730 0.038919 0.175676
0 0.342883 0.444257 0.048649 0.187162
0 0.301802 0.416554 0.052973 0.200676
0 0.271532 0.347635 0.048649 0.164189
0 0.504685 0.477703 0.028468 0.213514
0 0.529009 0.479392 0.022342 0.175000
0 0.551171 0.476351 0.029910 0.190541
0 0.573514 0.467568 0.042162 0.179730
0 0.597297 0.460811 0.039279 0.177027
0 0.631892 0.453716 0.052973 0.176351
0 0.679279 0.435811 0.050450 0.187838
0 0.708829 0.353041 0.050450 0.179054
0 0.486847 0.673986 0.018018 0.142568
0 0.502703 0.689189 0.024505 0.182432
0 0.527027 0.698986 0.026306 0.200676
0 0.548108 0.674662 0.035315 0.166892
0 0.570631 0.665541 0.045045 0.170270
0 0.614955 0.658108 0.074595 0.182432
0 0.670631 0.636486 0.076396 0.183784
0 0.725946 0.615541 0.067387 0.133784
0 0.470270 0.685135 0.022342 0.174324
0 0.452252 0.690203 0.019459 0.164189
0 0.426847 0.704054 0.034234 0.182432
0 0.403784 0.674324 0.039279 0.166216
0 0.382883 0.664865 0.040000 0.172973
0 0.342703 0.654054 0.069910 0.171622
0 0.296216 0.628041 0.071351 0.177703