0 0.482342 0.490203 0.034234 0.242568
0 0.457297 0.531081 0.038198 0.156757
0 0.449910 0.411824 0.042162 0.226351
0 0.424144 0.477365 0.043964 0.223649
0 0.393874 0.482770 0.043243 0.199324
0 0.353153 0.484122 0.058378 0.180405
0 0.327928 0.415541 0.059820 0.151351
0 0.303964 0.349662 0.042883 0.068243
0 0.515135 0.510811 0.031351 0.210811
0 0.538378 0.500000 0.038198 0.218919
0 0.563964 0.459797 0.038198 0.211486
0 0.608468 0.476014 0.040000 0.216892
0 0.650450 0.479730 0.054775 0.209459
0 0.671171 0.414865 0.059459 0.145946
0 0.506306 0.729054 0.029550 0.197297
0 0.522883 0.732770 0.039640 0.200676
0 0.535135 0.768581 0.051892 0.204730
0 0.600360 0.767230 0.048288 0.141216
0 0.630270 0.691554 0.081441 0.183108
0 0.685045 0.667905 0.070631 0.145270
0 0.490090 0.723986 0.021622 0.185811
0 0.472973 0.733108 0.031351 0.208108
0 0.453514 0.760811 0.033514 0.200000
0 0.428649 0.747973 0.031351 0.190541
0 0.396396 0.733784 0.043243 0.145946
0 0.358378 0.685473 0.077477 0.173649
0 0.305405 0.644932 0.080360 0.153378
0 0.582342 0.686149 0.050450 0.069595
0 0.413514 0.645270 0.048649 0.066216