0 0.481261 0.560811 0.034234 0.178378
0 0.453153 0.554392 0.028468 0.172297
0 0.426486 0.454392 0.040721 0.169595
0 0.401261 0.501351 0.034955 0.177027
0 0.377658 0.480405 0.035315 0.144595
0 0.334414 0.526351 0.052613 0.181081
0 0.297838 0.462500 0.045766 0.142568
0 0.265586 0.417905 0.050450 0.091216
0 0.514955 0.557095 0.035315 0.183108
0 0.541982 0.551351 0.030991 0.170270
0 0.562883 0.433446 0.047568 0.172297
0 0.585045 0.472297 0.044324 0.178378
0 0.613874 0.467568 0.037117 0.139189
0 0.659640 0.524324 0.051532 0.177027
0 0.694234 0.461486 0.055856 0.133784
0 0.729369 0.418919 0.056216 0.090541
0 0.510270 0.740203 0.021622 0.154730
0 0.531351 0.743919 0.026306 0.166216
0 0.923243 0.934459 0.001441 0.002703
0 0.557297 0.807095 0.036396 0.179054
0 0.584505 0.738176 0.035315 0.157432
0 0.611171 0.727027 0.040360 0.148649
0 0.658198 0.715541 0.081802 0.182432
0 0.722162 0.727703 0.071351 0.139189
0 0.760721 0.650676 0.049009 0.100000
0 0.489910 0.739189 0.020541 0.151351
0 0.469009 0.742568 0.027027 0.160811
0 0.443784 0.795608 0.032072 0.169595
0 0.930811 0.859459 0.001441 0.002703
0 0.411532 0.740878 0.033874 0.162838
0 0.383964 0.729392 0.042162 0.145270
0 0.336577 0.721284 0.084324 0.176351
0 0.276036 0.718243 0.072072 0.143243
0 0.242342 0.641554 0.048649 0.096622
0 0.426486 0.580743 0.028468 0.112838
0 0.403784 0.600676 0.037117 0.052703
0 0.374955 0.556419 0.027748 0.049324
0 0.556937 0.701014 0.025586 0.065541
0 0.569009 0.567568 0.030270 0.141892
0 0.592252 0.573986 0.033514 0.112838
0 0.620360 0.564527 0.043604 0.138514
0 0.442703 0.695270 0.024865 0.050000