0 0.468649 0.475338 0.037838 0.230405
0 0.438919 0.481081 0.028108 0.227027
0 0.409550 0.469257 0.037838 0.277703
0 0.383604 0.497973 0.042162 0.190541
0 0.352252 0.486824 0.034234 0.202027
0 0.314414 0.486486 0.049369 0.189189
0 0.274955 0.478716 0.045405 0.150676
0 0.256036 0.396622 0.041441 0.095946
0 0.503784 0.469932 0.033153 0.242568
0 0.529730 0.480743 0.033153 0.211486
0 0.561441 0.450676 0.041081 0.286486
0 0.585946 0.477703 0.050450 0.231081
0 0.616757 0.477703 0.044324 0.206757
0 0.659640 0.472635 0.053694 0.202027
0 0.703423 0.461149 0.048288 0.189865
0 0.727748 0.397973 0.046486 0.098649
0 0.510811 0.703378 0.020541 0.202703
0 0.528829 0.711486 0.029910 0.210811
0 0.552072 0.727027 0.040360 0.252703
0 0.579640 0.709459 0.034955 0.209459
0 0.608108 0.714527 0.040000 0.222297
0 0.653153 0.697973 0.073874 0.202703
0 0.701622 0.660811 0.072793 0.179730
0 0.748829 0.647635 0.048288 0.099324
0 0.490811 0.707095 0.020180 0.212838
0 0.470991 0.710811 0.021622 0.204054
0 0.445586 0.722635 0.034234 0.249324
0 0.416937 0.713514 0.035315 0.217568
0 0.385045 0.711486 0.040000 0.214865
0 0.337477 0.697635 0.081802 0.197973
0 0.293874 0.665878 0.063784 0.184459
0 0.249550 0.644932 0.046486 0.093919