0 0.483604 0.540541 0.030991 0.256757
0 0.462342 0.522973 0.031712 0.241892
0 0.436937 0.459797 0.045045 0.130405
0 0.410270 0.580068 0.047207 0.106081
0 0.376396 0.551014 0.047207 0.099324
0 0.338559 0.544932 0.063784 0.164189
0 0.318919 0.467905 0.066306 0.110135
0 0.520360 0.543581 0.031712 0.254730
0 0.547387 0.555405 0.034595 0.120270
0 0.569730 0.471284 0.041081 0.125000
0 0.593514 0.545270 0.045405 0.102703
0 0.625586 0.531757 0.042523 0.098649
0 0.662703 0.544595 0.060541 0.186486
0 0.685045 0.466216 0.059820 0.113514
0 0.516216 0.773311 0.023423 0.176351
0 0.533153 0.779054 0.027748 0.174324
0 0.550270 0.876014 0.037477 0.114189
0 0.575676 0.822297 0.034955 0.086486
0 0.612973 0.812162 0.041081 0.086486
0 0.644685 0.739865 0.083604 0.177027
0 0.701982 0.725338 0.057658 0.115541
0 0.494234 0.781757 0.022703 0.195946
0 0.477477 0.795946 0.030270 0.191892
0 0.457117 0.870270 0.040000 0.109459
0 0.432793 0.819257 0.037477 0.085811
0 0.391171 0.812838 0.047207 0.085135
0 0.357838 0.739865 0.087928 0.182432
0 0.299099 0.723649 0.058378 0.110811
0 0.441441 0.562838 0.033153 0.185135
0 0.571532 0.573649 0.030991 0.170270
0 0.596757 0.620946 0.038919 0.091892
0 0.626306 0.615541 0.046126 0.106757
0 0.554054 0.764865 0.022703 0.160811
0 0.457117 0.763514 0.026306 0.154054
0 0.435676 0.740541 0.041802 0.105405