0 0.475856 0.592230 0.036396 0.192568
0 0.446486 0.580743 0.028108 0.192568
0 0.417297 0.557770 0.033153 0.216892
0 0.391532 0.569932 0.038559 0.165541
0 0.366667 0.558446 0.034955 0.166892
0 0.331532 0.540878 0.047568 0.166892
0 0.303423 0.502027 0.056216 0.133784
0 0.511712 0.587500 0.035315 0.197973
0 0.536577 0.583784 0.032432 0.182432
0 0.567387 0.556757 0.034234 0.214865
0 0.588468 0.563514 0.041802 0.194595
0 0.617658 0.551689 0.039640 0.187162
0 0.652432 0.536824 0.050811 0.180405
0 0.690991 0.528041 0.058018 0.143919
0 0.505405 0.781419 0.020541 0.157432
0 0.526667 0.782095 0.025586 0.172297
0 0.550991 0.785135 0.030270 0.170270
0 0.579099 0.762838 0.040360 0.166216
0 0.608829 0.746284 0.047928 0.147973
0 0.645946 0.726351 0.077477 0.175676
0 0.692973 0.687162 0.068468 0.158108
0 0.742523 0.659122 0.034955 0.076351
0 0.483964 0.782432 0.022342 0.159459
0 0.463243 0.785473 0.026306 0.175000
0 0.437838 0.787162 0.031712 0.174324
0 0.408108 0.763851 0.044324 0.162838
0 0.367387 0.786149 0.053694 0.133108
0 0.336577 0.732432 0.069910 0.177027
0 0.290631 0.696622 0.063063 0.154054
0 0.376937 0.708446 0.051171 0.099324