0 0.494414 0.517568 0.033874 0.152703
0 0.468468 0.494257 0.031712 0.161486
0 0.445225 0.467905 0.032793 0.107432
0 0.441441 0.540203 0.038198 0.093919
0 0.412432 0.527365 0.038559 0.099324
0 0.377297 0.550338 0.051892 0.170946
0 0.350270 0.490203 0.064144 0.104730
0 0.527207 0.550000 0.029550 0.150000
0 0.554234 0.520946 0.027387 0.122973
0 0.576577 0.464865 0.026667 0.112162
0 0.583604 0.530068 0.034234 0.106081
0 0.608108 0.524324 0.034955 0.106757
0 0.640360 0.557770 0.047568 0.153378
0 0.661802 0.495608 0.055135 0.102027
0 0.508829 0.748311 0.023063 0.154730
0 0.528108 0.802027 0.034234 0.159459
0 0.552252 0.852027 0.037117 0.116216
0 0.572613 0.797973 0.036036 0.089189
0 0.614414 0.798986 0.038919 0.076351
0 0.642342 0.709122 0.073874 0.162838
0 0.701081 0.709797 0.050811 0.096622
0 0.490811 0.745270 0.022342 0.154054
0 0.468468 0.799662 0.031712 0.154730
0 0.449550 0.854730 0.034955 0.112162
0 0.421081 0.812500 0.041441 0.103378
0 0.384324 0.802027 0.045766 0.091892
0 0.349910 0.711486 0.082162 0.175676
0 0.291892 0.709459 0.056937 0.106757
0 0.499279 0.611486 0.016937 0.059459
0 0.475676 0.606419 0.025225 0.088514
0 0.459279 0.606757 0.027027 0.121622
0 0.438198 0.611149 0.039640 0.083108
0 0.416396 0.611149 0.046486 0.099324
0 0.546667 0.601351 0.013694 0.091892
0 0.565405 0.582095 0.025225 0.143919
0 0.582883 0.612838 0.029189 0.078378
0 0.605405 0.602365 0.039640 0.111486
0 0.525586 0.721959 0.019820 0.133108
0 0.544865 0.733446 0.023784 0.145270
0 0.567568 0.721284 0.031712 0.123649
0 0.598559 0.716216 0.054775 0.132432
0 0.472793 0.728041 0.019459 0.141216
0 0.452793 0.732432 0.024144 0.140541
0 0.427748 0.728378 0.036036 0.139189
0 0.393514 0.716892 0.062703 0.140541