0 0.478378 0.592568 0.032793 0.166216
0 0.451532 0.574662 0.027387 0.134459
0 0.432252 0.478378 0.038559 0.125676
0 0.414955 0.546284 0.040721 0.104730
0 0.392072 0.535135 0.041081 0.101351
0 0.347928 0.565878 0.052973 0.157432
0 0.320360 0.495608 0.053333 0.112838
0 0.510991 0.595946 0.033874 0.168919
0 0.536757 0.570270 0.032072 0.128378
0 0.565225 0.498986 0.036396 0.133108
0 0.575495 0.572635 0.044685 0.114189
0 0.597117 0.541892 0.044685 0.093243
0 0.637117 0.569257 0.065586 0.175000
0 0.668288 0.513514 0.061622 0.106757
0 0.502162 0.775676 0.028468 0.154054
0 0.522883 0.776014 0.028829 0.145270
0 0.546306 0.862162 0.048288 0.116216
0 0.567207 0.804730 0.036036 0.091892
0 0.611892 0.806757 0.039640 0.075676
0 0.648288 0.731081 0.080000 0.171622
0 0.708468 0.713176 0.057658 0.103378
0 0.482703 0.770270 0.024144 0.150000
0 0.464324 0.764865 0.027748 0.139189
0 0.429009 0.849324 0.048649 0.114865
0 0.411712 0.793243 0.032072 0.089189
0 0.371171 0.788851 0.035315 0.083108
0 0.347027 0.718243 0.077838 0.159459
0 0.290090 0.688514 0.049730 0.106757
0 0.432973 0.591892 0.027748 0.160811
0 0.407387 0.619257 0.036396 0.097973
0 0.381261 0.614189 0.041081 0.120270
0 0.553874 0.617230 0.025946 0.158784
0 0.574054 0.640878 0.033874 0.088514
0 0.603784 0.620608 0.045766 0.118243
0 0.545225 0.753716 0.025946 0.145270
0 0.604865 0.755743 0.065946 0.176351
0 0.444144 0.744932 0.024865 0.147973
0 0.418378 0.742905 0.038198 0.141216