0 0.474054 0.511824 0.036396 0.246622
0 0.452973 0.512500 0.047568 0.225000
0 0.430811 0.449324 0.031351 0.232432
0 0.417117 0.504730 0.032793 0.213514
0 0.392072 0.504054 0.034595 0.201351
0 0.356216 0.474324 0.045766 0.224324
0 0.322883 0.459459 0.058378 0.198649
0 0.306847 0.385811 0.055135 0.118919
0 0.504865 0.515541 0.031712 0.258108
0 0.527568 0.509797 0.030270 0.229054
0 0.554054 0.484797 0.034234 0.262838
0 0.576577 0.493581 0.036757 0.229054
0 0.602342 0.494257 0.038559 0.216892
0 0.634775 0.481081 0.047928 0.210811
0 0.670991 0.452027 0.051892 0.214865
0 0.690991 0.385811 0.049369 0.155405
0 0.504324 0.736149 0.020541 0.168243
0 0.523964 0.741216 0.023063 0.197297
0 0.549009 0.739865 0.029910 0.217568
0 0.578739 0.729054 0.048288 0.202703
0 0.606126 0.718243 0.059099 0.194595
0 0.645405 0.689527 0.092973 0.195270
0 0.685586 0.651689 0.087568 0.181757
0 0.734414 0.614527 0.071351 0.129054
0 0.487207 0.750338 0.025946 0.184459
0 0.464144 0.748986 0.027387 0.183108
0 0.439640 0.758784 0.036036 0.205405
0 0.410991 0.750000 0.037838 0.181081
0 0.386847 0.734459 0.043604 0.190541
0 0.339640 0.696622 0.090450 0.181081
0 0.310090 0.651014 0.080360 0.177703
0 0.261802 0.616554 0.068829 0.139865