0 0.474414 0.499662 0.038559 0.261486
0 0.442162 0.498986 0.031712 0.250676
0 0.415315 0.436486 0.037117 0.187838
0 0.391351 0.505405 0.043964 0.147297
0 0.357117 0.527365 0.039640 0.173649
0 0.322523 0.514189 0.054054 0.177027
0 0.300360 0.435811 0.050811 0.141892
0 0.274234 0.362838 0.049009 0.083784
0 0.511712 0.507770 0.037477 0.250676
0 0.542162 0.502365 0.036396 0.237162
0 0.562883 0.427703 0.041081 0.185135
0 0.589009 0.485473 0.052973 0.135811
0 0.619640 0.473986 0.040721 0.126351
0 0.663243 0.498311 0.054414 0.187162
0 0.686667 0.421959 0.055135 0.130405
0 0.714414 0.349662 0.052252 0.073649
0 0.507928 0.735811 0.021982 0.178378
0 0.529009 0.735811 0.025946 0.187838
0 0.555856 0.782095 0.034234 0.180405
0 0.589910 0.760135 0.033153 0.155405
0 0.632252 0.761824 0.055856 0.138514
0 0.661261 0.689527 0.093694 0.177703
0 0.723964 0.652703 0.074234 0.127027
0 0.759640 0.596284 0.043964 0.097973
0 0.486126 0.732432 0.020901 0.174324
0 0.466667 0.740541 0.030991 0.183784
0 0.440360 0.798649 0.032432 0.187838
0 0.408468 0.776014 0.032072 0.139865
0 0.367027 0.775338 0.039279 0.123649
0 0.326486 0.712162 0.092252 0.189189
0 0.277838 0.684459 0.062703 0.124324
0 0.244505 0.608784 0.041441 0.094595
0 0.413694 0.575000 0.026667 0.091892
0 0.389009 0.587162 0.032072 0.048649
0 0.567928 0.558446 0.032432 0.108784
0 0.593874 0.572297 0.036757 0.097297
0 0.624505 0.568243 0.046126 0.102703
0 0.575135 0.680405 0.036757 0.064865
0 0.437838 0.675676 0.023063 0.050000
0 0.415315 0.689865 0.034955 0.081081