0 0.585422 0.716240 0.037092 0.216804
0 0.380793 0.476226 0.037095 0.229115
0 0.751723 0.643767 0.055279 0.135196
0 0.308393 0.439686 0.063661 0.192574
0 0.349319 0.478662 0.049369 0.202311
0 0.561092 0.708321 0.042876 0.222899
0 0.515587 0.690051 0.028645 0.196101
0 0.654636 0.702230 0.064962 0.191230
0 0.457123 0.450649 0.040342 0.221797
0 0.410025 0.460392 0.043589 0.216932
0 0.616277 0.467091 0.041643 0.198655
0 0.702386 0.665689 0.082501 0.181486
0 0.535076 0.445166 0.033841 0.205966
0 0.613063 0.712588 0.042876 0.199757
0 0.430488 0.461000 0.042937 0.235203
0 0.535076 0.696750 0.023449 0.197324
0 0.311609 0.676044 0.079319 0.202196
0 0.513314 0.452476 0.038389 0.225453
0 0.718593 0.380611 0.056580 0.113399
0 0.565966 0.420196 0.030533 0.272959
0 0.403854 0.735118 0.037741 0.196101
0 0.594191 0.457956 0.031243 0.204750
0 0.363903 0.711976 0.074768 0.205845
0 0.263213 0.649858 0.055283 0.127892
0 0.691308 0.439078 0.069571 0.179169
0 0.482164 0.685787 0.040926 0.177831
0 0.648110 0.459784 0.061128 0.198662
0 0.454198 0.708321 0.034494 0.242385
0 0.496423 0.696750 0.021503 0.202189
0 0.275879 0.390358 0.059831 0.125581
0 0.425074 0.704473 0.033196 0.171595
0 0.480832 0.457956 0.038393 0.221804