0 0.628659 0.717291 0.060663 0.155649
0 0.459440 0.551463 0.037676 0.204736
0 0.711355 0.646649 0.061305 0.124527
0 0.438366 0.604743 0.026180 0.105365
0 0.388559 0.681970 0.058112 0.080223
0 0.496476 0.766980 0.023625 0.190378
0 0.450499 0.787932 0.065769 0.146068
0 0.415378 0.585584 0.032566 0.124520
0 0.562568 0.765182 0.035759 0.167622
0 0.337153 0.686760 0.104728 0.190372
0 0.513398 0.759199 0.020432 0.193966
0 0.359182 0.784338 0.065773 0.153257
0 0.660908 0.441905 0.067690 0.129311
0 0.426234 0.446696 0.067049 0.179595
0 0.285429 0.655030 0.074072 0.112547
0 0.409951 0.805294 0.053640 0.140088
0 0.410908 0.479625 0.065773 0.190372
0 0.435173 0.705318 0.075989 0.071838
0 0.383768 0.577804 0.058750 0.118541
0 0.533193 0.764584 0.031928 0.202345
0 0.473805 0.757399 0.038314 0.216716
0 0.348326 0.532304 0.069604 0.147270
0 0.324063 0.446699 0.082375 0.124520
0 0.599605 0.743632 0.066411 0.170020
0 0.670486 0.683767 0.108555 0.181993
0 0.628978 0.513747 0.071521 0.170020
0 0.598966 0.545473 0.056195 0.159243
0 0.576618 0.581993 0.040868 0.114946
0 0.560013 0.581993 0.033207 0.117338
0 0.555544 0.458071 0.042144 0.154453
0 0.527445 0.542483 0.049809 0.203547
0 0.510843 0.559841 0.048533 0.223899
0 0.483384 0.555054 0.043423 0.214324