0 0.481802 0.485135 0.027387 0.321622
0 0.454414 0.536824 0.023063 0.208784
0 0.429369 0.485135 0.028468 0.308108
0 0.405225 0.520270 0.029189 0.214865
0 0.380360 0.518919 0.029189 0.190541
0 0.350631 0.500676 0.039640 0.186486
0 0.317658 0.487838 0.045766 0.202703
0 0.289369 0.469257 0.049009 0.172297
0 0.511532 0.484797 0.034234 0.325000
0 0.534054 0.517568 0.031712 0.220270
0 0.562523 0.505743 0.033874 0.239865
0 0.582703 0.508108 0.040360 0.224324
0 0.612613 0.514527 0.039640 0.203378
0 0.652072 0.499662 0.048649 0.199324
0 0.687568 0.455405 0.049730 0.162162
0 0.505946 0.761149 0.032432 0.192568
0 0.529910 0.741216 0.032072 0.168919
0 0.547928 0.762838 0.047928 0.212162
0 0.584685 0.742230 0.029910 0.179054
0 0.621441 0.729392 0.048649 0.172297
0 0.687568 0.672297 0.089369 0.177027
0 0.740360 0.632770 0.074595 0.142568
0 0.486306 0.761486 0.028468 0.193243
0 0.464144 0.753378 0.024505 0.172973
0 0.433514 0.756757 0.036757 0.182432
0 0.404324 0.751689 0.045405 0.191216
0 0.374955 0.742230 0.058018 0.196622
0 0.334955 0.708446 0.077477 0.184459
0 0.289189 0.669257 0.082523 0.177703
0 0.242883 0.620946 0.074955 0.143243