0 0.481441 0.527703 0.030991 0.208108
0 0.453333 0.511149 0.033874 0.225000
0 0.423423 0.478378 0.036036 0.221622
0 0.382883 0.505743 0.038559 0.183108
0 0.361441 0.439865 0.038919 0.145946
0 0.321982 0.450000 0.064505 0.206757
0 0.289910 0.391216 0.055856 0.154054
0 0.513153 0.520270 0.030991 0.222973
0 0.536937 0.499324 0.039640 0.235135
0 0.562523 0.450000 0.038919 0.224324
0 0.597297 0.451351 0.043604 0.195946
0 0.622523 0.421959 0.045766 0.138514
0 0.669369 0.435811 0.063063 0.202703
0 0.697117 0.369932 0.052973 0.146622
0 0.725766 0.304392 0.041081 0.087162
0 0.516577 0.715878 0.022703 0.137162
0 0.545225 0.718919 0.025946 0.148649
0 0.583063 0.735473 0.033874 0.210135
0 0.615856 0.723311 0.036757 0.193919
0 0.663423 0.706757 0.054775 0.163514
0 0.703784 0.664189 0.093694 0.198649
0 0.756036 0.638514 0.065586 0.136486
0 0.484324 0.723311 0.020901 0.145270
0 0.456577 0.731081 0.031712 0.155405
0 0.419640 0.746622 0.037838 0.210811
0 0.382342 0.733784 0.036036 0.179730
0 0.347207 0.725676 0.039279 0.190541
0 0.292793 0.680405 0.099099 0.198649
0 0.242342 0.643581 0.072432 0.149324
0 0.350991 0.525000 0.040360 0.105405
0 0.638198 0.507432 0.040360 0.110811