0 0.482342 0.516554 0.033514 0.222297
0 0.465766 0.511486 0.027748 0.198649
0 0.441982 0.500338 0.029189 0.220946
0 0.419279 0.511824 0.035676 0.176351
0 0.393874 0.505743 0.035315 0.175000
0 0.362523 0.505068 0.045405 0.175000
0 0.323784 0.497973 0.050090 0.154054
0 0.306486 0.434797 0.050090 0.089865
0 0.510631 0.513514 0.024505 0.233784
0 0.525045 0.511486 0.033153 0.214865
0 0.546126 0.495270 0.031351 0.229730
0 0.565405 0.513176 0.041802 0.185811
0 0.589910 0.508108 0.041081 0.181081
0 0.623604 0.490878 0.050811 0.210135
0 0.667748 0.490203 0.057658 0.172297
0 0.682883 0.426014 0.066306 0.089865
0 0.502703 0.733108 0.023063 0.186486
0 0.514595 0.725676 0.028829 0.179730
0 0.529910 0.747973 0.030631 0.240541
0 0.555135 0.729054 0.030631 0.193243
0 0.581802 0.720946 0.060901 0.194595
0 0.620000 0.703716 0.081802 0.179054
0 0.669009 0.675676 0.083243 0.177027
0 0.720901 0.657770 0.058739 0.097973
0 0.489369 0.709459 0.020180 0.190541
0 0.470991 0.727365 0.020901 0.177703
0 0.453694 0.752027 0.027387 0.248649
0 0.430450 0.729730 0.031351 0.200000
0 0.399820 0.717568 0.052973 0.193243
0 0.362703 0.705405 0.067387 0.181081
0 0.318559 0.678041 0.069189 0.180405
0 0.276036 0.647635 0.049730 0.097973