0 0.514355 0.508959 0.031290 0.237068
0 0.638238 0.461064 0.060663 0.148466
0 0.499031 0.716693 0.033845 0.202345
0 0.546285 0.707709 0.036396 0.213122
0 0.571189 0.707111 0.035121 0.247845
0 0.291814 0.626895 0.063859 0.154453
0 0.394305 0.485010 0.042786 0.174804
0 0.449223 0.727470 0.042786 0.226291
0 0.475085 0.739443 0.033204 0.226291
0 0.669528 0.380247 0.059387 0.140088
0 0.461353 0.537095 0.026180 0.176000
0 0.391112 0.684368 0.049171 0.211926
0 0.600564 0.702328 0.038951 0.211926
0 0.556182 0.447895 0.043420 0.253831
0 0.410906 0.355101 0.049171 0.195162
0 0.356310 0.441905 0.061305 0.210730
0 0.416337 0.710706 0.053640 0.235872
0 0.574063 0.488601 0.053640 0.198757
0 0.484982 0.517341 0.033841 0.217912
0 0.446350 0.371865 0.063856 0.221500
0 0.528085 0.726868 0.035759 0.239466
0 0.343220 0.361689 0.077265 0.177203
0 0.648775 0.640662 0.102169 0.210730
0 0.420166 0.461662 0.039589 0.159243
0 0.308737 0.310801 0.052998 0.140088
0 0.595454 0.467649 0.067052 0.180797
0 0.736259 0.581395 0.068966 0.120926
0 0.538622 0.515541 0.027456 0.171216
0 0.693155 0.602949 0.087485 0.187980
0 0.412822 0.528713 0.035121 0.130507
0 0.437407 0.537095 0.034483 0.144878
0 0.339068 0.643655 0.088126 0.192770
0 0.508288 0.722679 0.024267 0.223899
0 0.265634 0.550267 0.052364 0.094588