0 0.481622 0.535473 0.027748 0.222297
0 0.460901 0.504054 0.022342 0.254054
0 0.439459 0.470270 0.027748 0.232432
0 0.398198 0.503378 0.036757 0.189189
0 0.396757 0.511149 0.034595 0.169595
0 0.366126 0.508784 0.046847 0.154054
0 0.334595 0.469932 0.059459 0.169595
0 0.316216 0.416892 0.045045 0.095946
0 0.509730 0.528041 0.030631 0.245270
0 0.553514 0.514865 0.030270 0.248649
0 0.576216 0.506419 0.041802 0.233108
0 0.597477 0.522297 0.041081 0.177027
0 0.641802 0.479392 0.046126 0.187162
0 0.672432 0.431419 0.044685 0.122297
0 0.490991 0.736824 0.019099 0.180405
0 0.507387 0.744595 0.025225 0.195946
0 0.525225 0.764527 0.031351 0.249324
0 0.545586 0.746622 0.038919 0.204054
0 0.581081 0.746959 0.058739 0.188514
0 0.620000 0.718919 0.081802 0.182432
0 0.660000 0.673986 0.084685 0.161486
0 0.712252 0.650676 0.052252 0.100000
0 0.474595 0.742230 0.020901 0.189865
0 0.451351 0.746622 0.033514 0.212162
0 0.425045 0.749662 0.034955 0.188514
0 0.401982 0.735811 0.051532 0.178378
0 0.361441 0.715541 0.077838 0.171622
0 0.321081 0.663851 0.077117 0.152027
0 0.275135 0.639527 0.046486 0.106081