0 0.485586 0.481419 0.028468 0.225000
0 0.461441 0.479054 0.026306 0.214865
0 0.433874 0.484122 0.034595 0.219595
0 0.416937 0.476689 0.037477 0.196622
0 0.389550 0.461149 0.033874 0.192568
0 0.357117 0.463514 0.052613 0.155405
0 0.323063 0.437838 0.068829 0.164865
0 0.311532 0.340541 0.058739 0.116216
0 0.513333 0.480743 0.028468 0.229054
0 0.534414 0.471959 0.033153 0.216892
0 0.557658 0.460135 0.032793 0.222973
0 0.574775 0.456081 0.043964 0.200000
0 0.598198 0.441892 0.047568 0.202703
0 0.630270 0.424324 0.061261 0.197297
0 0.674054 0.410811 0.058018 0.178378
0 0.682703 0.323649 0.056577 0.139189
0 0.499820 0.719932 0.018739 0.189865
0 0.513153 0.725000 0.027387 0.197297
0 0.533874 0.726689 0.028468 0.187162
0 0.551712 0.715878 0.031712 0.203378
0 0.572072 0.677027 0.042883 0.183784
0 0.612793 0.635811 0.081081 0.182432
0 0.648108 0.577027 0.067387 0.156757
0 0.703243 0.563851 0.059459 0.103378
0 0.486126 0.718919 0.016577 0.193243
0 0.471892 0.713176 0.019820 0.187162
0 0.447387 0.718243 0.029910 0.214865
0 0.429910 0.711486 0.033153 0.205405
0 0.407027 0.693919 0.058739 0.181081
0 0.369730 0.644257 0.089369 0.183108
0 0.335495 0.594595 0.069910 0.156757
0 0.280901 0.581419 0.058739 0.119595