0 0.475676 0.466554 0.041081 0.223649
0 0.445225 0.464527 0.034234 0.215541
0 0.416937 0.458446 0.036757 0.243919
0 0.390450 0.473649 0.038559 0.191892
0 0.362703 0.472635 0.037117 0.181757
0 0.321982 0.455405 0.051532 0.190541
0 0.278919 0.427703 0.069189 0.189189
0 0.264505 0.319595 0.055495 0.097297
0 0.511712 0.466216 0.035315 0.221622
0 0.540901 0.451014 0.036757 0.223649
0 0.572793 0.451351 0.042883 0.229730
0 0.617477 0.404054 0.047928 0.125676
0 0.605405 0.479730 0.054054 0.166216
0 0.651712 0.454730 0.063063 0.202703
0 0.706667 0.450338 0.063423 0.179054
0 0.734234 0.364527 0.052252 0.097973
0 0.507027 0.686486 0.027387 0.186486
0 0.526847 0.695946 0.033874 0.195946
0 0.550450 0.719595 0.040721 0.221622
0 0.575676 0.718919 0.037117 0.195946
0 0.603063 0.709122 0.040000 0.193919
0 0.649550 0.703378 0.081081 0.210811
0 0.701802 0.689865 0.063063 0.175676
0 0.488468 0.680068 0.024144 0.172297
0 0.467207 0.687162 0.024865 0.178378
0 0.443423 0.714865 0.027027 0.204054
0 0.417658 0.716892 0.036036 0.186486
0 0.391892 0.720946 0.038559 0.194595
0 0.346126 0.703378 0.081081 0.200000
0 0.295495 0.672973 0.079279 0.182432
0 0.250991 0.632432 0.042162 0.085135