0 0.480901 0.547297 0.029910 0.221622
0 0.460541 0.530068 0.030991 0.203378
0 0.436216 0.516892 0.032793 0.208108
0 0.414775 0.506757 0.035315 0.190541
0 0.393153 0.497635 0.040360 0.180405
0 0.363063 0.490203 0.057297 0.169595
0 0.331892 0.461149 0.059820 0.141216
0 0.505766 0.553716 0.026306 0.203378
0 0.524865 0.542905 0.029189 0.191216
0 0.549369 0.526351 0.031351 0.205405
0 0.570270 0.513514 0.042162 0.190541
0 0.590991 0.497297 0.042523 0.198649
0 0.628468 0.493581 0.059820 0.176351
0 0.664324 0.457095 0.063063 0.142568
0 0.501261 0.738176 0.023063 0.134459
0 0.520901 0.745270 0.021982 0.136486
0 0.543964 0.743919 0.030631 0.164865
0 0.572793 0.733446 0.033514 0.164189
0 0.653874 0.690878 0.086126 0.181757
0 0.698739 0.654054 0.072793 0.151351
0 0.481622 0.741216 0.019820 0.137838
0 0.463063 0.733108 0.025225 0.145946
0 0.432252 0.733784 0.035676 0.171622
0 0.407207 0.718243 0.035315 0.166216
0 0.355676 0.690878 0.073514 0.176351
0 0.316396 0.635135 0.072793 0.143243