0 0.477297 0.516216 0.040000 0.247297
0 0.455495 0.478378 0.039640 0.204054
0 0.434775 0.419932 0.037838 0.129054
0 0.419640 0.476351 0.043604 0.122973
0 0.387928 0.476689 0.042883 0.102027
0 0.348649 0.478041 0.068108 0.169595
0 0.320180 0.418243 0.052252 0.097297
0 0.516396 0.525000 0.037477 0.227027
0 0.547207 0.487162 0.029910 0.213514
0 0.574054 0.427703 0.038198 0.121622
0 0.582703 0.492568 0.047568 0.113514
0 0.616036 0.470608 0.040721 0.107432
0 0.648829 0.466892 0.070270 0.171622
0 0.681622 0.416554 0.053694 0.104730
0 0.504324 0.753041 0.040721 0.199324
0 0.527207 0.765878 0.041081 0.208784
0 0.552613 0.831081 0.047207 0.128378
0 0.574595 0.781757 0.040721 0.094595
0 0.626126 0.784797 0.041441 0.081757
0 0.664144 0.716216 0.080000 0.175676
0 0.710991 0.684459 0.057658 0.110811
0 0.478018 0.756081 0.042883 0.212162
0 0.456216 0.779054 0.035315 0.190541
0 0.418739 0.839189 0.046847 0.133784
0 0.401802 0.775676 0.036757 0.089189
0 0.356757 0.775338 0.038919 0.075000
0 0.321802 0.711824 0.081441 0.176351
0 0.279099 0.683108 0.049369 0.100000
0 0.435135 0.533784 0.029910 0.174324
0 0.407027 0.553716 0.039279 0.114189
0 0.376937 0.553041 0.045405 0.103378
0 0.565405 0.540541 0.029550 0.177027
0 0.594955 0.566554 0.038919 0.111486
0 0.623784 0.554730 0.046126 0.108108
0 0.571712 0.711149 0.050090 0.091216
0 0.611892 0.719257 0.073514 0.154730
0 0.439099 0.722973 0.024865 0.151351
0 0.408468 0.707095 0.049369 0.110135
0 0.372252 0.705068 0.061261 0.134459