0 0.487568 0.508108 0.030991 0.193243
0 0.458018 0.495946 0.028829 0.191892
0 0.429550 0.494257 0.036757 0.211486
0 0.400180 0.489865 0.042883 0.205405
0 0.370811 0.480743 0.040360 0.189865
0 0.334414 0.466892 0.054054 0.194595
0 0.292072 0.440541 0.060180 0.193243
0 0.273514 0.363176 0.052613 0.116892
0 0.517477 0.505068 0.029550 0.196622
0 0.546126 0.497973 0.026306 0.198649
0 0.570270 0.496959 0.036396 0.210135
0 0.598378 0.486486 0.039279 0.220270
0 0.628829 0.476689 0.038919 0.214189
0 0.661261 0.480405 0.051171 0.201351
0 0.701261 0.465203 0.054775 0.176351
0 0.712793 0.371284 0.069910 0.122297
0 0.501622 0.704392 0.026667 0.176351
0 0.518198 0.713514 0.037477 0.185135
0 0.546126 0.732432 0.032072 0.204054
0 0.575315 0.736149 0.036396 0.214189
0 0.612252 0.740203 0.050450 0.200676
0 0.659099 0.711149 0.084324 0.196622
0 0.704865 0.666892 0.077838 0.168919
0 0.750270 0.635473 0.044685 0.100676
0 0.484685 0.700338 0.020901 0.162838
0 0.463243 0.703716 0.024865 0.177703
0 0.440721 0.715878 0.028108 0.200676
0 0.409730 0.716216 0.043964 0.205405
0 0.375676 0.715878 0.053694 0.196622
0 0.333514 0.702703 0.085405 0.195946
0 0.288649 0.648311 0.075676 0.165541
0 0.238018 0.621622 0.044324 0.102703