0 0.490631 0.493581 0.029189 0.288514
0 0.464324 0.501351 0.027748 0.271622
0 0.441441 0.497973 0.033153 0.281081
0 0.420000 0.513851 0.039279 0.238514
0 0.389730 0.508446 0.035676 0.238514
0 0.359099 0.508784 0.050090 0.197297
0 0.315315 0.491216 0.047568 0.186486
0 0.519099 0.501351 0.029189 0.279730
0 0.542342 0.524662 0.028829 0.233108
0 0.565766 0.461824 0.061982 0.227703
0 0.586667 0.540878 0.036036 0.193919
0 0.612613 0.523986 0.033874 0.200676
0 0.642703 0.510811 0.047928 0.200000
0 0.681802 0.491554 0.053333 0.180405
0 0.694414 0.423986 0.048288 0.092568
0 0.507928 0.753378 0.018378 0.198649
0 0.523243 0.754392 0.025946 0.195270
0 0.545586 0.774324 0.028108 0.235135
0 0.569369 0.763514 0.038198 0.200000
0 0.597477 0.748649 0.049009 0.191892
0 0.637477 0.722973 0.085045 0.194595
0 0.678559 0.683446 0.070631 0.176351
0 0.721802 0.671622 0.046126 0.090541
0 0.489730 0.752027 0.018018 0.205405
0 0.473333 0.751351 0.022703 0.189189
0 0.451712 0.768243 0.029189 0.232432
0 0.427748 0.757095 0.032432 0.208784
0 0.397117 0.746284 0.044685 0.207432
0 0.358919 0.721959 0.077838 0.195270
0 0.313333 0.680068 0.075315 0.176351
0 0.270811 0.661149 0.041441 0.088514
0 0.565946 0.586824 0.025586 0.070946