0 0.472252 0.489527 0.034955 0.243919
0 0.438198 0.503041 0.036757 0.218243
0 0.394955 0.526351 0.028829 0.156757
0 0.363964 0.525338 0.031712 0.187162
0 0.319099 0.523986 0.052973 0.176351
0 0.505225 0.498311 0.030991 0.184459
0 0.537117 0.484122 0.036396 0.230405
0 0.628468 0.505405 0.038919 0.195946
0 0.680360 0.485811 0.043964 0.197297
0 0.501802 0.707770 0.022703 0.192568
0 0.523964 0.705405 0.025225 0.193243
0 0.552072 0.709459 0.027387 0.210811
0 0.581622 0.706757 0.034595 0.209459
0 0.636577 0.717568 0.029189 0.209459
0 0.715315 0.654054 0.077117 0.135135
0 0.478739 0.706081 0.021982 0.186486
0 0.453694 0.714527 0.025946 0.189865
0 0.429910 0.740878 0.038198 0.246622
0 0.400360 0.726351 0.027387 0.195946
0 0.373694 0.731757 0.028829 0.195946
0 0.271712 0.693919 0.070631 0.113514