0 0.478559 0.419595 0.028829 0.275676
0 0.452252 0.436149 0.026667 0.225000
0 0.424685 0.405068 0.032072 0.284459
0 0.401261 0.407770 0.035676 0.223649
0 0.376577 0.421284 0.034595 0.227703
0 0.339820 0.443919 0.054775 0.193243
0 0.303243 0.430743 0.040721 0.230405
0 0.277658 0.368581 0.046486 0.187162
0 0.510090 0.413851 0.035676 0.279054
0 0.540901 0.428378 0.031712 0.240541
0 0.569550 0.385811 0.046486 0.322973
0 0.596036 0.436149 0.041802 0.218243
0 0.632072 0.446622 0.059099 0.228378
0 0.680901 0.449662 0.052252 0.212838
0 0.715856 0.402365 0.047928 0.170946
0 0.502703 0.663851 0.021622 0.192568
0 0.521261 0.661149 0.027748 0.196622
0 0.543964 0.683784 0.039279 0.263514
0 0.571351 0.653378 0.037838 0.222973
0 0.599640 0.654730 0.042523 0.232432
0 0.630631 0.665541 0.059820 0.129730
0 0.676577 0.646959 0.081802 0.192568
0 0.734955 0.624662 0.080360 0.157432
0 0.482883 0.655068 0.028829 0.187162
0 0.465225 0.665878 0.022342 0.203378
0 0.435495 0.694932 0.041441 0.262838
0 0.414414 0.670946 0.030991 0.210811
0 0.385045 0.674662 0.041441 0.231757
0 0.335856 0.662500 0.093694 0.204730
0 0.302703 0.628716 0.086486 0.160135
0 0.245946 0.602365 0.071712 0.126351