0 0.476216 0.407770 0.034234 0.230405
0 0.451171 0.411149 0.026667 0.223649
0 0.427207 0.395946 0.029189 0.239189
0 0.403964 0.415878 0.043243 0.215541
0 0.381441 0.421622 0.039279 0.190541
0 0.349910 0.400338 0.050450 0.211486
0 0.304865 0.405743 0.045405 0.196622
0 0.277117 0.345946 0.051171 0.159459
0 0.506667 0.401689 0.035315 0.214189
0 0.529009 0.393243 0.033153 0.209459
0 0.554775 0.372635 0.042162 0.253378
0 0.577838 0.389189 0.046486 0.212162
0 0.603784 0.385135 0.050090 0.206757
0 0.639640 0.390203 0.049009 0.206081
0 0.680721 0.368919 0.049730 0.209459
0 0.706667 0.306757 0.047568 0.158108
0 0.499820 0.603041 0.020180 0.150676
0 0.517838 0.602365 0.017297 0.160135
0 0.538198 0.613176 0.026306 0.173649
0 0.559820 0.619932 0.028468 0.187162
0 0.582883 0.629730 0.036396 0.204054
0 0.622342 0.621959 0.061982 0.203378
0 0.667928 0.582770 0.065225 0.175000
0 0.709369 0.550338 0.055856 0.162838
0 0.481081 0.605743 0.020180 0.152027
0 0.462523 0.619595 0.027748 0.170270
0 0.441261 0.632432 0.031351 0.182432
0 0.421982 0.635473 0.036036 0.181757
0 0.397117 0.633784 0.041081 0.206757
0 0.360000 0.631419 0.067748 0.206081
0 0.314234 0.609122 0.059820 0.183108
0 0.266847 0.569257 0.052973 0.158784