0 0.470991 0.534122 0.028829 0.210135
0 0.442703 0.538176 0.024144 0.184459
0 0.425405 0.433446 0.034234 0.161486
0 0.403784 0.486824 0.030631 0.127703
0 0.374414 0.476351 0.036757 0.093243
0 0.339640 0.487500 0.054414 0.172297
0 0.318919 0.425676 0.054775 0.102703
0 0.498919 0.521622 0.028468 0.233784
0 0.522162 0.516216 0.033874 0.212162
0 0.540000 0.422635 0.045766 0.154730
0 0.560901 0.479054 0.042162 0.118919
0 0.589189 0.457095 0.041802 0.104730
0 0.632793 0.466554 0.056216 0.189865
0 0.656937 0.405405 0.057658 0.106757
0 0.500721 0.728378 0.019820 0.162162
0 0.520901 0.729730 0.021261 0.170270
0 0.548649 0.723311 0.034234 0.156081
0 0.580901 0.694932 0.030270 0.129054
0 0.619820 0.707770 0.037477 0.093919
0 0.657117 0.653378 0.091171 0.186486
0 0.710450 0.638514 0.063784 0.118919
0 0.479820 0.726014 0.024144 0.154730
0 0.457477 0.735135 0.027027 0.159459
0 0.429369 0.726351 0.025586 0.141892
0 0.405045 0.698649 0.030991 0.109459
0 0.367207 0.734122 0.033874 0.089865
0 0.327748 0.669257 0.078919 0.179054
0 0.281081 0.654392 0.050450 0.102027
0 0.416396 0.542230 0.024865 0.170946
0 0.394595 0.564189 0.033874 0.102703
0 0.368829 0.546284 0.039279 0.091216
0 0.547387 0.542568 0.026667 0.154054
0 0.570991 0.559459 0.035676 0.085135
0 0.599279 0.543243 0.046847 0.094595
0 0.367207 0.669932 0.066306 0.122297