0 0.486667 0.520270 0.034234 0.218919
0 0.467387 0.517230 0.033874 0.214189
0 0.440541 0.465878 0.036396 0.245270
0 0.416216 0.568919 0.042523 0.114865
0 0.392613 0.499662 0.045045 0.118243
0 0.346486 0.529392 0.054414 0.181757
0 0.314955 0.461824 0.053333 0.119595
0 0.520000 0.525338 0.028108 0.212838
0 0.543423 0.519257 0.032432 0.211486
0 0.565225 0.447635 0.039279 0.200676
0 0.593153 0.525676 0.038919 0.178378
0 0.621441 0.474662 0.037117 0.129054
0 0.658378 0.508108 0.059099 0.181081
0 0.688108 0.452027 0.050090 0.106757
0 0.505766 0.735811 0.021261 0.167568
0 0.527027 0.744932 0.028468 0.188514
0 0.549189 0.779730 0.030991 0.179730
0 0.582342 0.781757 0.033874 0.140541
0 0.622703 0.790541 0.038919 0.102703
0 0.652613 0.735135 0.074955 0.193243
0 0.708108 0.720608 0.064865 0.137162
0 0.483604 0.736149 0.021622 0.169595
0 0.460000 0.747973 0.029189 0.179730
0 0.431171 0.764527 0.031351 0.215541
0 0.400541 0.754730 0.036396 0.174324
0 0.370631 0.771284 0.039279 0.150676
0 0.321261 0.836824 0.001802 0.003378
0 0.326486 0.741216 0.077838 0.202703
0 0.269189 0.720946 0.067027 0.139189
0 0.389009 0.585473 0.051532 0.099324
0 0.570090 0.537162 0.021622 0.168919
0 0.624144 0.563514 0.041802 0.091892
0 0.608288 0.713851 0.070631 0.126351