0 0.481081 0.506081 0.024505 0.195946
0 0.460180 0.504054 0.024505 0.140541
0 0.443423 0.395270 0.034955 0.133784
0 0.424144 0.430068 0.047568 0.153378
0 0.397297 0.431419 0.036396 0.122297
0 0.367207 0.482095 0.049730 0.173649
0 0.341802 0.421959 0.063063 0.108784
0 0.508829 0.513514 0.025946 0.186486
0 0.528108 0.493243 0.026306 0.158108
0 0.547207 0.389189 0.034234 0.133784
0 0.558559 0.448311 0.039640 0.130405
0 0.584685 0.435811 0.040000 0.124324
0 0.616757 0.485135 0.059459 0.181081
0 0.648108 0.420608 0.059459 0.110135
0 0.501441 0.699662 0.017658 0.158784
0 0.515856 0.707770 0.019820 0.154730
0 0.532252 0.802703 0.025946 0.117568
0 0.550450 0.754730 0.034234 0.106757
0 0.583423 0.756757 0.041081 0.079730
0 0.619279 0.683108 0.072432 0.183784
0 0.673694 0.666554 0.058018 0.112838
0 0.485225 0.697973 0.016216 0.164865
0 0.471892 0.698986 0.020541 0.165541
0 0.456757 0.789865 0.030631 0.127027
0 0.437658 0.743243 0.033514 0.100000
0 0.401261 0.748649 0.035676 0.087838
0 0.369009 0.672635 0.068468 0.177703
0 0.316757 0.666554 0.050450 0.096622
0 0.440541 0.531419 0.022703 0.118243
0 0.424865 0.530068 0.028829 0.104730
0 0.401081 0.505068 0.038919 0.150676
0 0.546306 0.533108 0.024505 0.132432
0 0.558919 0.514527 0.027387 0.149324
0 0.582703 0.506419 0.044685 0.156081
0 0.546486 0.679054 0.044324 0.143243
0 0.576757 0.675338 0.051532 0.127703
0 0.459459 0.673311 0.018018 0.127703
0 0.439820 0.664865 0.034234 0.095946
0 0.407928 0.670270 0.055495 0.131081