0 0.475135 0.484122 0.034955 0.234459
0 0.449910 0.480068 0.022703 0.220946
0 0.422342 0.464189 0.034595 0.221622
0 0.398378 0.484122 0.032072 0.212838
0 0.363423 0.492568 0.052973 0.195946
0 0.321622 0.475338 0.042883 0.208784
0 0.279820 0.435811 0.041441 0.082432
0 0.505946 0.493581 0.027387 0.199324
0 0.528468 0.474662 0.027027 0.196622
0 0.579099 0.498649 0.036757 0.204054
0 0.612432 0.479392 0.055856 0.223649
0 0.659279 0.487838 0.046486 0.182432
0 0.700541 0.408108 0.047568 0.078378
0 0.734955 0.255068 0.001081 0.002027
0 0.499279 0.710811 0.016937 0.200000
0 0.519279 0.709122 0.020180 0.200676
0 0.541622 0.728041 0.028829 0.237162
0 0.584324 0.735473 0.036396 0.208784
0 0.633153 0.722635 0.073514 0.187162
0 0.690090 0.683784 0.089369 0.175676
0 0.480541 0.717230 0.018378 0.219595
0 0.460901 0.710811 0.027387 0.175676
0 0.452793 0.740203 0.046486 0.250676
0 0.419279 0.722297 0.043604 0.191892
0 0.373874 0.725676 0.064505 0.198649
0 0.314955 0.700338 0.086486 0.183108
0 0.551351 0.463514 0.028108 0.148649