0 0.482883 0.509122 0.036036 0.247973
0 0.451532 0.508446 0.040360 0.243919
0 0.428108 0.450000 0.043964 0.182432
0 0.415856 0.517905 0.041081 0.225000
0 0.382342 0.487500 0.043243 0.192568
0 0.348108 0.495270 0.059820 0.204054
0 0.322342 0.443581 0.058739 0.119595
0 0.291532 0.385473 0.026667 0.068243
0 0.517838 0.504730 0.033153 0.232432
0 0.543243 0.509797 0.041441 0.206081
0 0.559459 0.430743 0.040721 0.169595
0 0.580000 0.484459 0.044324 0.168919
0 0.608649 0.453716 0.051171 0.129054
0 0.644865 0.490203 0.059459 0.177703
0 0.674414 0.426014 0.065225 0.106081
0 0.515495 0.716892 0.019820 0.167568
0 0.537658 0.712500 0.025946 0.181757
0 0.561622 0.780405 0.034955 0.158108
0 0.587207 0.681081 0.034955 0.141892
0 0.623423 0.728378 0.049009 0.108108
0 0.659459 0.657432 0.075676 0.195946
0 0.714054 0.660135 0.059459 0.124324
0 0.495135 0.709459 0.025946 0.159459
0 0.474234 0.717568 0.034595 0.174324
0 0.452252 0.787162 0.036757 0.155405
0 0.406847 0.688514 0.044685 0.131081
0 0.381081 0.753378 0.047928 0.093243
0 0.352072 0.687500 0.083604 0.197973
0 0.295495 0.692568 0.060541 0.132432
0 0.607207 0.549662 0.048288 0.104730
0 0.557117 0.661486 0.022342 0.090541
0 0.448108 0.673311 0.024865 0.080405