0 0.494414 0.530405 0.031712 0.237838
0 0.475856 0.517905 0.046486 0.214189
0 0.456036 0.427703 0.047928 0.185135
0 0.426126 0.473649 0.043604 0.127027
0 0.402523 0.430405 0.049009 0.139189
0 0.358378 0.481081 0.057297 0.186486
0 0.330811 0.419257 0.055495 0.129054
0 0.301802 0.356081 0.047928 0.095946
0 0.527568 0.525676 0.035315 0.239189
0 0.549550 0.516216 0.025946 0.217568
0 0.569730 0.461149 0.032432 0.173649
0 0.592432 0.486149 0.033874 0.100676
0 0.612252 0.438176 0.037477 0.131757
0 0.653874 0.480743 0.049369 0.188514
0 0.674955 0.409459 0.050450 0.141892
0 0.700541 0.348986 0.044685 0.089865
0 0.513153 0.746959 0.018018 0.180405
0 0.530090 0.746284 0.019459 0.185811
0 0.551712 0.819257 0.040360 0.160135
0 0.578559 0.752703 0.044324 0.137838
0 0.623784 0.775000 0.041081 0.131081
0 0.657838 0.697297 0.078198 0.206757
0 0.708288 0.688851 0.063784 0.135811
0 0.729730 0.597297 0.032432 0.106757
0 0.494595 0.757432 0.019820 0.198649
0 0.477117 0.757095 0.020901 0.195270
0 0.452252 0.780405 0.030991 0.185135
0 0.425766 0.738851 0.033514 0.184459
0 0.383243 0.778716 0.046486 0.142568
0 0.347207 0.700676 0.087568 0.220270
0 0.287387 0.702365 0.068108 0.141216
0 0.262523 0.607432 0.047207 0.108108
0 0.446306 0.547635 0.032072 0.125000
0 0.423243 0.558446 0.037117 0.084459
0 0.397477 0.534459 0.049009 0.120270
0 0.577477 0.569595 0.027748 0.074324
0 0.596577 0.556419 0.029910 0.085811
0 0.620541 0.536824 0.039640 0.115541
0 0.551892 0.700676 0.024144 0.102703
0 0.576216 0.671622 0.030991 0.056757
0 0.611712 0.687162 0.058018 0.128378
0 0.452252 0.689527 0.024505 0.056081
0 0.393333 0.689527 0.063784 0.126351