0 0.486667 0.482770 0.027748 0.247973
0 0.459820 0.489189 0.025946 0.206757
0 0.435135 0.480405 0.032072 0.224324
0 0.411351 0.483784 0.039279 0.216216
0 0.386126 0.485811 0.033514 0.191892
0 0.354414 0.473311 0.049369 0.197973
0 0.317838 0.463514 0.049009 0.186486
0 0.298739 0.414865 0.048288 0.102703
0 0.515315 0.491554 0.028829 0.225000
0 0.537297 0.479054 0.025946 0.221622
0 0.563964 0.473986 0.027387 0.238514
0 0.586667 0.480068 0.036757 0.212838
0 0.611892 0.484122 0.033874 0.197973
0 0.643063 0.472973 0.045045 0.201351
0 0.677658 0.458784 0.052973 0.206757
0 0.696937 0.413851 0.047568 0.111486
0 0.510450 0.710135 0.018378 0.179730
0 0.530270 0.707095 0.021261 0.175000
0 0.551532 0.717905 0.024144 0.206081
0 0.572973 0.701351 0.030991 0.194595
0 0.600360 0.701689 0.040360 0.215541
0 0.640901 0.684459 0.076757 0.202703
0 0.682162 0.656081 0.067748 0.172973
0 0.491351 0.705068 0.017658 0.170946
0 0.472072 0.710473 0.020180 0.181757
0 0.449550 0.708784 0.025586 0.201351
0 0.426126 0.696959 0.032072 0.197973
0 0.407387 0.684122 0.034955 0.192568
0 0.369910 0.676689 0.065225 0.195270
0 0.321802 0.653041 0.075676 0.179054
0 0.275856 0.630405 0.050811 0.102703