0 0.487748 0.487500 0.027027 0.212838
0 0.463063 0.483446 0.023784 0.218243
0 0.441982 0.476351 0.029910 0.251351
0 0.413874 0.471959 0.033514 0.218243
0 0.386486 0.478041 0.029189 0.181757
0 0.357477 0.475676 0.043964 0.170270
0 0.316036 0.472635 0.043243 0.150676
0 0.290631 0.449662 0.028468 0.111486
0 0.522342 0.491892 0.025586 0.204054
0 0.545405 0.491892 0.022703 0.210811
0 0.566306 0.482432 0.029910 0.248649
0 0.589550 0.487838 0.030991 0.193243
0 0.612252 0.486486 0.028108 0.198649
0 0.644144 0.497973 0.051532 0.185135
0 0.681802 0.487500 0.045405 0.176351
0 0.711892 0.450000 0.038559 0.133784
0 0.509910 0.663851 0.016577 0.160135
0 0.527928 0.675000 0.018018 0.194595
0 0.548468 0.685811 0.020901 0.229730
0 0.572973 0.670270 0.028108 0.189189
0 0.597117 0.676014 0.036036 0.199324
0 0.637838 0.663851 0.064144 0.173649
0 0.681622 0.649662 0.067387 0.172297
0 0.726126 0.685811 0.001441 0.002703
0 0.727748 0.616892 0.061622 0.148649
0 0.493333 0.665541 0.016577 0.156757
0 0.476396 0.668243 0.018739 0.178378
0 0.455495 0.676689 0.025225 0.206081
0 0.412072 0.669595 0.040721 0.197297
0 0.391532 0.654730 0.036396 0.191892
0 0.358198 0.642230 0.055495 0.173649
0 0.318378 0.618243 0.055856 0.162162
0 0.275495 0.596622 0.052973 0.137838