0 0.487748 0.536486 0.034955 0.221622
0 0.465045 0.517905 0.039279 0.183108
0 0.440901 0.469257 0.034234 0.197973
0 0.411351 0.501351 0.035676 0.156757
0 0.384685 0.470608 0.035676 0.153378
0 0.346306 0.498986 0.050450 0.181757
0 0.325225 0.438176 0.052252 0.107432
0 0.300541 0.376689 0.037477 0.049324
0 0.521441 0.538851 0.033153 0.212838
0 0.541802 0.519932 0.042162 0.185811
0 0.566667 0.449324 0.034955 0.244595
0 0.597838 0.504730 0.038198 0.155405
0 0.621982 0.488514 0.034595 0.154054
0 0.656396 0.501351 0.047928 0.212162
0 0.680360 0.450676 0.048288 0.110811
0 0.703423 0.387838 0.040360 0.070270
0 0.512613 0.743919 0.027027 0.171622
0 0.529910 0.745608 0.037838 0.173649
0 0.557838 0.774662 0.032432 0.185811
0 0.585946 0.762162 0.033874 0.137838
0 0.628468 0.770608 0.044685 0.118243
0 0.666847 0.717905 0.081081 0.189865
0 0.719099 0.710811 0.061622 0.132432
0 0.748288 0.618581 0.029189 0.079054
0 0.490811 0.740541 0.022342 0.167568
0 0.469369 0.741892 0.028468 0.178378
0 0.442883 0.752027 0.028829 0.174324
0 0.415495 0.739527 0.034595 0.149324
0 0.370631 0.736824 0.049369 0.118243
0 0.331532 0.695270 0.082162 0.183784
0 0.283604 0.686486 0.059820 0.125676
0 0.255856 0.595270 0.030991 0.070270
0 0.437477 0.562162 0.028829 0.105405
0 0.415856 0.585135 0.032432 0.066216
0 0.384865 0.564527 0.038919 0.091216
0 0.572072 0.583446 0.030631 0.089865
0 0.592432 0.581757 0.033874 0.082432
0 0.620000 0.576014 0.038559 0.085811
0 0.581081 0.692905 0.033514 0.066892
0 0.612432 0.705405 0.047207 0.124324
0 0.389550 0.667568 0.045405 0.072973