0 0.472252 0.543581 0.032793 0.230405
0 0.444505 0.536149 0.027027 0.230405
0 0.419099 0.461149 0.043964 0.260135
0 0.388288 0.537500 0.036396 0.227703
0 0.361622 0.539865 0.040721 0.198649
0 0.323784 0.538514 0.050811 0.159459
0 0.288108 0.500000 0.069550 0.171622
0 0.262342 0.430068 0.050450 0.097973
0 0.504505 0.533446 0.033153 0.252027
0 0.531171 0.527703 0.028108 0.236486
0 0.559640 0.499324 0.034595 0.271622
0 0.586847 0.515541 0.041441 0.220270
0 0.618018 0.517568 0.040360 0.202703
0 0.654595 0.497973 0.055135 0.213514
0 0.692613 0.476014 0.069910 0.184459
0 0.721081 0.419595 0.048288 0.093243
0 0.503784 0.765878 0.022342 0.202027
0 0.524505 0.766554 0.024865 0.210135
0 0.550811 0.768919 0.034234 0.235135
0 0.586667 0.750000 0.051892 0.185135
0 0.611532 0.743243 0.049009 0.182432
0 0.659820 0.720608 0.090090 0.197973
0 0.713514 0.671959 0.092252 0.179054
0 0.765946 0.657770 0.047207 0.103378
0 0.481802 0.753041 0.022342 0.180405
0 0.457477 0.767568 0.027748 0.200000
0 0.431892 0.772635 0.034234 0.214189
0 0.401982 0.779392 0.034234 0.192568
0 0.369189 0.755405 0.053694 0.178378
0 0.327748 0.734797 0.081081 0.197973
0 0.270090 0.691554 0.089730 0.175000
0 0.211892 0.678041 0.053333 0.102027
0 0.416757 0.614527 0.030631 0.075000