0 0.465946 0.536149 0.040360 0.216892
0 0.435856 0.545946 0.035676 0.189189
0 0.412252 0.449324 0.045405 0.197297
0 0.372072 0.534459 0.053694 0.172973
0 0.346306 0.496622 0.043964 0.185135
0 0.308649 0.499324 0.058739 0.170270
0 0.270631 0.480405 0.063423 0.160811
0 0.250991 0.385135 0.041441 0.071622
0 0.505946 0.543243 0.041081 0.190541
0 0.539640 0.535135 0.033514 0.198649
0 0.572072 0.511486 0.040000 0.218919
0 0.602523 0.527365 0.043964 0.192568
0 0.631351 0.505743 0.041081 0.193919
0 0.672252 0.487500 0.061622 0.211486
0 0.714234 0.486149 0.052613 0.162838
0 0.731171 0.404392 0.051892 0.083108
0 0.497658 0.748649 0.025946 0.182432
0 0.523243 0.756081 0.031712 0.204054
0 0.545405 0.767568 0.046486 0.241892
0 0.585405 0.753041 0.034955 0.199324
0 0.618198 0.748649 0.045766 0.181081
0 0.671712 0.742568 0.083604 0.194595
0 0.715315 0.676351 0.074955 0.166216
0 0.475676 0.751351 0.028108 0.191892
0 0.452613 0.749662 0.041081 0.191216
0 0.427207 0.767568 0.044324 0.239189
0 0.390270 0.754730 0.036036 0.217568
0 0.361081 0.766216 0.039640 0.177027
0 0.307748 0.747973 0.087207 0.197297
0 0.256036 0.691892 0.063784 0.131081