0 0.307387 0.694922 0.082566 0.220466
0 0.359031 0.730858 0.040339 0.219243
0 0.394759 0.723547 0.040342 0.226554
0 0.430162 0.724764 0.034494 0.236297
0 0.459721 0.704666 0.036443 0.203412
0 0.488305 0.696139 0.031247 0.186358
0 0.513964 0.687007 0.029297 0.187581
0 0.539623 0.707713 0.037741 0.211939
0 0.566258 0.711368 0.036443 0.194885
0 0.598769 0.701014 0.050670 0.188797
0 0.632550 0.701622 0.055867 0.192446
0 0.684845 0.701625 0.085099 0.187574
0 0.739737 0.682135 0.076656 0.172959
0 0.786151 0.660821 0.056584 0.123020
0 0.763414 0.407470 0.065676 0.096223
0 0.739378 0.499980 0.060479 0.184041
0 0.690333 0.506068 0.057229 0.193784
0 0.652005 0.503024 0.036443 0.180385
0 0.622157 0.493280 0.037676 0.202318
0 0.590652 0.492061 0.048721 0.219365
0 0.555895 0.494497 0.033780 0.214493
0 0.520459 0.494497 0.040991 0.221804
0 0.483106 0.489017 0.040339 0.225453
0 0.440883 0.476834 0.044238 0.232764
0 0.410023 0.489625 0.046187 0.216926
0 0.378843 0.499976 0.052685 0.203534
0 0.347339 0.512159 0.050735 0.201101
0 0.306088 0.501807 0.055283 0.175520
0 0.203449 0.653510 0.052685 0.127899
0 0.249895 0.690659 0.081917 0.197318
0 0.234629 0.405581 0.066973 0.119486
0 0.256715 0.500588 0.061777 0.185257