0 0.474234 0.575000 0.035315 0.159459
0 0.443604 0.578041 0.033153 0.152027
0 0.414234 0.490541 0.037117 0.133784
0 0.407387 0.560135 0.047928 0.120270
0 0.372072 0.557432 0.046486 0.112162
0 0.329009 0.594595 0.056937 0.137838
0 0.302703 0.521959 0.059820 0.130405
0 0.512252 0.554730 0.035676 0.137838
0 0.542162 0.567568 0.030631 0.141892
0 0.568829 0.473649 0.037117 0.118919
0 0.585405 0.566892 0.042883 0.132432
0 0.600360 0.489865 0.069910 0.187838
0 0.656577 0.552703 0.059099 0.148649
0 0.684685 0.493581 0.051892 0.102027
0 0.507387 0.780068 0.026667 0.129054
0 0.532252 0.771959 0.029550 0.125000
0 0.572252 0.834797 0.051892 0.139865
0 0.600721 0.786149 0.043243 0.095270
0 0.640180 0.771622 0.044324 0.093243
0 0.670811 0.688176 0.081081 0.169595
0 0.723063 0.669595 0.057297 0.109459
0 0.483063 0.778716 0.027748 0.129054
0 0.454414 0.777027 0.031712 0.127027
0 0.427387 0.850000 0.045405 0.136486
0 0.388468 0.803041 0.042523 0.097973
0 0.344144 0.788851 0.043243 0.088514
0 0.303604 0.717905 0.091892 0.170946
0 0.248649 0.692905 0.059099 0.106081
0 0.455495 0.659459 0.018739 0.039189
0 0.424505 0.628716 0.029550 0.177703
0 0.397117 0.637838 0.028829 0.122973
0 0.374234 0.610135 0.047207 0.131081
0 0.530090 0.646622 0.019459 0.048649
0 0.562703 0.605743 0.027748 0.176351
0 0.620901 0.604392 0.040360 0.092568
0 0.556216 0.751689 0.029189 0.161486
0 0.589550 0.717905 0.049009 0.093919
0 0.627387 0.683446 0.056216 0.112838
0 0.428108 0.760473 0.028108 0.150676
0 0.392793 0.726351 0.051171 0.097297
0 0.352973 0.714189 0.054414 0.110811