0 0.479640 0.516216 0.032432 0.214865
0 0.454234 0.501351 0.031351 0.212162
0 0.425766 0.469932 0.034955 0.268243
0 0.402342 0.501351 0.041441 0.213514
0 0.373153 0.511824 0.035676 0.188514
0 0.333153 0.493581 0.049369 0.207432
0 0.299099 0.470608 0.059099 0.166892
0 0.516577 0.517230 0.032072 0.218243
0 0.539099 0.507432 0.034595 0.213514
0 0.570270 0.483784 0.033514 0.254054
0 0.590811 0.503716 0.041441 0.223649
0 0.620000 0.509797 0.037117 0.202027
0 0.659820 0.504730 0.051171 0.195946
0 0.691532 0.466554 0.056937 0.166892
0 0.506847 0.721622 0.023423 0.175676
0 0.524505 0.729392 0.027027 0.187162
0 0.547027 0.748986 0.030270 0.218243
0 0.572432 0.742568 0.034955 0.191892
0 0.606126 0.735135 0.056937 0.190541
0 0.652613 0.723649 0.085045 0.198649
0 0.692973 0.677703 0.060541 0.166216
0 0.741261 0.660811 0.040360 0.087838
0 0.485045 0.716554 0.021622 0.166892
0 0.464324 0.727027 0.023423 0.181081
0 0.440000 0.741216 0.030270 0.210811
0 0.414955 0.737162 0.032793 0.195946
0 0.382523 0.726689 0.047928 0.184459
0 0.340360 0.714189 0.074595 0.187838
0 0.298018 0.670608 0.063423 0.152027
0 0.250811 0.639189 0.038198 0.089189