0 0.487387 0.548649 0.034234 0.232432
0 0.452252 0.536486 0.041081 0.236486
0 0.413333 0.622297 0.001441 0.002703
0 0.433153 0.520270 0.030270 0.258108
0 0.410631 0.506419 0.038559 0.257432
0 0.383784 0.520946 0.038198 0.206757
0 0.348468 0.511486 0.045405 0.189189
0 0.282703 0.462838 0.010450 0.010811
0 0.312252 0.499662 0.049369 0.170946
0 0.291532 0.432095 0.051171 0.133108
0 0.516577 0.538176 0.033514 0.245270
0 0.474955 0.566216 0.001441 0.002703
0 0.510631 0.554730 0.001441 0.002703
0 0.534955 0.539189 0.032793 0.224324
0 0.564865 0.529054 0.033514 0.239189
0 0.586486 0.530405 0.042162 0.227027
0 0.612793 0.533446 0.039279 0.196622
0 0.648829 0.508446 0.051532 0.215541
0 0.683423 0.496959 0.060901 0.196622
0 0.702703 0.435135 0.058378 0.113514
0 0.513153 0.753716 0.019459 0.153378
0 0.531351 0.756419 0.021261 0.162838
0 0.552613 0.774662 0.027027 0.199324
0 0.599279 0.789189 0.007207 0.051351
0 0.573153 0.755405 0.030631 0.183784
0 0.599099 0.766554 0.042883 0.215541
0 0.642162 0.734459 0.082162 0.201351
0 0.697477 0.700338 0.100541 0.187162
0 0.747928 0.683784 0.070991 0.122973
0 0.495856 0.752027 0.018018 0.145946
0 0.478559 0.752365 0.020901 0.152027
0 0.454595 0.772297 0.033514 0.213514
0 0.433514 0.752703 0.033153 0.182432
0 0.402523 0.748311 0.051171 0.195270
0 0.361802 0.720270 0.081441 0.198649
0 0.307207 0.694595 0.083964 0.195946
0 0.267027 0.673649 0.059099 0.124324