0 0.479099 0.438514 0.026306 0.233784
0 0.456757 0.447973 0.022703 0.194595
0 0.432973 0.421284 0.032793 0.279054
0 0.393153 0.451351 0.038198 0.178378
0 0.311351 0.395270 0.058378 0.133784
0 0.505405 0.442230 0.026306 0.215541
0 0.550450 0.425676 0.029189 0.248649
0 0.574054 0.445270 0.041081 0.193243
0 0.604144 0.440203 0.036396 0.189865
0 0.683243 0.359797 0.052613 0.137162
0 0.501441 0.663851 0.014054 0.165541
0 0.517117 0.659122 0.021622 0.177703
0 0.538198 0.667568 0.024865 0.213514
0 0.558919 0.660811 0.033153 0.198649
0 0.584324 0.663514 0.044324 0.191892
0 0.702342 0.608784 0.063423 0.117568
0 0.485946 0.656419 0.014775 0.143919
0 0.471712 0.662162 0.020180 0.171622
0 0.452613 0.690541 0.025946 0.237838
0 0.431351 0.695946 0.033874 0.248649
0 0.406667 0.699324 0.057297 0.231081
0 0.367387 0.635473 0.086847 0.185811
0 0.330811 0.586149 0.076396 0.203378
0 0.276757 0.591892 0.059820 0.121622