0 0.630895 0.789730 0.058750 0.080216
0 0.326618 0.711304 0.088760 0.165230
0 0.613654 0.723875 0.079186 0.152061
0 0.549798 0.629885 0.038314 0.091000
0 0.532555 0.559845 0.044699 0.137689
0 0.405160 0.548470 0.046616 0.100574
0 0.265953 0.700530 0.067049 0.126912
0 0.461674 0.795118 0.038317 0.143682
0 0.366207 0.787334 0.060667 0.108953
0 0.386962 0.699334 0.056195 0.088601
0 0.427831 0.854983 0.057470 0.143682
0 0.405800 0.812480 0.055557 0.137689
0 0.600562 0.512551 0.055553 0.126912
0 0.444114 0.722081 0.052998 0.114946
0 0.420805 0.722081 0.051088 0.100581
0 0.660906 0.718486 0.091953 0.177203
0 0.643348 0.579598 0.064497 0.138885
0 0.666656 0.473037 0.068966 0.138885
0 0.415377 0.462264 0.040231 0.126919
0 0.726041 0.705919 0.063859 0.135297
0 0.374189 0.608334 0.040868 0.117331
0 0.567038 0.495787 0.054919 0.193966
0 0.601840 0.614922 0.056832 0.092196
0 0.578532 0.631084 0.047254 0.090993
0 0.337472 0.547872 0.049171 0.180797
0 0.314483 0.471240 0.059387 0.140088
0 0.377703 0.522128 0.044061 0.093392
0 0.468697 0.580797 0.040868 0.191568
0 0.427831 0.632878 0.031928 0.099378
0 0.507650 0.588578 0.042148 0.190372
0 0.524892 0.774764 0.034483 0.162838
0 0.440919 0.535899 0.040231 0.147270
0 0.403883 0.626294 0.031290 0.100574
0 0.554905 0.856179 0.063856 0.138885
0 0.590665 0.806490 0.065135 0.120926
0 0.548200 0.744233 0.028739 0.154453
0 0.479236 0.766382 0.028735 0.186777
0 0.505097 0.763986 0.030649 0.172419