0 0.489189 0.531757 0.034955 0.251351
0 0.460901 0.543581 0.026667 0.129054
0 0.434775 0.441892 0.037117 0.124324
0 0.416757 0.510811 0.039279 0.112162
0 0.387748 0.493243 0.041081 0.095946
0 0.342342 0.516216 0.060541 0.179730
0 0.321441 0.453716 0.055495 0.103378
0 0.526486 0.544932 0.034595 0.227703
0 0.558198 0.542568 0.025225 0.174324
0 0.579279 0.446284 0.033514 0.129054
0 0.597117 0.508784 0.033153 0.114865
0 0.624324 0.492230 0.039279 0.091216
0 0.665045 0.519257 0.055856 0.158784
0 0.681982 0.445608 0.052973 0.091216
0 0.522342 0.751351 0.021982 0.172973
0 0.544505 0.754392 0.023784 0.173649
0 0.572252 0.838176 0.036036 0.135811
0 0.598198 0.784122 0.033874 0.100676
0 0.635676 0.784797 0.036757 0.072297
0 0.668829 0.688176 0.074955 0.177703
0 0.715856 0.668243 0.050811 0.097297
0 0.501441 0.751014 0.021261 0.166892
0 0.478378 0.758446 0.024144 0.180405
0 0.453874 0.822297 0.032793 0.136486
0 0.421802 0.785811 0.040000 0.104054
0 0.382342 0.780068 0.036757 0.080405
0 0.348829 0.697973 0.077117 0.174324
0 0.298018 0.681757 0.050450 0.089189
0 0.436036 0.548311 0.030991 0.193919
0 0.411171 0.588176 0.036036 0.093919
0 0.378919 0.567568 0.044324 0.114865
0 0.583063 0.559459 0.028829 0.178378
0 0.604685 0.586149 0.036036 0.099324
0 0.632973 0.564527 0.045045 0.114189
0 0.564144 0.726689 0.026306 0.145270
0 0.590811 0.701014 0.034955 0.095270
0 0.622883 0.688851 0.051532 0.107432
0 0.456757 0.718243 0.025586 0.110811
0 0.430811 0.697973 0.037117 0.074324
0 0.395856 0.695608 0.057297 0.119595