0 0.481622 0.494932 0.022703 0.203378
0 0.466306 0.485473 0.023063 0.177703
0 0.449009 0.471284 0.022342 0.181757
0 0.432613 0.475676 0.027027 0.166216
0 0.415135 0.468243 0.032432 0.175676
0 0.392793 0.454054 0.042523 0.174324
0 0.373874 0.395270 0.047928 0.135135
0 0.357838 0.344257 0.032432 0.072297
0 0.505225 0.497635 0.023784 0.191216
0 0.518919 0.492230 0.019459 0.161486
0 0.637838 0.247297 0.001441 0.002703
0 0.533874 0.461824 0.022703 0.212838
0 0.556396 0.492568 0.041081 0.164865
0 0.587748 0.465541 0.047568 0.183784
0 0.612793 0.407095 0.048649 0.152027
0 0.632432 0.362162 0.040360 0.077027
0 0.505045 0.703716 0.019820 0.170946
0 0.520901 0.698311 0.022703 0.156081
0 0.534414 0.721622 0.020180 0.212162
0 0.552252 0.697297 0.028468 0.166216
0 0.574414 0.686824 0.052613 0.161486
0 0.606667 0.658108 0.073874 0.166216
0 0.643964 0.618581 0.060541 0.143919
0 0.492072 0.699324 0.016937 0.162162
0 0.476216 0.697297 0.017658 0.163514
0 0.458378 0.693581 0.020901 0.169595
0 0.441261 0.683108 0.027748 0.159459
0 0.416216 0.667230 0.038919 0.154730
0 0.385405 0.645270 0.065946 0.164865
0 0.345946 0.604054 0.059820 0.145946