0 0.483604 0.517568 0.028108 0.240541
0 0.460541 0.521959 0.030270 0.200676
0 0.450631 0.426351 0.034234 0.178378
0 0.423243 0.454392 0.037838 0.158784
0 0.399640 0.442568 0.036036 0.128378
0 0.361982 0.469595 0.050811 0.189189
0 0.347748 0.407770 0.050450 0.111486
0 0.332613 0.339527 0.025225 0.062838
0 0.513153 0.515203 0.029550 0.249324
0 0.536757 0.506081 0.029189 0.247297
0 0.551171 0.425338 0.036396 0.179054
0 0.574234 0.480743 0.037838 0.126351
0 0.597838 0.462162 0.038198 0.108108
0 0.631351 0.487500 0.053333 0.188514
0 0.651351 0.425000 0.050090 0.110811
0 0.509730 0.747635 0.021982 0.181757
0 0.527748 0.746959 0.023423 0.175000
0 0.545586 0.808784 0.033153 0.141892
0 0.578919 0.785473 0.032793 0.111486
0 0.614054 0.753378 0.043964 0.079730
0 0.642703 0.663851 0.091171 0.170946
0 0.689369 0.651351 0.051171 0.113514
0 0.723063 0.577365 0.024144 0.079054
0 0.488829 0.748311 0.021261 0.184459
0 0.467748 0.741554 0.023063 0.172297
0 0.445946 0.775000 0.029189 0.159459
0 0.416036 0.776689 0.031351 0.120946
0 0.379640 0.742230 0.038559 0.103378
0 0.352793 0.651014 0.085766 0.173649
0 0.307027 0.638176 0.055495 0.133108
0 0.438919 0.536149 0.026667 0.156081
0 0.417477 0.556757 0.034234 0.091892
0 0.392973 0.537500 0.039279 0.110135
0 0.556577 0.549324 0.025586 0.144595
0 0.575495 0.566554 0.033874 0.096622
0 0.601441 0.550338 0.041081 0.107432
0 0.548288 0.720270 0.032793 0.143243
0 0.568468 0.704730 0.040721 0.100000
0 0.598198 0.675676 0.069910 0.133784
0 0.448649 0.677027 0.023063 0.060811
0 0.426847 0.690878 0.040721 0.096622
0 0.392613 0.664189 0.072432 0.129730