0 0.481982 0.517230 0.040000 0.204730
0 0.446126 0.482432 0.048288 0.109459
0 0.417297 0.415541 0.035315 0.106757
0 0.402883 0.492568 0.038919 0.110811
0 0.374955 0.495270 0.052252 0.118919
0 0.339099 0.528716 0.048288 0.180405
0 0.302162 0.462500 0.056577 0.114189
0 0.529550 0.533446 0.038559 0.187162
0 0.558919 0.530405 0.044685 0.108108
0 0.580000 0.491554 0.047207 0.119595
0 0.603063 0.556419 0.041441 0.108784
0 0.631892 0.542568 0.040721 0.098649
0 0.665766 0.571284 0.055856 0.188514
0 0.698018 0.482095 0.059099 0.112838
0 0.505946 0.734797 0.034595 0.189865
0 0.523423 0.737162 0.047928 0.172973
0 0.536036 0.815541 0.035676 0.121622
0 0.571351 0.799662 0.038559 0.096622
0 0.614595 0.791554 0.042883 0.087162
0 0.660541 0.749324 0.075676 0.172973
0 0.718018 0.753716 0.060901 0.108784
0 0.761261 0.669257 0.034955 0.081757
0 0.486847 0.733446 0.028829 0.199324
0 0.466486 0.722297 0.025586 0.186486
0 0.436396 0.811824 0.036757 0.133108
0 0.402342 0.749662 0.039279 0.095270
0 0.365946 0.781419 0.029910 0.080405
0 0.334955 0.707770 0.067387 0.179054
0 0.282162 0.713851 0.057658 0.110135
0 0.245045 0.626689 0.025946 0.065541
0 0.439820 0.566892 0.039279 0.091892
0 0.568829 0.587162 0.031351 0.129730
0 0.625766 0.620946 0.044324 0.097297
0 0.552072 0.703041 0.024505 0.142568
0 0.571351 0.696284 0.037838 0.066892
0 0.440721 0.684797 0.030991 0.143919
0 0.418018 0.683784 0.020901 0.060811