0 0.471892 0.539865 0.035676 0.236486
0 0.446486 0.549662 0.038919 0.218243
0 0.424505 0.489865 0.038198 0.239189
0 0.412252 0.579730 0.046847 0.183784
0 0.380541 0.545608 0.037477 0.219595
0 0.341802 0.544932 0.050811 0.192568
0 0.306126 0.530068 0.050811 0.156081
0 0.294414 0.455743 0.046847 0.085811
0 0.501982 0.542905 0.033874 0.235811
0 0.531171 0.548649 0.025946 0.218919
0 0.560360 0.523649 0.034595 0.279730
0 0.586126 0.558446 0.042883 0.204730
0 0.617297 0.545946 0.038919 0.200000
0 0.651532 0.531081 0.058378 0.193243
0 0.681261 0.510135 0.071712 0.164865
0 0.700000 0.445946 0.047928 0.085135
0 0.507027 0.776351 0.023784 0.195946
0 0.524144 0.773986 0.024865 0.193919
0 0.552432 0.779730 0.033874 0.221622
0 0.577117 0.770270 0.035676 0.205405
0 0.613333 0.751689 0.054054 0.187162
0 0.654234 0.727365 0.077477 0.189865
0 0.699640 0.689527 0.078198 0.189865
0 0.739099 0.657770 0.046847 0.099324
0 0.489550 0.776351 0.027748 0.195946
0 0.472613 0.772635 0.037838 0.176351
0 0.444865 0.783784 0.032072 0.232432
0 0.414955 0.795946 0.033514 0.190541
0 0.388649 0.758108 0.053694 0.182432
0 0.348288 0.733784 0.078198 0.190541
0 0.303243 0.699324 0.073874 0.186486
0 0.260721 0.672635 0.044324 0.097973