0 0.474414 0.484797 0.034955 0.253378
0 0.454234 0.483784 0.025586 0.236486
0 0.431892 0.474662 0.029910 0.252027
0 0.410270 0.491554 0.034955 0.222297
0 0.383243 0.485135 0.034955 0.213514
0 0.352973 0.485811 0.044324 0.179730
0 0.316937 0.466216 0.043604 0.163514
0 0.302883 0.408446 0.041441 0.076351
0 0.503063 0.485811 0.029550 0.250000
0 0.525405 0.491892 0.028829 0.228378
0 0.546486 0.481081 0.032072 0.256757
0 0.567568 0.502027 0.039640 0.229730
0 0.594414 0.490203 0.037117 0.237162
0 0.624685 0.494257 0.050090 0.193919
0 0.663784 0.473649 0.053333 0.190541
0 0.683423 0.430743 0.033514 0.081757
0 0.496577 0.702027 0.018018 0.164865
0 0.510991 0.717568 0.025225 0.193243
0 0.527748 0.732432 0.032072 0.218919
0 0.552072 0.733784 0.032432 0.218919
0 0.573874 0.712500 0.040721 0.206081
0 0.610270 0.683108 0.073874 0.197297
0 0.657297 0.651014 0.077117 0.180405
0 0.716036 0.625676 0.063423 0.100000
0 0.482162 0.711149 0.018739 0.187162
0 0.464865 0.706081 0.023063 0.174324
0 0.452072 0.721622 0.029189 0.239189
0 0.421802 0.712500 0.040721 0.207432
0 0.401081 0.695270 0.048288 0.193243
0 0.367207 0.671959 0.067027 0.193919
0 0.320180 0.639189 0.073153 0.170270
0 0.276757 0.611149 0.048288 0.107432