0 0.465225 0.403378 0.030991 0.267568
0 0.445766 0.409122 0.025225 0.229054
0 0.422523 0.395946 0.029189 0.241892
0 0.402162 0.395946 0.038198 0.206757
0 0.376577 0.369257 0.039640 0.220946
0 0.350090 0.354392 0.055856 0.206081
0 0.321802 0.327027 0.068468 0.179730
0 0.307928 0.262500 0.045766 0.093919
0 0.495495 0.398649 0.032432 0.274324
0 0.516216 0.395946 0.027027 0.243243
0 0.538919 0.360473 0.031351 0.293919
0 0.561081 0.364865 0.046126 0.259459
0 0.583784 0.357095 0.049730 0.223649
0 0.609189 0.341892 0.073153 0.214865
0 0.635856 0.302365 0.096937 0.207432
0 0.651712 0.222635 0.066667 0.146622
0 0.490090 0.640878 0.018018 0.179054
0 0.508649 0.642230 0.022703 0.196622
0 0.531712 0.665541 0.037838 0.206757
0 0.551351 0.643581 0.043964 0.188514
0 0.578919 0.630743 0.052973 0.206081
0 0.619820 0.586824 0.079279 0.210135
0 0.658198 0.546622 0.082523 0.197297
0 0.722162 0.514865 0.082162 0.145946
0 0.470631 0.634797 0.030270 0.184459
0 0.455135 0.646959 0.029550 0.189865
0 0.432252 0.658784 0.036396 0.194595
0 0.404685 0.640878 0.054054 0.189865
0 0.380541 0.626351 0.057658 0.186486
0 0.347027 0.593243 0.078559 0.197297
0 0.310991 0.558446 0.070631 0.181757
0 0.257477 0.518919 0.073874 0.136486