0 0.396083 0.465943 0.049110 0.222993
0 0.425977 0.398551 0.138793 0.235007
0 0.445550 0.475287 0.042703 0.252358
0 0.247328 0.641500 0.084695 0.194838
0 0.300353 0.662851 0.083986 0.186838
0 0.345550 0.695547 0.098933 0.222865
0 0.399643 0.711561 0.043416 0.206851
0 0.426688 0.731578 0.034876 0.230872
0 0.454445 0.724240 0.033452 0.234872
0 0.475443 0.710895 0.029892 0.210858
0 0.492169 0.712895 0.023488 0.225534
0 0.510317 0.714899 0.017081 0.240216
0 0.531314 0.722240 0.027759 0.230872
0 0.555514 0.732912 0.032029 0.265568
0 0.587542 0.734916 0.047690 0.253561
0 0.370105 0.474618 0.034162 0.210993
0 0.340923 0.447257 0.048396 0.244351
0 0.297861 0.438584 0.053380 0.202980
0 0.279357 0.367858 0.067614 0.184297
0 0.582204 0.456601 0.045553 0.239014
0 0.556227 0.469946 0.043416 0.233676
0 0.534162 0.463943 0.026335 0.259034
0 0.504623 0.474618 0.042703 0.237682
0 0.476155 0.476618 0.038436 0.241682
0 0.607472 0.445257 0.036299 0.243014
0 0.631670 0.434581 0.083276 0.245689
0 0.682204 0.415233 0.083276 0.247020
0 0.707115 0.369855 0.098930 0.241682
0 0.772240 0.621483 0.095377 0.154804
0 0.716368 0.670189 0.106047 0.222865
0 0.664054 0.708226 0.103914 0.237547
0 0.616013 0.734916 0.053380 0.258899