0 0.572429 0.696142 0.031899 0.103527
0 0.375921 0.705889 0.071524 0.123020
0 0.589676 0.773486 0.058465 0.153473
0 0.550049 0.803939 0.049373 0.180270
0 0.439524 0.702047 0.030227 0.091351
0 0.605559 0.674220 0.050086 0.103534
0 0.529555 0.741209 0.022800 0.179054
0 0.660159 0.730855 0.088995 0.214372
0 0.715052 0.724159 0.068858 0.140074
0 0.438607 0.825861 0.051384 0.207061
0 0.506492 0.736946 0.026050 0.146162
0 0.613355 0.518247 0.047488 0.169426
0 0.754321 0.627932 0.053982 0.101095
0 0.574411 0.433591 0.050025 0.202318
0 0.546121 0.546264 0.050735 0.176730
0 0.526306 0.555399 0.035791 0.204757
0 0.406105 0.800280 0.042335 0.141291
0 0.464917 0.548091 0.036443 0.204750
0 0.290495 0.398274 0.066973 0.102439
0 0.323303 0.439074 0.055932 0.145068
0 0.494474 0.557226 0.030598 0.196223
0 0.353834 0.502416 0.062429 0.213277
0 0.580223 0.584024 0.029297 0.086601
0 0.444130 0.604730 0.029946 0.089041
0 0.446728 0.454912 0.054631 0.203527
0 0.592892 0.516422 0.055932 0.156034
0 0.645186 0.515206 0.061780 0.187696
0 0.392809 0.526166 0.055932 0.204750
0 0.416521 0.537736 0.056580 0.188919
0 0.330124 0.725375 0.099456 0.215588
0 0.419450 0.687689 0.041870 0.108973
0 0.616277 0.780794 0.048137 0.131547
0 0.550667 0.694926 0.032548 0.074297
0 0.715647 0.389439 0.053816 0.081378
0 0.278479 0.716848 0.076721 0.144939
0 0.690258 0.453318 0.075946 0.132635
0 0.487004 0.740601 0.020854 0.172959
0 0.465566 0.727811 0.031247 0.140068
0 0.367892 0.813068 0.079993 0.162878
0 0.242099 0.628541 0.066324 0.116932