0 0.486306 0.461824 0.037117 0.293919
0 0.458739 0.447973 0.034595 0.286486
0 0.426126 0.413176 0.044324 0.320946
0 0.395676 0.436149 0.046847 0.270946
0 0.361261 0.470270 0.045766 0.191892
0 0.318198 0.465203 0.059099 0.188514
0 0.283423 0.404392 0.051532 0.141216
0 0.520541 0.486824 0.032793 0.241216
0 0.547207 0.468243 0.032793 0.254054
0 0.580901 0.432770 0.039640 0.310135
0 0.610811 0.458446 0.041802 0.245270
0 0.641802 0.481081 0.040360 0.185135
0 0.680180 0.464865 0.052973 0.197297
0 0.714414 0.408784 0.050090 0.164865
0 0.518739 0.732432 0.022703 0.218919
0 0.539820 0.733784 0.025225 0.228378
0 0.568108 0.735473 0.031351 0.258784
0 0.599820 0.728378 0.034955 0.222973
0 0.637117 0.723311 0.043964 0.212838
0 0.688829 0.697635 0.081081 0.203378
0 0.738559 0.676689 0.069550 0.161486
0 0.495676 0.733108 0.025586 0.224324
0 0.471892 0.730068 0.027748 0.220946
0 0.439279 0.743919 0.041081 0.275676
0 0.407748 0.729392 0.042162 0.222297
0 0.365946 0.722973 0.056577 0.206757
0 0.316757 0.692905 0.086486 0.202027
0 0.260901 0.678378 0.075676 0.162162