0 0.481261 0.519257 0.035676 0.157432
0 0.453153 0.465541 0.038559 0.116216
0 0.423784 0.378716 0.041802 0.103378
0 0.406847 0.448649 0.042523 0.102703
0 0.376396 0.448649 0.041441 0.089189
0 0.328288 0.467568 0.057658 0.155405
0 0.296216 0.410135 0.054054 0.098649
0 0.530631 0.495270 0.039279 0.174324
0 0.559640 0.483108 0.032432 0.122973
0 0.582523 0.407770 0.037838 0.102027
0 0.596396 0.477365 0.039640 0.097973
0 0.623063 0.471622 0.039640 0.082432
0 0.665586 0.475000 0.059099 0.166216
0 0.699820 0.417568 0.054775 0.102703
0 0.512793 0.701014 0.023784 0.156081
0 0.538739 0.769257 0.022342 0.156081
0 0.566847 0.808446 0.041802 0.092568
0 0.587027 0.749324 0.033874 0.068919
0 0.630991 0.748986 0.044685 0.068243
0 0.679279 0.684797 0.059820 0.160135
0 0.735856 0.673649 0.053333 0.106757
0 0.485586 0.694595 0.024144 0.152703
0 0.460901 0.743243 0.033153 0.143243
0 0.431351 0.807095 0.043243 0.102027
0 0.408829 0.745270 0.036396 0.070270
0 0.368288 0.735135 0.035315 0.070270
0 0.318739 0.678716 0.070991 0.164189
0 0.264685 0.666554 0.052252 0.100676
0 0.511171 0.543919 0.021261 0.143243
0 0.451171 0.525000 0.024505 0.148649
0 0.427748 0.513514 0.028108 0.160811
0 0.402703 0.537500 0.040000 0.108784
0 0.368108 0.535473 0.043604 0.102027
0 0.552793 0.555068 0.019459 0.111486
0 0.574595 0.533446 0.024144 0.152027
0 0.598378 0.551689 0.040000 0.111486
0 0.630090 0.533108 0.042162 0.158108
0 0.535315 0.667905 0.015495 0.114189
0 0.555676 0.687838 0.020901 0.156757
0 0.583964 0.667905 0.037838 0.123649
0 0.626306 0.677703 0.069189 0.148649
0 0.468108 0.646959 0.025946 0.087162
0 0.444505 0.675338 0.024144 0.153378
0 0.412072 0.656419 0.044324 0.133108
0 0.371892 0.672635 0.063423 0.165541