0 0.480360 0.410811 0.027387 0.218919
0 0.463063 0.405405 0.030270 0.240541
0 0.436757 0.404392 0.029550 0.245270
0 0.418198 0.426689 0.033514 0.191216
0 0.395135 0.436149 0.032793 0.184459
0 0.359279 0.432432 0.050450 0.190541
0 0.313333 0.424662 0.045766 0.180405
0 0.506847 0.413514 0.027748 0.222973
0 0.530991 0.424662 0.022703 0.195270
0 0.556396 0.424662 0.037477 0.216892
0 0.570991 0.424324 0.040000 0.217568
0 0.597838 0.422973 0.047568 0.221622
0 0.626847 0.422297 0.054414 0.212162
0 0.671712 0.419932 0.048288 0.199324
0 0.506486 0.635135 0.018378 0.190541
0 0.521081 0.634797 0.020901 0.204730
0 0.540000 0.647297 0.023423 0.222973
0 0.558378 0.645608 0.027748 0.208784
0 0.580180 0.645270 0.032432 0.200000
0 0.624144 0.646622 0.072793 0.194595
0 0.672072 0.625000 0.066306 0.194595
0 0.730090 0.594595 0.068468 0.139189
0 0.490991 0.637500 0.017658 0.179054
0 0.476216 0.641554 0.021261 0.207432
0 0.460901 0.656081 0.030270 0.227027
0 0.436757 0.656419 0.030991 0.222297
0 0.412432 0.646959 0.032793 0.193919
0 0.371351 0.650338 0.060180 0.214189
0 0.324865 0.621284 0.070270 0.179054
0 0.270270 0.605405 0.064144 0.125676