0 0.482342 0.479054 0.032072 0.217568
0 0.456577 0.471622 0.028108 0.214865
0 0.429550 0.446622 0.033153 0.236486
0 0.408108 0.440541 0.041441 0.239189
0 0.378378 0.452703 0.041081 0.201351
0 0.341802 0.447297 0.055856 0.168919
0 0.311712 0.401689 0.072793 0.166892
0 0.291892 0.323649 0.051171 0.105405
0 0.513694 0.470608 0.029910 0.210135
0 0.538559 0.466554 0.031351 0.204730
0 0.564685 0.436149 0.032432 0.212838
0 0.587027 0.438514 0.038198 0.198649
0 0.612252 0.429392 0.040360 0.196622
0 0.651351 0.423649 0.052973 0.182432
0 0.677297 0.383784 0.076036 0.168919
0 0.702703 0.309459 0.048288 0.101351
0 0.518378 0.694257 0.023423 0.157432
0 0.531171 0.680068 0.027387 0.188514
0 0.554414 0.700676 0.032072 0.168919
0 0.578378 0.679730 0.051892 0.178378
0 0.613333 0.665541 0.069910 0.163514
0 0.659640 0.639865 0.088288 0.182432
0 0.709910 0.605743 0.072793 0.160135
0 0.748468 0.547973 0.051892 0.108108
0 0.496396 0.700000 0.021982 0.166216
0 0.477658 0.690541 0.029910 0.175676
0 0.449369 0.712838 0.038919 0.183784
0 0.424324 0.701351 0.044324 0.171622
0 0.383604 0.687162 0.070270 0.163514
0 0.336396 0.650338 0.096216 0.177703
0 0.294414 0.611824 0.064865 0.168243
0 0.245045 0.560135 0.054775 0.110811