0 0.470270 0.460135 0.030270 0.213514
0 0.443243 0.436149 0.025225 0.241216
0 0.417297 0.421622 0.033153 0.275676
0 0.390991 0.434797 0.033153 0.219595
0 0.362883 0.432770 0.033153 0.215541
0 0.333874 0.429392 0.043604 0.196622
0 0.297838 0.419932 0.045045 0.183108
0 0.278018 0.349662 0.040721 0.162838
0 0.497838 0.428378 0.032793 0.283784
0 0.522342 0.449324 0.027027 0.214865
0 0.547387 0.416892 0.036036 0.262162
0 0.573333 0.422635 0.038198 0.230405
0 0.598378 0.422973 0.040000 0.218919
0 0.633153 0.414189 0.049730 0.212162
0 0.675315 0.407095 0.047568 0.192568
0 0.701261 0.348649 0.046847 0.155405
0 0.497117 0.684459 0.020541 0.209459
0 0.514595 0.672973 0.023784 0.182432
0 0.537117 0.683446 0.032072 0.227703
0 0.562703 0.664189 0.034955 0.202703
0 0.588468 0.653378 0.041081 0.194595
0 0.626306 0.636486 0.064865 0.191892
0 0.670991 0.611486 0.067027 0.181081
0 0.740360 0.636149 0.001081 0.002027
0 0.721441 0.587162 0.066306 0.145946
0 0.478378 0.697297 0.021982 0.228378
0 0.460180 0.682095 0.022342 0.193919
0 0.436757 0.697297 0.028829 0.229730
0 0.408649 0.683446 0.040360 0.216892
0 0.385405 0.667905 0.041441 0.204730
0 0.348829 0.648311 0.063423 0.196622
0 0.309009 0.622973 0.060180 0.181081
0 0.266486 0.582095 0.057297 0.141216