0 0.483964 0.525000 0.027387 0.240541
0 0.465225 0.523311 0.035315 0.206081
0 0.451712 0.435473 0.031351 0.206081
0 0.429009 0.452703 0.038559 0.185135
0 0.399279 0.458108 0.040360 0.136486
0 0.367748 0.515203 0.049369 0.191216
0 0.338378 0.452703 0.049730 0.110811
0 0.309910 0.400676 0.032432 0.052703
0 0.513333 0.525338 0.027027 0.230405
0 0.531171 0.512838 0.029550 0.220270
0 0.549910 0.441554 0.027387 0.212838
0 0.563063 0.444257 0.036396 0.193919
0 0.593153 0.445270 0.040360 0.148649
0 0.630450 0.504054 0.046486 0.213514
0 0.652973 0.439527 0.052613 0.119595
0 0.679099 0.394932 0.031351 0.043919
0 0.512613 0.767905 0.022703 0.203378
0 0.533694 0.769595 0.023784 0.191892
0 0.556216 0.834122 0.040000 0.168243
0 0.582162 0.799324 0.035676 0.171622
0 0.621802 0.814865 0.040000 0.120270
0 0.650450 0.722635 0.077838 0.195270
0 0.706306 0.713176 0.059820 0.127703
0 0.729369 0.608784 0.020180 0.050000
0 0.492793 0.770270 0.021982 0.213514
0 0.472432 0.776351 0.028829 0.208108
0 0.449730 0.837500 0.037477 0.179054
0 0.421622 0.797973 0.036036 0.164865
0 0.381441 0.819257 0.039279 0.131757
0 0.343063 0.726351 0.086486 0.187838
0 0.290090 0.723986 0.056937 0.119595
0 0.442342 0.554730 0.021982 0.144595
0 0.421982 0.567905 0.036757 0.103378
0 0.401441 0.561486 0.045405 0.120270
0 0.573514 0.567905 0.034955 0.095270
0 0.596036 0.557770 0.037477 0.114189
0 0.554775 0.717230 0.020541 0.100676
0 0.574955 0.700338 0.035676 0.081757
0 0.608108 0.717230 0.057297 0.139865
0 0.449550 0.731419 0.024865 0.137162
0 0.427748 0.703378 0.033874 0.081081
0 0.392432 0.713851 0.062703 0.130405