0 0.666005 0.699189 0.118879 0.182703
0 0.349611 0.409845 0.059178 0.128014
0 0.645488 0.515639 0.073470 0.193791
0 0.372674 0.487189 0.053333 0.187703
0 0.503569 0.741818 0.031895 0.172959
0 0.459072 0.716240 0.041640 0.112061
0 0.425290 0.715632 0.058530 0.110845
0 0.564308 0.814899 0.049438 0.146162
0 0.585097 0.598639 0.055932 0.108520
0 0.348960 0.676652 0.099456 0.186358
0 0.296667 0.638895 0.053333 0.125453
0 0.373973 0.763135 0.050735 0.110838
0 0.567881 0.596814 0.035791 0.131669
0 0.439582 0.836824 0.054631 0.158338
0 0.439584 0.498760 0.040342 0.101223
0 0.591268 0.763132 0.043589 0.193669
0 0.571778 0.458568 0.044890 0.154811
0 0.549043 0.574277 0.027996 0.152378
0 0.413598 0.794193 0.042937 0.148601
0 0.478885 0.760088 0.025402 0.165649
0 0.615953 0.567578 0.052685 0.143845
0 0.562683 0.713193 0.031895 0.093791
0 0.720216 0.653510 0.071524 0.110845
0 0.407751 0.572453 0.048137 0.100000
0 0.436659 0.590720 0.030595 0.112182
0 0.523414 0.571845 0.037676 0.198662
0 0.630926 0.773486 0.053917 0.107189
0 0.452899 0.591328 0.031895 0.113399
0 0.495157 0.489625 0.069506 0.207182
0 0.474013 0.523730 0.032544 0.170649
0 0.458097 0.433598 0.038393 0.158466
0 0.413274 0.487189 0.040991 0.097568
0 0.521108 0.747301 0.031895 0.166872
0 0.538000 0.752780 0.043589 0.175399
0 0.670845 0.442122 0.074123 0.134108