0 0.480901 0.517905 0.037838 0.172297
0 0.453694 0.518243 0.033153 0.156757
0 0.428468 0.468243 0.037477 0.120270
0 0.417658 0.541892 0.038919 0.101351
0 0.396396 0.514189 0.044685 0.097297
0 0.351532 0.572973 0.052973 0.166216
0 0.320360 0.504730 0.055495 0.091892
0 0.520000 0.524662 0.041081 0.164189
0 0.544505 0.517905 0.035315 0.146622
0 0.574595 0.473649 0.037117 0.125676
0 0.582703 0.547973 0.044685 0.094595
0 0.605225 0.521284 0.042162 0.093919
0 0.648468 0.568243 0.057297 0.170270
0 0.686667 0.510135 0.058018 0.105405
0 0.507748 0.775000 0.023784 0.194595
0 0.526486 0.822973 0.030270 0.137838
0 0.551171 0.862162 0.033514 0.114865
0 0.577297 0.821959 0.038198 0.093919
0 0.645946 0.744932 0.078919 0.176351
0 0.707748 0.766892 0.056216 0.094595
0 0.487207 0.772973 0.025225 0.191892
0 0.463063 0.822297 0.030270 0.135135
0 0.436396 0.858108 0.033153 0.113514
0 0.414414 0.813176 0.036036 0.092568
0 0.373514 0.824324 0.037838 0.079730
0 0.346306 0.744257 0.072793 0.168243
0 0.290991 0.760811 0.052252 0.090541
0 0.489189 0.609797 0.024144 0.084459
0 0.464324 0.597635 0.026306 0.114189
0 0.443604 0.590541 0.025946 0.150000
0 0.418378 0.614527 0.037477 0.104730
0 0.390811 0.599662 0.043604 0.120946
0 0.514234 0.622973 0.025225 0.086486
0 0.538378 0.603716 0.021622 0.115541
0 0.562883 0.584459 0.030991 0.154054
0 0.580721 0.619595 0.039279 0.100000
0 0.608649 0.600338 0.045405 0.116892
0 0.528468 0.738851 0.020541 0.134459
0 0.543063 0.751014 0.025225 0.156081
0 0.596216 0.728716 0.056577 0.108784
0 0.467748 0.732432 0.018018 0.131081
0 0.449009 0.766892 0.023063 0.194595
0 0.391712 0.740541 0.057658 0.129730