0 0.476216 0.496622 0.038559 0.271622
0 0.442523 0.492905 0.036036 0.245270
0 0.426847 0.392230 0.040000 0.188514
0 0.395676 0.456081 0.041802 0.155405
0 0.364865 0.428041 0.037838 0.139865
0 0.317477 0.445608 0.061261 0.211486
0 0.296396 0.382432 0.057297 0.125676
0 0.513694 0.495270 0.035676 0.271622
0 0.543964 0.485473 0.036396 0.257432
0 0.563964 0.391216 0.039640 0.170270
0 0.588468 0.444595 0.045405 0.143243
0 0.620541 0.426351 0.043243 0.116216
0 0.666126 0.453041 0.069550 0.185811
0 0.690811 0.379730 0.064144 0.121622
0 0.498559 0.728041 0.027748 0.183108
0 0.525225 0.728378 0.029910 0.194595
0 0.558559 0.801014 0.061261 0.162838
0 0.585405 0.741216 0.054414 0.131081
0 0.634955 0.731419 0.043243 0.129054
0 0.674054 0.652703 0.089730 0.208108
0 0.728829 0.642905 0.068829 0.137162
0 0.475315 0.734122 0.026667 0.187162
0 0.439279 0.800338 0.054054 0.172297
0 0.401081 0.761824 0.046126 0.141216
0 0.350991 0.753716 0.038198 0.125000
0 0.314595 0.671622 0.089369 0.212162
0 0.261081 0.660135 0.070991 0.150000
0 0.412973 0.516216 0.030270 0.154054
0 0.387387 0.542568 0.037477 0.095946
0 0.355495 0.510135 0.044324 0.136486
0 0.571712 0.517230 0.035676 0.156081
0 0.599279 0.533446 0.038919 0.097973
0 0.630090 0.515878 0.048649 0.110135
0 0.552793 0.683784 0.025225 0.121622
0 0.581081 0.658784 0.046486 0.101351
0 0.615315 0.647973 0.058739 0.128378
0 0.453153 0.696959 0.023423 0.104730
0 0.431712 0.695946 0.028108 0.124324
0 0.404505 0.677027 0.047207 0.105405
0 0.368649 0.672297 0.059820 0.148649