0 0.475856 0.477703 0.025586 0.270270
0 0.452072 0.473649 0.024865 0.245946
0 0.427387 0.478716 0.032432 0.247973
0 0.409550 0.477703 0.041441 0.229730
0 0.392072 0.485811 0.054054 0.194595
0 0.351532 0.476014 0.046486 0.207432
0 0.310991 0.468919 0.043243 0.177027
0 0.293333 0.412500 0.061982 0.110135
0 0.501441 0.484797 0.024144 0.264189
0 0.528288 0.471622 0.028829 0.272973
0 0.547568 0.495608 0.029910 0.247973
0 0.569730 0.492905 0.038198 0.238514
0 0.590450 0.482770 0.040721 0.247973
0 0.630811 0.480743 0.065225 0.237162
0 0.664685 0.468581 0.056577 0.220946
0 0.684144 0.425338 0.068108 0.126351
0 0.487207 0.736486 0.030270 0.218919
0 0.500541 0.743919 0.043243 0.239189
0 0.519459 0.744257 0.045045 0.233108
0 0.552793 0.722635 0.035315 0.189865
0 0.581261 0.717568 0.042523 0.204054
0 0.623423 0.697297 0.076396 0.190541
0 0.669550 0.660811 0.074955 0.164865
0 0.473333 0.720946 0.022703 0.193243
0 0.454775 0.723311 0.025225 0.203378
0 0.434955 0.724662 0.023784 0.214189
0 0.410090 0.720270 0.028829 0.213514
0 0.383243 0.700000 0.042162 0.206757
0 0.349730 0.666892 0.058018 0.168919
0 0.306306 0.636824 0.067027 0.160135
0 0.260180 0.620608 0.051892 0.115541