0 0.653631 0.509723 0.070872 0.164554
0 0.721515 0.668128 0.066324 0.135203
0 0.277180 0.381220 0.050735 0.087818
0 0.414897 0.696750 0.049434 0.116932
0 0.575386 0.833777 0.061063 0.147378
0 0.357407 0.761916 0.069575 0.132764
0 0.587694 0.477446 0.039041 0.163338
0 0.491876 0.743037 0.030598 0.160777
0 0.450950 0.535301 0.035795 0.203534
0 0.338924 0.479274 0.061063 0.223020
0 0.435360 0.838044 0.053986 0.141291
0 0.538000 0.743037 0.033196 0.175399
0 0.622157 0.688834 0.055867 0.105966
0 0.439258 0.716848 0.038393 0.157128
0 0.427564 0.577321 0.033196 0.104872
0 0.326550 0.689443 0.093611 0.185142
0 0.750099 0.582865 0.052032 0.108405
0 0.235604 0.597483 0.052036 0.120588
0 0.313915 0.423855 0.066908 0.141412
0 0.266461 0.673611 0.073470 0.131547
0 0.372348 0.562706 0.059182 0.129236
0 0.641969 0.766787 0.055218 0.137642
0 0.589677 0.686399 0.041575 0.101095
0 0.402555 0.495105 0.074119 0.120709
0 0.422369 0.420199 0.055283 0.148723
0 0.515263 0.749125 0.027996 0.160777
0 0.474986 0.531649 0.044890 0.235203
0 0.406452 0.580368 0.039045 0.091480
0 0.672795 0.426899 0.071521 0.137757
0 0.380142 0.450037 0.061777 0.166993
0 0.606241 0.781402 0.061715 0.149818
0 0.609458 0.452476 0.051384 0.196223
0 0.566582 0.571233 0.026699 0.097561
0 0.617577 0.573057 0.046836 0.076858
0 0.534101 0.526166 0.057881 0.216926
0 0.512663 0.536473 0.038393 0.244946
0 0.671852 0.674216 0.095495 0.171743
0 0.408077 0.792365 0.051384 0.164432
0 0.563009 0.415324 0.046840 0.170649
0 0.586395 0.591943 0.041640 0.068331
0 0.705598 0.369041 0.065676 0.102432
0 0.565641 0.700402 0.046771 0.131547
0 0.381441 0.660209 0.052685 0.082824
0 0.463294 0.740601 0.038393 0.160784