0 0.475676 0.463851 0.029550 0.208784
0 0.452432 0.458108 0.029910 0.208108
0 0.424324 0.454054 0.034955 0.222973
0 0.405766 0.471622 0.044685 0.187838
0 0.377117 0.460135 0.034955 0.197297
0 0.342342 0.463851 0.052613 0.185811
0 0.307928 0.431419 0.056577 0.165541
0 0.288468 0.351351 0.049369 0.100000
0 0.504324 0.456419 0.029189 0.225000
0 0.526667 0.458446 0.026306 0.189865
0 0.554054 0.451351 0.033514 0.229730
0 0.574955 0.445946 0.043604 0.236486
0 0.603964 0.453378 0.039640 0.213514
0 0.643423 0.463851 0.053694 0.185811
0 0.682342 0.433446 0.050811 0.176351
0 0.706667 0.354392 0.053333 0.102027
0 0.499640 0.682095 0.021261 0.179054
0 0.517117 0.689189 0.030991 0.198649
0 0.538739 0.698649 0.033874 0.217568
0 0.568108 0.694932 0.034955 0.200676
0 0.600000 0.697973 0.043964 0.201351
0 0.644685 0.676689 0.080721 0.196622
0 0.694054 0.638514 0.069189 0.174324
0 0.479459 0.692568 0.020541 0.187838
0 0.460541 0.694257 0.025225 0.191216
0 0.438198 0.703378 0.034595 0.216216
0 0.410450 0.693243 0.032432 0.195946
0 0.375135 0.695270 0.049009 0.197297
0 0.338739 0.680405 0.068468 0.205405
0 0.293874 0.636149 0.058739 0.175000
0 0.253153 0.594595 0.041441 0.095946