0 0.483063 0.538176 0.029910 0.227703
0 0.455495 0.519932 0.030270 0.231757
0 0.428649 0.437500 0.049369 0.180405
0 0.412252 0.505405 0.041081 0.193243
0 0.381802 0.487500 0.039279 0.127703
0 0.347928 0.522973 0.053694 0.197297
0 0.321081 0.456419 0.051171 0.154730
0 0.296216 0.402365 0.039640 0.053378
0 0.515676 0.555068 0.030270 0.206081
0 0.544324 0.547297 0.025586 0.206757
0 0.569369 0.467568 0.046126 0.170270
0 0.585766 0.555405 0.043604 0.164865
0 0.615315 0.499324 0.042883 0.127027
0 0.653694 0.549324 0.053333 0.179730
0 0.683964 0.493243 0.051171 0.128378
0 0.705946 0.423311 0.045405 0.076351
0 0.510090 0.740541 0.024865 0.168919
0 0.536036 0.750338 0.027027 0.193919
0 0.568649 0.849662 0.055495 0.169595
0 0.590090 0.797973 0.041441 0.137838
0 0.637838 0.799662 0.043964 0.112838
0 0.683604 0.737162 0.085766 0.187838
0 0.735135 0.751689 0.064144 0.134459
0 0.763604 0.656419 0.037477 0.089865
0 0.484865 0.738514 0.024865 0.170270
0 0.456937 0.740541 0.033153 0.187838
0 0.434054 0.827365 0.043604 0.173649
0 0.403784 0.793581 0.041441 0.127703
0 0.327207 0.726351 0.081441 0.194595
0 0.269910 0.737838 0.060541 0.133784
0 0.241802 0.653378 0.031712 0.074324
0 0.433153 0.563851 0.024505 0.141216
0 0.385045 0.580068 0.045766 0.097973
0 0.565045 0.569595 0.024505 0.145946
0 0.616216 0.580743 0.041802 0.119595
0 0.563243 0.723986 0.025946 0.103378
0 0.588288 0.711486 0.040721 0.089189
0 0.627207 0.712838 0.057297 0.102703
0 0.428288 0.710135 0.024144 0.100000
0 0.378559 0.707432 0.060901 0.112162