0 0.468288 0.527365 0.036396 0.191216
0 0.444144 0.507432 0.040000 0.202703
0 0.411712 0.524324 0.032793 0.182432
0 0.385405 0.509797 0.032072 0.189865
0 0.352432 0.494932 0.043964 0.184459
0 0.321802 0.465541 0.060541 0.179730
0 0.507027 0.535135 0.039640 0.194595
0 0.533514 0.535135 0.025586 0.186486
0 0.560901 0.535473 0.029910 0.193919
0 0.581622 0.530068 0.038198 0.200676
0 0.597658 0.508446 0.036396 0.215541
0 0.634775 0.518581 0.047928 0.170946
0 0.666667 0.494257 0.054775 0.180405
0 0.692072 0.433446 0.048649 0.093919
0 0.512793 0.728378 0.034595 0.166216
0 0.526126 0.717568 0.052613 0.185135
0 0.541802 0.746622 0.030631 0.178378
0 0.562162 0.728716 0.036036 0.175000
0 0.588468 0.732432 0.036036 0.193243
0 0.634775 0.717230 0.076757 0.204730
0 0.674054 0.683446 0.064505 0.176351
0 0.725946 0.660135 0.049369 0.095946
0 0.491712 0.725676 0.039279 0.150000
0 0.472973 0.714527 0.037838 0.164189
0 0.443604 0.721622 0.046126 0.193243
0 0.420901 0.718243 0.039640 0.189189
0 0.392252 0.717568 0.034955 0.175676
0 0.349730 0.702027 0.071712 0.206757
0 0.307387 0.673649 0.064865 0.167568
0 0.262523 0.639189 0.045045 0.100000