0 0.254447 0.688209 0.069038 0.114770
0 0.724910 0.710226 0.061921 0.148128
0 0.689323 0.405220 0.079005 0.181628
0 0.653735 0.484628 0.076155 0.249689
0 0.609607 0.564030 0.057650 0.136250
0 0.609605 0.450598 0.059074 0.165615
0 0.582915 0.439922 0.052670 0.165615
0 0.561209 0.514652 0.036299 0.181628
0 0.535941 0.527328 0.031319 0.116236
0 0.674732 0.690875 0.103914 0.232209
0 0.570816 0.366524 0.042706 0.165615
0 0.537364 0.453932 0.038432 0.126919
0 0.503200 0.496635 0.049823 0.212324
0 0.474018 0.481956 0.052670 0.231007
0 0.542346 0.698216 0.027049 0.230878
0 0.505690 0.678196 0.040569 0.206851
0 0.522061 0.670189 0.029182 0.180162
0 0.546261 0.804976 0.057654 0.153466
0 0.577933 0.665520 0.064054 0.138784
0 0.576155 0.760270 0.069038 0.157473
0 0.626688 0.756936 0.064771 0.100088
0 0.483984 0.665520 0.031319 0.221527
0 0.460141 0.662186 0.026335 0.198845
0 0.442703 0.619480 0.027049 0.129446
0 0.447685 0.776284 0.039859 0.136122
0 0.444126 0.456601 0.046977 0.142932
0 0.453022 0.495304 0.022065 0.182959
0 0.421705 0.495304 0.046263 0.169622
0 0.401422 0.530000 0.054094 0.132257
0 0.368324 0.515321 0.054804 0.161615
0 0.393948 0.435916 0.056227 0.120236
0 0.359786 0.398551 0.044840 0.144264
0 0.329535 0.453932 0.066905 0.225662
0 0.416368 0.336497 0.069751 0.177628
0 0.285762 0.391209 0.070465 0.148270
0 0.416724 0.717564 0.043416 0.117439
0 0.372951 0.744257 0.044130 0.122770
0 0.373308 0.644834 0.071885 0.134791
0 0.315301 0.669524 0.086832 0.197507