0 0.395085 0.727203 0.047488 0.172959
0 0.427240 0.746689 0.033845 0.199757
0 0.455175 0.736946 0.028649 0.160784
0 0.476285 0.750345 0.024101 0.197324
0 0.494476 0.747909 0.025398 0.194885
0 0.510389 0.742426 0.023452 0.164432
0 0.526955 0.739990 0.029297 0.174182
0 0.317780 0.657774 0.064375 0.148601
0 0.263863 0.640111 0.052685 0.101101
0 0.548068 0.747297 0.033845 0.181486
0 0.572787 0.738770 0.031182 0.154689
0 0.605593 0.733899 0.053917 0.164432
0 0.639697 0.715632 0.072757 0.169304
0 0.692315 0.676655 0.080551 0.164432
0 0.663699 0.493889 0.059831 0.135318
0 0.631357 0.543216 0.053056 0.153595
0 0.543847 0.549307 0.035795 0.192574
0 0.600362 0.549919 0.042288 0.164554
0 0.570805 0.552351 0.045539 0.181608
0 0.481483 0.561490 0.039694 0.197439
0 0.449650 0.549919 0.038393 0.179176
0 0.417171 0.546872 0.042292 0.170649
0 0.392485 0.538345 0.040991 0.173081
0 0.354809 0.517639 0.050086 0.170642
0 0.316481 0.506071 0.065676 0.149939
0 0.359031 0.706497 0.072822 0.175399
0 0.512663 0.555399 0.033196 0.199878