0 0.268688 0.716486 0.047748 0.154351
0 0.454369 0.527375 0.042382 0.199061
0 0.392705 0.446568 0.035766 0.182297
0 0.536036 0.543247 0.032843 0.167764
0 0.768241 0.671834 0.054840 0.093885
0 0.256694 0.453284 0.042144 0.099378
0 0.595942 0.548834 0.042977 0.190115
0 0.561411 0.601365 0.037020 0.078351
0 0.573587 0.454949 0.048342 0.199061
0 0.278852 0.484568 0.046497 0.135351
0 0.308658 0.545818 0.056032 0.173351
0 0.349787 0.526534 0.036959 0.156473
0 0.388236 0.553304 0.039939 0.176703
0 0.416818 0.529277 0.031654 0.195703
0 0.496128 0.529608 0.043514 0.196824
0 0.223714 0.679659 0.051859 0.105061
0 0.317277 0.723189 0.051932 0.183405
0 0.352141 0.748953 0.041787 0.154243
0 0.384659 0.778571 0.035171 0.144182
0 0.419501 0.797514 0.040595 0.180054
0 0.445132 0.722071 0.040591 0.183412
0 0.467486 0.719277 0.028076 0.180054
0 0.495532 0.718720 0.028014 0.178939
0 0.524710 0.724307 0.032843 0.190115
0 0.554841 0.791368 0.046497 0.174466
0 0.584944 0.741128 0.043517 0.156473
0 0.669591 0.716541 0.080472 0.185527
0 0.723236 0.685247 0.070933 0.169885
0 0.630216 0.544361 0.043575 0.194588
0 0.675223 0.536541 0.060861 0.174473
0 0.704431 0.492392 0.065632 0.124176
0 0.735726 0.444389 0.051921 0.097236
0 0.631141 0.762868 0.045301 0.137588