0 0.478198 0.510135 0.034595 0.229730
0 0.449910 0.494595 0.029189 0.225676
0 0.419820 0.456757 0.036757 0.245946
0 0.397658 0.491892 0.040721 0.200000
0 0.366667 0.493919 0.040721 0.190541
0 0.328108 0.476014 0.049369 0.206081
0 0.303964 0.422297 0.053694 0.141892
0 0.282162 0.362838 0.050450 0.087838
0 0.512252 0.504054 0.036396 0.237838
0 0.539820 0.494595 0.033153 0.227027
0 0.572252 0.476689 0.038919 0.246622
0 0.590991 0.514865 0.048288 0.177027
0 0.626486 0.503041 0.046486 0.192568
0 0.663243 0.482432 0.056577 0.200000
0 0.686847 0.416554 0.064144 0.152027
0 0.716036 0.367568 0.053333 0.087838
0 0.513153 0.723311 0.027387 0.160135
0 0.533874 0.732095 0.043604 0.176351
0 0.568829 0.772635 0.040000 0.227703
0 0.599099 0.734122 0.046486 0.192568
0 0.634955 0.719932 0.051892 0.176351
0 0.683243 0.700676 0.084324 0.197297
0 0.735315 0.678378 0.065946 0.147297
0 0.776757 0.627703 0.045766 0.101351
0 0.491351 0.722297 0.024144 0.155405
0 0.467387 0.724662 0.029550 0.184459
0 0.434234 0.744257 0.041081 0.195270
0 0.411712 0.736486 0.040721 0.217568
0 0.378919 0.719257 0.045045 0.204730
0 0.321441 0.697297 0.087928 0.186486
0 0.281802 0.660473 0.064865 0.170946
0 0.231892 0.625000 0.048649 0.104054