0 0.488288 0.466892 0.029550 0.195946
0 0.464324 0.450000 0.024865 0.239189
0 0.439099 0.435811 0.031351 0.255405
0 0.408829 0.457095 0.059459 0.216892
0 0.390631 0.461149 0.043964 0.211486
0 0.350631 0.454730 0.056937 0.210811
0 0.308829 0.456757 0.049730 0.178378
0 0.295495 0.375676 0.052613 0.108108
0 0.515676 0.458784 0.032432 0.227027
0 0.541081 0.454730 0.023423 0.212162
0 0.565405 0.420946 0.030991 0.270270
0 0.585045 0.437162 0.039279 0.232432
0 0.612432 0.443919 0.036396 0.218919
0 0.646306 0.428378 0.048649 0.218919
0 0.681982 0.417568 0.063063 0.202703
0 0.698378 0.348986 0.051892 0.100676
0 0.508288 0.676689 0.017658 0.189865
0 0.527568 0.673986 0.020901 0.187162
0 0.546847 0.685473 0.024865 0.220946
0 0.571712 0.683784 0.027027 0.198649
0 0.601802 0.681757 0.043243 0.181081
0 0.646306 0.661486 0.082523 0.194595
0 0.693153 0.624324 0.075315 0.171622
0 0.743604 0.599662 0.053694 0.111486
0 0.488829 0.682432 0.017658 0.194595
0 0.470090 0.686149 0.021261 0.184459
0 0.449009 0.698311 0.028108 0.216892
0 0.423423 0.697973 0.030270 0.200000
0 0.398559 0.698311 0.039640 0.199324
0 0.352252 0.686486 0.079640 0.204054
0 0.305405 0.652027 0.071712 0.177027
0 0.271532 0.675338 0.001802 0.002027
0 0.254234 0.638851 0.055135 0.111486