0 0.528288 0.646811 0.027935 0.190014
0 0.296049 0.307530 0.055867 0.152372
0 0.315865 0.394622 0.060414 0.192568
0 0.360686 0.409845 0.051319 0.205973
0 0.395768 0.415932 0.031831 0.218149
0 0.418470 0.432378 0.039694 0.216932
0 0.437959 0.406801 0.031895 0.192574
0 0.452250 0.435426 0.026699 0.227892
0 0.473688 0.427507 0.030598 0.209622
0 0.503245 0.435422 0.028645 0.213277
0 0.528254 0.445774 0.026699 0.204750
0 0.554564 0.445777 0.035146 0.219365
0 0.572787 0.427149 0.045467 0.237135
0 0.593883 0.415791 0.040955 0.232473
0 0.634467 0.417152 0.061128 0.198655
0 0.676043 0.393402 0.062429 0.177953
0 0.696180 0.314230 0.057232 0.114622
0 0.745227 0.553635 0.070872 0.181486
0 0.692932 0.590784 0.066324 0.207068
0 0.651389 0.613929 0.088350 0.199750
0 0.617285 0.666301 0.068213 0.211939
0 0.582856 0.666909 0.056515 0.200980
0 0.548425 0.654730 0.030530 0.208284
0 0.514321 0.642547 0.025982 0.191230
0 0.493209 0.632196 0.030533 0.163216
0 0.474694 0.643159 0.029885 0.177831
0 0.450982 0.648639 0.042223 0.196101
0 0.423375 0.649247 0.037676 0.194885
0 0.389562 0.647355 0.042937 0.210831
0 0.351234 0.624828 0.050735 0.185264
0 0.301137 0.583412 0.074274 0.168176
0 0.262886 0.542672 0.072822 0.149818