0 0.488829 0.485473 0.029910 0.242568
0 0.465405 0.475676 0.034955 0.218919
0 0.435856 0.425338 0.037838 0.341216
0 0.412432 0.455405 0.042883 0.227027
0 0.395856 0.448986 0.032072 0.207432
0 0.357658 0.459459 0.051532 0.167568
0 0.316937 0.425338 0.050811 0.170946
0 0.302703 0.326689 0.044685 0.069595
0 0.518559 0.466892 0.029550 0.275676
0 0.546126 0.491216 0.027748 0.189189
0 0.569910 0.473986 0.025586 0.234459
0 0.594595 0.469595 0.030270 0.217568
0 0.618919 0.445608 0.032793 0.234459
0 0.648829 0.441892 0.048649 0.214865
0 0.688288 0.432095 0.042523 0.179054
0 0.515315 0.687838 0.020901 0.145946
0 0.533153 0.691892 0.021261 0.168919
0 0.552973 0.698986 0.028468 0.200676
0 0.578018 0.684797 0.026667 0.177703
0 0.603243 0.668919 0.030991 0.177027
0 0.642883 0.640878 0.074955 0.179054
0 0.686306 0.600000 0.072432 0.155405
0 0.734955 0.593919 0.056577 0.118919
0 0.495495 0.690878 0.019459 0.146622
0 0.474595 0.686486 0.022342 0.150000
0 0.452793 0.677703 0.029189 0.172973
0 0.429009 0.681081 0.034234 0.187838
0 0.403964 0.663851 0.037477 0.172297
0 0.363243 0.635811 0.084324 0.175676
0 0.313153 0.596284 0.079279 0.168243
0 0.258378 0.578378 0.060541 0.118919