0 0.475495 0.571622 0.036396 0.170270
0 0.442703 0.533108 0.037838 0.116216
0 0.411532 0.458784 0.041081 0.135135
0 0.394775 0.560473 0.040000 0.111486
0 0.369730 0.504054 0.042523 0.117568
0 0.323784 0.555068 0.056577 0.170946
0 0.287568 0.492568 0.059820 0.118919
0 0.297297 0.241216 0.001441 0.002703
0 0.514414 0.571622 0.036396 0.164865
0 0.542703 0.512838 0.033153 0.135135
0 0.563423 0.419257 0.041441 0.156081
0 0.588468 0.527027 0.031712 0.101351
0 0.610631 0.480743 0.043604 0.119595
0 0.662342 0.535811 0.054054 0.170270
0 0.692973 0.468919 0.061261 0.129730
0 0.513333 0.749324 0.029189 0.171622
0 0.529910 0.760135 0.029189 0.145946
0 0.572973 0.857095 0.042523 0.131757
0 0.599099 0.778378 0.040721 0.106757
0 0.645586 0.802703 0.043604 0.097297
0 0.678919 0.718919 0.080000 0.175676
0 0.735495 0.701351 0.060541 0.108108
0 0.489369 0.752365 0.025946 0.172297
0 0.464865 0.761149 0.032432 0.153378
0 0.436036 0.864189 0.046126 0.132432
0 0.403423 0.805743 0.044324 0.108784
0 0.353874 0.823986 0.045405 0.095270
0 0.314234 0.739189 0.082162 0.187838
0 0.252793 0.729054 0.061622 0.106757
0 0.452613 0.617568 0.023063 0.056757
0 0.424505 0.582095 0.030991 0.156081
0 0.370270 0.600676 0.047207 0.108108
0 0.543063 0.605405 0.022342 0.051351
0 0.565766 0.566892 0.026667 0.152703
0 0.587387 0.605405 0.036036 0.089189
0 0.619820 0.563851 0.038919 0.125000
0 0.537477 0.727365 0.029910 0.125000
0 0.560541 0.746959 0.027748 0.156081
0 0.623964 0.716892 0.072432 0.175676
0 0.438559 0.748986 0.028108 0.149324
0 0.410090 0.722973 0.043964 0.108108
0 0.373874 0.731419 0.068108 0.139865