0 0.304721 0.442030 0.053218 0.202953
0 0.346780 0.470199 0.046353 0.188466
0 0.379827 0.491926 0.035193 0.196514
0 0.407295 0.483878 0.040342 0.202946
0 0.427895 0.477436 0.035193 0.238358
0 0.445494 0.471804 0.048068 0.214216
0 0.304292 0.648122 0.076396 0.164162
0 0.471245 0.485486 0.046353 0.219041
0 0.527895 0.471003 0.041204 0.238358
0 0.546780 0.464564 0.041200 0.248020
0 0.568240 0.452493 0.063521 0.265716
0 0.592703 0.449274 0.064375 0.236750
0 0.628755 0.455713 0.067809 0.210993
0 0.668238 0.433986 0.078112 0.196514
0 0.349786 0.693186 0.090130 0.206007
0 0.401286 0.709280 0.040346 0.199574
0 0.433047 0.722959 0.030043 0.207622
0 0.458798 0.726179 0.023175 0.230155
0 0.478969 0.706865 0.022321 0.194743
0 0.520171 0.693990 0.032616 0.181872
0 0.548068 0.698014 0.035193 0.196351
0 0.579827 0.701233 0.042061 0.193128
0 0.644205 0.689966 0.110732 0.199568
0 0.691414 0.636855 0.098714 0.180264
0 0.499141 0.483074 0.048926 0.227095
0 0.500858 0.705257 0.026609 0.191527