0 0.468649 0.495608 0.051532 0.154730
0 0.450270 0.482432 0.043604 0.156757
0 0.420721 0.433446 0.044324 0.131757
0 0.399640 0.495608 0.046126 0.112838
0 0.373874 0.473311 0.040000 0.119595
0 0.328649 0.502703 0.064865 0.177027
0 0.301982 0.430405 0.060541 0.120270
0 0.525405 0.482095 0.051171 0.169595
0 0.538919 0.475338 0.042883 0.170946
0 0.570631 0.419932 0.042883 0.138514
0 0.590450 0.497973 0.047207 0.098649
0 0.616396 0.463514 0.045766 0.105405
0 0.660541 0.476689 0.073514 0.181757
0 0.692252 0.419257 0.057658 0.112838
0 0.512613 0.741554 0.024865 0.199324
0 0.532252 0.740541 0.030270 0.216216
0 0.560541 0.818581 0.035676 0.125000
0 0.589189 0.771622 0.035315 0.094595
0 0.631532 0.773986 0.038559 0.089865
0 0.673153 0.681419 0.065586 0.176351
0 0.730270 0.664527 0.058739 0.107432
0 0.492613 0.754730 0.028108 0.218919
0 0.474775 0.773311 0.034955 0.168243
0 0.447027 0.825676 0.041441 0.133784
0 0.418198 0.770608 0.040000 0.092568
0 0.377477 0.780743 0.042162 0.087162
0 0.332613 0.696284 0.072072 0.176351
0 0.271171 0.675676 0.058018 0.102703
0 0.483964 0.590203 0.030270 0.075000
0 0.457658 0.584122 0.025225 0.073649
0 0.426306 0.558784 0.033874 0.145946
0 0.396036 0.570946 0.040360 0.110811
0 0.365405 0.560473 0.045405 0.116892
0 0.512613 0.590541 0.029910 0.075676
0 0.538378 0.582432 0.023784 0.058108
0 0.568468 0.532770 0.033514 0.188514
0 0.596937 0.562838 0.040721 0.113514
0 0.629910 0.547297 0.049009 0.121622
0 0.556577 0.713176 0.027027 0.169595
0 0.584324 0.692568 0.044324 0.135135
0 0.623784 0.688514 0.063423 0.152703
0 0.472252 0.711149 0.021261 0.138514
0 0.449910 0.724662 0.027027 0.179054
0 0.423784 0.694932 0.047568 0.129054
0 0.384144 0.694595 0.067748 0.147297