0 0.482883 0.494595 0.039640 0.283784
0 0.461261 0.498311 0.033874 0.235811
0 0.438559 0.470946 0.039640 0.272973
0 0.417658 0.494257 0.037477 0.197973
0 0.394054 0.482432 0.037838 0.187838
0 0.362883 0.478378 0.048288 0.200000
0 0.325946 0.481757 0.045045 0.182432
0 0.305045 0.414189 0.048649 0.129730
0 0.509730 0.509122 0.029910 0.256081
0 0.530811 0.510811 0.030270 0.222973
0 0.553153 0.477027 0.025946 0.267568
0 0.566847 0.485473 0.033874 0.227703
0 0.589910 0.488176 0.033153 0.192568
0 0.618018 0.482095 0.050450 0.175000
0 0.659459 0.472635 0.043243 0.166892
0 0.680721 0.394595 0.037477 0.144595
0 0.489550 0.714527 0.034234 0.158784
0 0.508649 0.719932 0.037838 0.168243
0 0.529369 0.723649 0.040360 0.191892
0 0.552793 0.727365 0.035315 0.203378
0 0.579279 0.702027 0.037117 0.172973
0 0.618378 0.685473 0.080721 0.195270
0 0.654955 0.645608 0.082523 0.176351
0 0.716396 0.658446 0.070631 0.135811
0 0.471892 0.728378 0.033514 0.168919
0 0.452973 0.727703 0.030270 0.183784
0 0.430811 0.737162 0.029910 0.202703
0 0.405766 0.730068 0.039640 0.192568
0 0.389369 0.710135 0.037117 0.179730
0 0.353153 0.693919 0.076396 0.177027
0 0.305045 0.672635 0.083964 0.164189
0 0.256036 0.638514 0.070270 0.124324