0 0.482523 0.484122 0.025225 0.210135
0 0.461261 0.477365 0.025225 0.188514
0 0.439099 0.440203 0.032072 0.247973
0 0.422162 0.448311 0.034234 0.203378
0 0.400000 0.436149 0.033153 0.207432
0 0.366486 0.429392 0.049730 0.187162
0 0.331532 0.407770 0.051892 0.164189
0 0.325045 0.326014 0.051171 0.095270
0 0.507568 0.491216 0.023423 0.201351
0 0.526486 0.491216 0.025946 0.190541
0 0.548108 0.469932 0.030991 0.234459
0 0.562703 0.474324 0.038559 0.221622
0 0.587928 0.481419 0.037117 0.183108
0 0.617477 0.470608 0.052973 0.192568
0 0.661441 0.443919 0.047928 0.172973
0 0.674775 0.362162 0.049369 0.093243
0 0.490450 0.681081 0.020901 0.174324
0 0.519279 0.685473 0.031712 0.185811
0 0.540721 0.702365 0.034234 0.188514
0 0.564324 0.700338 0.032432 0.204730
0 0.585766 0.684797 0.037117 0.195270
0 0.629009 0.655743 0.081081 0.193919
0 0.680360 0.611824 0.083604 0.168243
0 0.472432 0.672973 0.024505 0.160811
0 0.449550 0.677365 0.029189 0.193919
0 0.427748 0.668581 0.030991 0.195270
0 0.404505 0.649324 0.045766 0.185135
0 0.358559 0.625000 0.080721 0.189189
0 0.313874 0.577365 0.074955 0.166892
0 0.270450 0.560135 0.045045 0.104054