0 0.469009 0.455068 0.028468 0.233108
0 0.447568 0.466216 0.025946 0.182432
0 0.422703 0.439527 0.032432 0.279054
0 0.406667 0.465878 0.034234 0.227703
0 0.383423 0.458784 0.036036 0.240541
0 0.351532 0.481081 0.045045 0.200000
0 0.313514 0.467905 0.043243 0.206081
0 0.289730 0.416892 0.046847 0.131081
0 0.493514 0.457432 0.027027 0.237838
0 0.516937 0.456419 0.020541 0.211486
0 0.540360 0.433108 0.037117 0.282432
0 0.552252 0.466216 0.040721 0.221622
0 0.576937 0.457770 0.041081 0.239865
0 0.617297 0.467905 0.056216 0.212838
0 0.657838 0.472635 0.045766 0.197973
0 0.679640 0.419595 0.043964 0.145946
0 0.494054 0.679730 0.019459 0.175676
0 0.513153 0.682770 0.021622 0.179054
0 0.532793 0.701689 0.027027 0.215541
0 0.559459 0.714527 0.037117 0.216892
0 0.587207 0.723986 0.044324 0.222297
0 0.631171 0.708108 0.065225 0.202703
0 0.684865 0.687838 0.068829 0.181081
0 0.737117 0.650676 0.064505 0.127027
0 0.474955 0.673649 0.019459 0.170270
0 0.454234 0.682770 0.026306 0.184459
0 0.432252 0.715541 0.031351 0.232432
0 0.409009 0.717230 0.027387 0.223649
0 0.382162 0.714865 0.034234 0.195946
0 0.340901 0.707432 0.062703 0.194595
0 0.293153 0.682770 0.072432 0.183108
0 0.238919 0.642905 0.068468 0.131757