0 0.492252 0.430405 0.034595 0.241892
0 0.462883 0.440878 0.025586 0.206081
0 0.434414 0.412838 0.034955 0.285135
0 0.409910 0.409797 0.040721 0.272297
0 0.382703 0.412162 0.041802 0.243243
0 0.341441 0.409122 0.059459 0.219595
0 0.294595 0.409797 0.043604 0.185811
0 0.269189 0.336824 0.054775 0.142568
0 0.524865 0.428716 0.034234 0.234459
0 0.550991 0.416216 0.038198 0.232432
0 0.581261 0.400000 0.046847 0.272973
0 0.609550 0.415541 0.045045 0.227027
0 0.648108 0.416892 0.054414 0.205405
0 0.696396 0.405743 0.047928 0.192568
0 0.722523 0.340203 0.053333 0.112838
0 0.502703 0.647973 0.021622 0.177027
0 0.521622 0.654054 0.022703 0.191892
0 0.545946 0.664527 0.028108 0.210135
0 0.570270 0.652703 0.037117 0.209459
0 0.598919 0.650000 0.051171 0.216216
0 0.646486 0.629392 0.078559 0.212838
0 0.701802 0.602027 0.079640 0.191892
0 0.760721 0.572635 0.069189 0.138514
0 0.484865 0.650676 0.021982 0.178378
0 0.465586 0.658108 0.023784 0.193243
0 0.441081 0.679730 0.039640 0.218919
0 0.415135 0.667230 0.046126 0.220946
0 0.389910 0.656419 0.051171 0.226351
0 0.345946 0.634122 0.076396 0.208784
0 0.294414 0.609459 0.076396 0.206757
0 0.234054 0.580405 0.075315 0.141892