0 0.480541 0.424324 0.031351 0.252703
0 0.454595 0.414527 0.032793 0.253378
0 0.428468 0.380068 0.033874 0.304730
0 0.407387 0.388514 0.036396 0.270270
0 0.384685 0.402365 0.041441 0.245270
0 0.349189 0.402027 0.056937 0.214865
0 0.303243 0.386824 0.052252 0.210135
0 0.273153 0.318581 0.056216 0.115541
0 0.511892 0.430405 0.031351 0.259459
0 0.539640 0.418581 0.032793 0.256081
0 0.569550 0.408108 0.034234 0.274324
0 0.587748 0.415878 0.037477 0.222297
0 0.613694 0.417230 0.037477 0.219595
0 0.649369 0.393919 0.055495 0.239189
0 0.693514 0.383784 0.051532 0.217568
0 0.724324 0.324324 0.051171 0.110811
0 0.504865 0.656757 0.022342 0.189189
0 0.525045 0.667905 0.026667 0.188514
0 0.548108 0.678378 0.036757 0.236486
0 0.573333 0.678716 0.037477 0.220946
0 0.605225 0.681419 0.048649 0.231757
0 0.654054 0.657095 0.096577 0.223649
0 0.697477 0.615878 0.083243 0.203378
0 0.755135 0.594595 0.067387 0.125676
0 0.485586 0.660135 0.021982 0.194595
0 0.465045 0.660473 0.025586 0.199324
0 0.442523 0.676014 0.033153 0.254730
0 0.415315 0.669257 0.033514 0.234459
0 0.382162 0.654392 0.042883 0.188514
0 0.324865 0.644257 0.096937 0.231757
0 0.281261 0.611824 0.094054 0.211486
0 0.238198 0.567230 0.051892 0.116892