0 0.479459 0.517230 0.034234 0.257432
0 0.449910 0.500338 0.034955 0.258784
0 0.422703 0.467230 0.038919 0.299324
0 0.401622 0.486486 0.043604 0.220270
0 0.374955 0.483108 0.042883 0.183784
0 0.334955 0.467905 0.052973 0.197973
0 0.295315 0.450338 0.055135 0.189865
0 0.281982 0.381081 0.058018 0.110811
0 0.511892 0.516554 0.038559 0.260135
0 0.539459 0.482095 0.035315 0.281757
0 0.567027 0.458446 0.047928 0.293919
0 0.586306 0.484459 0.046126 0.214865
0 0.612973 0.469595 0.049009 0.200000
0 0.649189 0.455405 0.061622 0.205405
0 0.692793 0.430068 0.064505 0.191216
0 0.716396 0.370946 0.054775 0.101351
0 0.504865 0.688851 0.025225 0.207432
0 0.532252 0.683446 0.033153 0.214189
0 0.561081 0.681081 0.040360 0.247297
0 0.593514 0.667568 0.043243 0.216216
0 0.625405 0.705743 0.050090 0.161486
0 0.660901 0.626689 0.105225 0.185811
0 0.715676 0.585473 0.091532 0.183108
0 0.771532 0.568243 0.066306 0.125676
0 0.480541 0.686149 0.024865 0.211486
0 0.453874 0.689865 0.029910 0.214865
0 0.423063 0.689189 0.034595 0.248649
0 0.394234 0.676689 0.037477 0.214189
0 0.365766 0.717905 0.042523 0.147973
0 0.330811 0.650676 0.090090 0.193243
0 0.283604 0.614865 0.080721 0.186486
0 0.229189 0.602027 0.061982 0.129730