0 0.482162 0.542905 0.030270 0.165541
0 0.456937 0.516892 0.026667 0.128378
0 0.431892 0.454730 0.030631 0.104054
0 0.420180 0.541216 0.041802 0.105405
0 0.396216 0.484459 0.036396 0.094595
0 0.359640 0.504730 0.053333 0.175676
0 0.337297 0.429392 0.054775 0.111486
0 0.510811 0.504054 0.024865 0.116216
0 0.533514 0.519257 0.024865 0.125000
0 0.553333 0.451351 0.032793 0.106757
0 0.567568 0.516554 0.048288 0.106081
0 0.585405 0.502365 0.047928 0.088514
0 0.622883 0.513514 0.061622 0.171622
0 0.654595 0.442230 0.058739 0.100676
0 0.500901 0.747297 0.023784 0.181081
0 0.518018 0.784122 0.024865 0.123649
0 0.540541 0.850676 0.036036 0.094595
0 0.565045 0.790203 0.036036 0.080405
0 0.606667 0.765541 0.042883 0.072973
0 0.640541 0.673311 0.097658 0.170946
0 0.703964 0.666892 0.055135 0.095946
0 0.482523 0.744257 0.019459 0.175000
0 0.458018 0.785135 0.031712 0.133784
0 0.433153 0.853716 0.036036 0.107432
0 0.412793 0.788176 0.028468 0.073649
0 0.373333 0.779054 0.038198 0.077027
0 0.340901 0.676014 0.083604 0.166892
0 0.283423 0.671284 0.047928 0.095270
0 0.462342 0.592568 0.015856 0.079730
0 0.440541 0.560135 0.024865 0.172973
0 0.394234 0.557432 0.039640 0.118919
0 0.508288 0.592568 0.018378 0.090541
0 0.522883 0.573311 0.014414 0.112838
0 0.545405 0.562162 0.025586 0.183784
0 0.565586 0.588514 0.041441 0.110811
0 0.518378 0.705068 0.014775 0.106081
0 0.536577 0.733446 0.028108 0.172297
0 0.557117 0.700676 0.043243 0.124324
0 0.588108 0.686149 0.069910 0.156081
0 0.464324 0.687500 0.016937 0.069595
0 0.440901 0.739865 0.033514 0.189189
0 0.422703 0.697297 0.034595 0.118919
0 0.387568 0.695608 0.059459 0.141216