0 0.315020 0.632027 0.068670 0.225324
0 0.588840 0.450078 0.053218 0.209385
0 0.558796 0.457324 0.061802 0.214216
0 0.535193 0.453297 0.054076 0.228703
0 0.507724 0.458929 0.062663 0.223872
0 0.498283 0.483878 0.055795 0.225486
0 0.463519 0.474220 0.049784 0.231926
0 0.442490 0.473416 0.043777 0.223872
0 0.415877 0.458125 0.043777 0.235142
0 0.397852 0.461345 0.042061 0.219041
0 0.380686 0.449274 0.040342 0.204561
0 0.350214 0.439618 0.049784 0.201345
0 0.319312 0.424328 0.042919 0.199736
0 0.278969 0.404209 0.051503 0.201338
0 0.270814 0.588571 0.072959 0.173818
0 0.353218 0.648122 0.069528 0.196351
0 0.387551 0.667436 0.048926 0.186696
0 0.421886 0.681034 0.030043 0.201338
0 0.444205 0.669767 0.028324 0.185250
0 0.461373 0.663331 0.018025 0.162716
0 0.480258 0.664939 0.021459 0.149838
0 0.501286 0.669767 0.018883 0.175588
0 0.516308 0.692301 0.026613 0.204561
0 0.538625 0.680230 0.030043 0.199730
0 0.559225 0.667355 0.035193 0.206169
0 0.584550 0.663331 0.041200 0.169149
0 0.624034 0.630334 0.066951 0.173980
0 0.660086 0.598953 0.078969 0.198122
0 0.714162 0.577223 0.092706 0.180419
0 0.642059 0.413061 0.056652 0.209392
0 0.685836 0.409037 0.048068 0.175588