0 0.486847 0.394595 0.034595 0.258108
0 0.460180 0.408446 0.032432 0.237162
0 0.426486 0.400000 0.039279 0.272973
0 0.404324 0.422635 0.042523 0.222297
0 0.371532 0.418581 0.038919 0.216892
0 0.331712 0.428378 0.054414 0.187838
0 0.283604 0.414189 0.054054 0.181081
0 0.265586 0.326689 0.047568 0.112838
0 0.515135 0.392568 0.036396 0.255405
0 0.545766 0.412838 0.032793 0.209459
0 0.576757 0.391554 0.041441 0.270946
0 0.598739 0.399662 0.042883 0.245270
0 0.631532 0.415203 0.037117 0.200676
0 0.670631 0.415541 0.052613 0.187838
0 0.716577 0.396959 0.055856 0.188514
0 0.732432 0.307770 0.051532 0.127703
0 0.497838 0.648986 0.027027 0.216892
0 0.521261 0.646959 0.030631 0.222297
0 0.551171 0.656081 0.035676 0.259459
0 0.580901 0.645608 0.038198 0.216892
0 0.613153 0.632432 0.062342 0.216216
0 0.655495 0.609797 0.074955 0.188514
0 0.706306 0.582432 0.069189 0.185135
0 0.755315 0.549662 0.067748 0.154730
0 0.477658 0.644257 0.035676 0.210135
0 0.453514 0.646622 0.031351 0.224324
0 0.438018 0.677703 0.047207 0.237838
0 0.411532 0.640203 0.046847 0.203378
0 0.384505 0.633108 0.056216 0.206757
0 0.341982 0.622635 0.077838 0.188514
0 0.288108 0.600338 0.073874 0.183108
0 0.239820 0.564865 0.060901 0.144595