0 0.494775 0.566216 0.047568 0.208108
0 0.470811 0.554054 0.042162 0.158108
0 0.441081 0.450000 0.045405 0.125676
0 0.424144 0.535135 0.047568 0.112162
0 0.396396 0.489865 0.043243 0.109459
0 0.341622 0.536824 0.061261 0.165541
0 0.321622 0.450000 0.062342 0.105405
0 0.535676 0.574324 0.038559 0.194595
0 0.563063 0.549662 0.038559 0.149324
0 0.588829 0.477365 0.037477 0.131757
0 0.603243 0.549324 0.042523 0.135135
0 0.632973 0.524662 0.037838 0.104730
0 0.673514 0.548986 0.061982 0.160135
0 0.691892 0.462500 0.051892 0.126351
0 0.524144 0.766216 0.029910 0.150000
0 0.554955 0.770270 0.041802 0.122973
0 0.580721 0.860811 0.052973 0.121622
0 0.609009 0.794595 0.043243 0.094595
0 0.656396 0.777027 0.042162 0.082432
0 0.694955 0.688514 0.074595 0.163514
0 0.747928 0.684122 0.057297 0.103378
0 0.496036 0.768243 0.028468 0.160811
0 0.465586 0.789527 0.036757 0.143919
0 0.426486 0.857770 0.059459 0.125000
0 0.402703 0.781419 0.048649 0.099324
0 0.354054 0.763176 0.045766 0.076351
0 0.313514 0.672973 0.086486 0.163514
0 0.261982 0.667230 0.057658 0.110135
0 0.440000 0.587500 0.036036 0.160135
0 0.411712 0.605743 0.034234 0.080405
0 0.380541 0.562500 0.049009 0.157432
0 0.582523 0.600676 0.032072 0.172973
0 0.611171 0.632432 0.030991 0.085135
0 0.640180 0.603716 0.042883 0.095270
0 0.576036 0.746284 0.033514 0.161486
0 0.605946 0.715541 0.048649 0.112162
0 0.650631 0.721622 0.076036 0.168919
0 0.439279 0.733446 0.042523 0.146622
0 0.412973 0.703716 0.053333 0.103378
0 0.364685 0.705405 0.084324 0.171622