0 0.324063 0.434125 0.042786 0.219115
0 0.416337 0.745426 0.034483 0.219108
0 0.311611 0.689753 0.094508 0.160439
0 0.259568 0.670595 0.065773 0.143676
0 0.386641 0.738845 0.038955 0.203541
0 0.342580 0.743034 0.068324 0.152054
0 0.687088 0.701726 0.094508 0.181993
0 0.528404 0.758000 0.030011 0.232284
0 0.471252 0.729264 0.022987 0.189176
0 0.445710 0.746625 0.033207 0.221507
0 0.489452 0.728068 0.021074 0.177203
0 0.507332 0.744230 0.023629 0.202351
0 0.569912 0.758598 0.037676 0.247845
0 0.543092 0.760395 0.033845 0.256223
0 0.645903 0.769372 0.060663 0.123324
0 0.604393 0.749020 0.053002 0.223892
0 0.547879 0.493392 0.028097 0.268203
0 0.621955 0.493392 0.062577 0.232284
0 0.740730 0.674189 0.067686 0.155649
0 0.661865 0.469446 0.067052 0.174811
0 0.571508 0.494588 0.040868 0.258622
0 0.591305 0.491595 0.043423 0.240662
0 0.505097 0.500574 0.034483 0.246649
0 0.524573 0.492196 0.035121 0.256230
0 0.477640 0.501774 0.038314 0.268196
0 0.460715 0.493993 0.031290 0.255027
0 0.386004 0.490399 0.045341 0.226297
0 0.355351 0.498182 0.054277 0.227486
0 0.430065 0.499378 0.047892 0.234676
0 0.410268 0.501774 0.047895 0.234669