0 0.486126 0.429392 0.026667 0.300676
0 0.461802 0.416554 0.024144 0.287162
0 0.438378 0.416554 0.032793 0.296622
0 0.414595 0.422973 0.038559 0.263514
0 0.386847 0.430068 0.039279 0.234459
0 0.356577 0.415203 0.055856 0.223649
0 0.318018 0.384797 0.064505 0.215541
0 0.296757 0.292568 0.061622 0.135135
0 0.513333 0.435473 0.027748 0.270946
0 0.535495 0.440541 0.027387 0.240541
0 0.559640 0.410811 0.033153 0.305405
0 0.583604 0.421622 0.038559 0.254054
0 0.611351 0.417905 0.038559 0.242568
0 0.640000 0.404730 0.054775 0.237838
0 0.669369 0.373649 0.083243 0.235135
0 0.688829 0.285135 0.068829 0.129730
0 0.510270 0.696959 0.023784 0.173649
0 0.528288 0.694595 0.028108 0.200000
0 0.556577 0.711149 0.032793 0.229054
0 0.583243 0.685473 0.044324 0.218243
0 0.616036 0.675000 0.053694 0.220270
0 0.661802 0.639189 0.091171 0.227027
0 0.713694 0.591216 0.081081 0.204054
0 0.770631 0.538851 0.073874 0.133108
0 0.489009 0.692230 0.023784 0.170946
0 0.469009 0.688851 0.026306 0.188514
0 0.439640 0.710473 0.039640 0.212838
0 0.416937 0.682432 0.039640 0.200000
0 0.372072 0.780068 0.001081 0.002027
0 0.373333 0.776351 0.001441 0.004054
0 0.380721 0.685135 0.050090 0.221622
0 0.336036 0.639527 0.087568 0.212838
0 0.281622 0.592230 0.087568 0.200676
0 0.228108 0.539189 0.074955 0.133784