0 0.453550 0.735118 0.047488 0.203412
0 0.414573 0.732074 0.047488 0.214378
0 0.368450 0.707713 0.068274 0.204628
0 0.324602 0.669953 0.097506 0.207068
0 0.275555 0.602355 0.087766 0.174182
0 0.227809 0.584084 0.058530 0.130331
0 0.293420 0.313010 0.052036 0.095128
0 0.307744 0.408628 0.072757 0.145068
0 0.335027 0.455520 0.067560 0.187703
0 0.367508 0.481709 0.051968 0.198662
0 0.394791 0.476834 0.050670 0.240074
0 0.416196 0.475071 0.065027 0.243601
0 0.447411 0.493889 0.054569 0.252250
0 0.476319 0.506676 0.040926 0.263216
0 0.513314 0.509115 0.038389 0.265649
0 0.542222 0.506068 0.033841 0.230324
0 0.572110 0.490284 0.042951 0.269162
0 0.598739 0.498152 0.048137 0.233980
0 0.625047 0.492669 0.056580 0.208405
0 0.655256 0.465264 0.075420 0.192568
0 0.682863 0.415328 0.074771 0.160899
0 0.695856 0.323361 0.048786 0.086601
0 0.774259 0.556912 0.047488 0.120581
0 0.734214 0.599916 0.104587 0.176615
0 0.687443 0.670564 0.104587 0.203412
0 0.647816 0.707101 0.076007 0.181486
0 0.598739 0.749733 0.037744 0.213155
0 0.565932 0.748517 0.033196 0.227777
0 0.540923 0.746689 0.033845 0.207068
0 0.514614 0.732074 0.026699 0.182703
0 0.487978 0.726591 0.029297 0.196101