0 0.457117 0.484122 0.001081 0.002027
0 0.472432 0.484122 0.048288 0.185811
0 0.443604 0.488514 0.048288 0.160811
0 0.424505 0.423986 0.040360 0.118243
0 0.406126 0.493581 0.041081 0.114189
0 0.373333 0.491216 0.039640 0.093243
0 0.327928 0.522635 0.060541 0.157432
0 0.301802 0.444932 0.048649 0.107432
0 0.515676 0.526689 0.043243 0.177703
0 0.538739 0.500000 0.041081 0.139189
0 0.562703 0.425338 0.040721 0.119595
0 0.579820 0.498986 0.048288 0.125000
0 0.609550 0.480405 0.047207 0.101351
0 0.662162 0.510473 0.060901 0.179054
0 0.691892 0.434122 0.054775 0.116892
0 0.506306 0.732095 0.023063 0.184459
0 0.528288 0.773311 0.030991 0.141216
0 0.564685 0.829054 0.045405 0.082432
0 0.583423 0.773649 0.040360 0.078378
0 0.632072 0.763176 0.041081 0.070946
0 0.671351 0.670608 0.079279 0.172297
0 0.734054 0.661486 0.055495 0.105405
0 0.481441 0.728041 0.023784 0.170946
0 0.457297 0.767230 0.031712 0.123649
0 0.426126 0.844595 0.045045 0.106757
0 0.403964 0.782095 0.038198 0.070946
0 0.360901 0.767905 0.041441 0.076351
0 0.324144 0.675000 0.075315 0.168919
0 0.261261 0.664865 0.056937 0.100000
0 0.476757 0.589189 0.023784 0.085135
0 0.455315 0.599324 0.020541 0.094595
0 0.430811 0.556081 0.030631 0.189189
0 0.399820 0.578041 0.037838 0.112838
0 0.368829 0.567905 0.042162 0.114189
0 0.505225 0.617230 0.020180 0.087162
0 0.537838 0.595946 0.021982 0.067568
0 0.560180 0.568919 0.029910 0.117568
0 0.585946 0.592905 0.036036 0.102027
0 0.617477 0.557432 0.047928 0.125676
0 0.528468 0.679730 0.019820 0.090541
0 0.551351 0.706081 0.024505 0.160811
0 0.582523 0.688514 0.042162 0.118919
0 0.616036 0.684459 0.060180 0.144595
0 0.456937 0.680743 0.022342 0.096622
0 0.431892 0.711824 0.024865 0.153378
0 0.404505 0.701351 0.040000 0.121622
0 0.373694 0.688176 0.057658 0.147973