0 0.668240 0.707672 0.102144 0.206007
0 0.374249 0.723764 0.049787 0.215662
0 0.406007 0.722155 0.032620 0.215662
0 0.434333 0.738250 0.039485 0.228541
0 0.461802 0.723767 0.037766 0.202791
0 0.487553 0.712497 0.036050 0.186696
0 0.504292 0.720544 0.028324 0.170601
0 0.530041 0.720547 0.036912 0.193135
0 0.554076 0.718128 0.042061 0.194743
0 0.580685 0.734226 0.043777 0.188304
0 0.619741 0.724568 0.070386 0.194743
0 0.723605 0.673872 0.101286 0.177041
0 0.763519 0.644098 0.072962 0.140020
0 0.701715 0.389726 0.086695 0.143399
0 0.697423 0.500777 0.078112 0.143405
0 0.657510 0.502385 0.068670 0.214216
0 0.272103 0.372020 0.061805 0.165932
0 0.278969 0.446861 0.072101 0.225480
0 0.318454 0.476635 0.061802 0.262500
0 0.363948 0.502389 0.042915 0.220655
0 0.387123 0.494338 0.054937 0.243189
0 0.418885 0.491118 0.048068 0.252845
0 0.443348 0.500777 0.052360 0.259284
0 0.470814 0.516872 0.043777 0.230311
0 0.504290 0.503993 0.047211 0.249622
0 0.523175 0.500774 0.050645 0.239966
0 0.557939 0.489510 0.046350 0.239966
0 0.584550 0.532162 0.058368 0.193297
0 0.607724 0.453301 0.066951 0.222264
0 0.328755 0.710084 0.077250 0.194736
0 0.278541 0.665828 0.086695 0.186696
0 0.229184 0.634439 0.068667 0.127149