0 0.489009 0.477027 0.031712 0.185135
0 0.462523 0.469932 0.029189 0.175000
0 0.433514 0.449662 0.031712 0.214189
0 0.410991 0.455743 0.033514 0.179054
0 0.384324 0.457770 0.035676 0.166892
0 0.349550 0.433784 0.048288 0.229730
0 0.307027 0.412500 0.049009 0.223649
0 0.521261 0.466216 0.030631 0.205405
0 0.547027 0.469257 0.025225 0.181757
0 0.576216 0.458784 0.033153 0.210811
0 0.598018 0.470270 0.034234 0.178378
0 0.621982 0.465878 0.032432 0.176351
0 0.652432 0.465541 0.052252 0.198649
0 0.694054 0.439527 0.046847 0.193919
0 0.522342 0.669595 0.022703 0.182432
0 0.543423 0.663851 0.025225 0.175000
0 0.567928 0.671959 0.032432 0.197973
0 0.594955 0.666216 0.033153 0.185135
0 0.622883 0.657432 0.042162 0.179730
0 0.662162 0.649662 0.070270 0.138514
0 0.706486 0.612162 0.066667 0.155405
0 0.760180 0.607770 0.059459 0.143919
0 0.501802 0.664865 0.021261 0.174324
0 0.480000 0.665541 0.023784 0.177027
0 0.454775 0.663514 0.031712 0.201351
0 0.425766 0.653378 0.036396 0.186486
0 0.395315 0.658108 0.048288 0.202703
0 0.352252 0.628378 0.071712 0.141892
0 0.304505 0.604730 0.067027 0.179730
0 0.252973 0.605405 0.053333 0.109459