0 0.487387 0.401014 0.032072 0.272297
0 0.463063 0.375676 0.031712 0.266216
0 0.433694 0.382432 0.035676 0.272973
0 0.420180 0.431081 0.046847 0.191892
0 0.394234 0.431081 0.041802 0.158108
0 0.352252 0.399324 0.060180 0.212162
0 0.307748 0.390878 0.067748 0.172297
0 0.288829 0.294932 0.047928 0.131757
0 0.518378 0.391216 0.030631 0.267568
0 0.541802 0.389189 0.032072 0.268919
0 0.573333 0.398311 0.033153 0.243919
0 0.593694 0.427365 0.037838 0.200676
0 0.624505 0.428041 0.043243 0.169595
0 0.652072 0.407770 0.052252 0.173649
0 0.694234 0.390878 0.057297 0.180405
0 0.706126 0.301689 0.047207 0.125000
0 0.513694 0.664189 0.020541 0.201351
0 0.530090 0.655743 0.022342 0.195270
0 0.550270 0.671622 0.025946 0.244595
0 0.574595 0.657432 0.027027 0.191892
0 0.588108 0.636824 0.060541 0.152027
0 0.626126 0.594257 0.084685 0.164189
0 0.662523 0.563176 0.069550 0.175000
0 0.712793 0.543581 0.061982 0.135811
0 0.494414 0.660811 0.019459 0.198649
0 0.480901 0.675338 0.032793 0.230405
0 0.458018 0.665203 0.029550 0.231757
0 0.433514 0.683446 0.031712 0.250676
0 0.399459 0.717230 0.001081 0.002027
0 0.419640 0.662838 0.070991 0.140541
0 0.381802 0.645270 0.093333 0.164865
0 0.339459 0.575000 0.092973 0.166216
0 0.288829 0.555405 0.066667 0.139189