0 0.558494 0.545047 0.049369 0.074419
0 0.484083 0.769226 0.043589 0.203412
0 0.456472 0.589507 0.033845 0.126797
0 0.418178 0.481709 0.041575 0.106095
0 0.589643 0.597422 0.045535 0.140196
0 0.375953 0.517639 0.057168 0.175520
0 0.352241 0.440294 0.066912 0.166993
0 0.575384 0.453693 0.040274 0.115831
0 0.621150 0.571841 0.060476 0.152372
0 0.413598 0.577932 0.039045 0.106095
0 0.561094 0.615693 0.037676 0.130453
0 0.539005 0.615081 0.025982 0.117054
0 0.520459 0.542611 0.034497 0.184047
0 0.495124 0.520078 0.029297 0.175520
0 0.452899 0.425679 0.044890 0.130453
0 0.476935 0.604726 0.027996 0.123142
0 0.438609 0.503632 0.047488 0.106088
0 0.654930 0.494497 0.061780 0.129236
0 0.443155 0.586459 0.026699 0.091473
0 0.501459 0.778047 0.048786 0.146176
0 0.377544 0.794196 0.060479 0.099878
0 0.465881 0.806480 0.060757 0.132905
0 0.348960 0.708929 0.085164 0.177831
0 0.291796 0.696142 0.076068 0.127892
0 0.474595 0.721740 0.021982 0.138277
0 0.393784 0.722939 0.066977 0.147378
0 0.438283 0.849003 0.046836 0.141291
0 0.434710 0.725983 0.059178 0.116926
0 0.537382 0.759378 0.037027 0.156919
0 0.563366 0.839868 0.057816 0.096223
0 0.541279 0.884936 0.052620 0.123020
0 0.561418 0.729030 0.038324 0.079169
0 0.591950 0.722331 0.056519 0.099878
0 0.702351 0.758868 0.072169 0.124236
0 0.606892 0.834997 0.060414 0.098655
0 0.636773 0.747297 0.083802 0.188797
0 0.418470 0.809419 0.050086 0.088919
0 0.458746 0.718676 0.034494 0.129108