0 0.484324 0.460135 0.041081 0.240541
0 0.448649 0.441554 0.033153 0.238514
0 0.416216 0.445270 0.036757 0.255405
0 0.389550 0.441892 0.040360 0.248649
0 0.359279 0.455405 0.035315 0.209459
0 0.322703 0.444932 0.051532 0.202027
0 0.278198 0.403378 0.051892 0.220270
0 0.256757 0.343243 0.053694 0.105405
0 0.521802 0.449662 0.046126 0.261486
0 0.547387 0.442905 0.058378 0.227703
0 0.572973 0.372973 0.103784 0.175676
0 0.598198 0.442568 0.038919 0.200000
0 0.631171 0.439865 0.034234 0.210811
0 0.669369 0.425676 0.055135 0.209459
0 0.711532 0.412500 0.053694 0.203378
0 0.731892 0.349662 0.042523 0.118243
0 0.510991 0.686824 0.025946 0.188514
0 0.534595 0.700676 0.030631 0.204054
0 0.566667 0.710135 0.036396 0.222973
0 0.592072 0.691892 0.041802 0.181081
0 0.627207 0.674324 0.050811 0.170270
0 0.670991 0.653378 0.074955 0.183784
0 0.714955 0.616554 0.070631 0.175000
0 0.762162 0.584797 0.067027 0.142568
0 0.486306 0.688851 0.024865 0.183108
0 0.461441 0.695270 0.027748 0.179730
0 0.429730 0.701351 0.039279 0.200000
0 0.400180 0.690541 0.042162 0.178378
0 0.370270 0.681081 0.058018 0.178378
0 0.329369 0.659122 0.072793 0.181757
0 0.280360 0.614865 0.078559 0.175676
0 0.236577 0.585135 0.066667 0.159459