0 0.487027 0.502365 0.029910 0.203378
0 0.460180 0.501689 0.025946 0.187162
0 0.433153 0.486486 0.033874 0.251351
0 0.409910 0.513176 0.036396 0.187162
0 0.385946 0.508446 0.043964 0.191216
0 0.352072 0.501351 0.055495 0.201351
0 0.309189 0.490203 0.050450 0.185811
0 0.286667 0.441216 0.052252 0.133784
0 0.514955 0.493581 0.029550 0.211486
0 0.540180 0.487500 0.028108 0.212838
0 0.566847 0.488514 0.031712 0.220270
0 0.589189 0.504392 0.037477 0.200676
0 0.609730 0.502703 0.041081 0.189189
0 0.646667 0.480405 0.053694 0.213514
0 0.700541 0.472973 0.001441 0.002703
0 0.689369 0.468919 0.054054 0.197297
0 0.710090 0.411149 0.052973 0.156081
0 0.504865 0.702027 0.020180 0.174324
0 0.524865 0.709797 0.021982 0.196622
0 0.547568 0.714865 0.027748 0.228378
0 0.572613 0.702703 0.032432 0.200000
0 0.598559 0.690878 0.036757 0.175000
0 0.641441 0.676351 0.084324 0.191892
0 0.689009 0.644932 0.079279 0.179054
0 0.741081 0.613851 0.075315 0.161486
0 0.485405 0.703716 0.020901 0.179054
0 0.464505 0.711824 0.023063 0.189865
0 0.439459 0.722973 0.027027 0.217568
0 0.416577 0.709797 0.033153 0.207432
0 0.386306 0.702027 0.038919 0.174324
0 0.345766 0.690878 0.068108 0.188514
0 0.309550 0.661149 0.064865 0.183108
0 0.253333 0.632095 0.073514 0.162838