0 0.485405 0.531081 0.028108 0.239189
0 0.459279 0.528378 0.024865 0.228378
0 0.433333 0.525338 0.032793 0.226351
0 0.410631 0.497973 0.039279 0.224324
0 0.383964 0.512838 0.035676 0.181081
0 0.348108 0.493581 0.044685 0.196622
0 0.312432 0.473311 0.057658 0.192568
0 0.298739 0.408784 0.057658 0.104054
0 0.514775 0.533108 0.030631 0.227027
0 0.535495 0.530068 0.025225 0.219595
0 0.560000 0.521959 0.033153 0.225000
0 0.581441 0.498649 0.042162 0.216216
0 0.604505 0.505405 0.042883 0.190541
0 0.644324 0.480405 0.054775 0.213514
0 0.686486 0.465203 0.056937 0.185811
0 0.701622 0.409459 0.062703 0.109459
0 0.507928 0.753716 0.019820 0.177703
0 0.524685 0.754054 0.022342 0.186486
0 0.545766 0.772635 0.032072 0.243919
0 0.566306 0.764189 0.033514 0.194595
0 0.590090 0.748649 0.060901 0.198649
0 0.639820 0.724324 0.096216 0.191892
0 0.687207 0.680405 0.090811 0.164865
0 0.489189 0.758108 0.017658 0.187838
0 0.469369 0.775676 0.019820 0.209459
0 0.448288 0.782095 0.025946 0.218243
0 0.421441 0.771959 0.027027 0.207432
0 0.394775 0.757432 0.047207 0.194595
0 0.351532 0.736149 0.077477 0.189865
0 0.307568 0.692905 0.066667 0.168243