0 0.485586 0.518919 0.047928 0.247297
0 0.465946 0.507432 0.041081 0.140541
0 0.441441 0.419595 0.044685 0.116216
0 0.420000 0.491554 0.044324 0.123649
0 0.395315 0.482432 0.045405 0.108108
0 0.355315 0.506419 0.057658 0.180405
0 0.319820 0.445270 0.058018 0.098649
0 0.528829 0.493243 0.040000 0.204054
0 0.549910 0.498986 0.034595 0.149324
0 0.584144 0.413514 0.037477 0.117568
0 0.590270 0.497973 0.039640 0.102703
0 0.616937 0.471959 0.038919 0.115541
0 0.651892 0.497973 0.049730 0.183784
0 0.688649 0.443243 0.053333 0.095946
0 0.519099 0.742905 0.024865 0.180405
0 0.539459 0.744932 0.027387 0.193919
0 0.561802 0.834797 0.037477 0.131757
0 0.589189 0.784459 0.037477 0.085135
0 0.629910 0.786149 0.037477 0.088514
0 0.669369 0.705405 0.074595 0.194595
0 0.721982 0.697297 0.056577 0.104054
0 0.497117 0.743919 0.023423 0.189189
0 0.474595 0.742905 0.026667 0.158784
0 0.456216 0.834797 0.038198 0.122297
0 0.428108 0.779054 0.036036 0.090541
0 0.381622 0.787838 0.043964 0.089189
0 0.338739 0.704392 0.087928 0.193919
0 0.281081 0.701014 0.056216 0.111486
0 0.443063 0.545608 0.030631 0.181757
0 0.415315 0.580068 0.047207 0.097973
0 0.393874 0.570270 0.050450 0.120270
0 0.547748 0.600000 0.021622 0.054054
0 0.569910 0.547297 0.027027 0.156757
0 0.595315 0.572635 0.036036 0.097973
0 0.618919 0.570270 0.040721 0.106757
0 0.559820 0.725338 0.023423 0.149324
0 0.583604 0.703716 0.034955 0.110135
0 0.620000 0.701689 0.063784 0.126351
0 0.454955 0.724662 0.025586 0.152027
0 0.429730 0.706757 0.041441 0.117568
0 0.391712 0.707095 0.068468 0.133108