0 0.487568 0.487162 0.025946 0.217568
0 0.470631 0.462162 0.046126 0.143243
0 0.432432 0.391216 0.054775 0.100000
0 0.427387 0.478041 0.048288 0.108784
0 0.396937 0.465541 0.045045 0.097297
0 0.354054 0.511149 0.061622 0.220946
0 0.311712 0.469257 0.064144 0.116892
0 0.513694 0.485473 0.025586 0.235811
0 0.532973 0.467905 0.043243 0.147973
0 0.574054 0.391554 0.049730 0.112838
0 0.578198 0.485135 0.045045 0.110811
0 0.606486 0.454730 0.044685 0.122973
0 0.646486 0.507095 0.062703 0.225000
0 0.687928 0.464865 0.054775 0.116216
0 0.504505 0.736486 0.020180 0.212162
0 0.516577 0.730743 0.021982 0.200676
0 0.535676 0.820608 0.032793 0.129054
0 0.560180 0.769932 0.034955 0.087162
0 0.595495 0.800338 0.040000 0.084459
0 0.644144 0.716892 0.075315 0.185135
0 0.703423 0.737838 0.051892 0.101351
0 0.736937 0.662162 0.032432 0.087838
0 0.486667 0.725338 0.019099 0.191216
0 0.472613 0.719257 0.021982 0.176351
0 0.455676 0.818919 0.033514 0.140541
0 0.429009 0.766554 0.040721 0.095270
0 0.391351 0.792568 0.036757 0.085135
0 0.351171 0.715541 0.076757 0.182432
0 0.292613 0.732770 0.053333 0.104730
0 0.252973 0.657432 0.033153 0.083784
0 0.464144 0.539189 0.020180 0.100000
0 0.446126 0.515203 0.030991 0.161486
0 0.420901 0.555743 0.046126 0.103378
0 0.390090 0.552703 0.047207 0.124324
0 0.536396 0.549662 0.019099 0.096622
0 0.556577 0.521959 0.026306 0.184459
0 0.578198 0.568243 0.039279 0.095946
0 0.607568 0.558784 0.047568 0.122973
0 0.535856 0.710811 0.025225 0.159459
0 0.558919 0.689865 0.041081 0.101351
0 0.592252 0.707432 0.053694 0.136486
0 0.454234 0.700000 0.020541 0.150000
0 0.430811 0.687838 0.047207 0.114865
0 0.397117 0.699662 0.047568 0.141216