0 0.482523 0.405068 0.036036 0.135811
0 0.456216 0.420608 0.033874 0.106081
0 0.433874 0.357095 0.041081 0.120946
0 0.420000 0.422973 0.045045 0.098649
0 0.394054 0.411486 0.033514 0.110811
0 0.355676 0.431419 0.054054 0.157432
0 0.323423 0.380405 0.054414 0.094595
0 0.520901 0.412838 0.042883 0.135135
0 0.543784 0.421622 0.033153 0.129730
0 0.570270 0.379730 0.037838 0.109459
0 0.579459 0.447973 0.039640 0.106757
0 0.605405 0.434459 0.040360 0.110811
0 0.637297 0.461824 0.057297 0.161486
0 0.674595 0.415878 0.051171 0.089865
0 0.506847 0.718919 0.024144 0.147297
0 0.523964 0.736486 0.022342 0.113514
0 0.539279 0.789189 0.030631 0.097297
0 0.558739 0.740203 0.033514 0.096622
0 0.588288 0.744257 0.034955 0.081757
0 0.624505 0.680068 0.065586 0.162838
0 0.677838 0.674324 0.050450 0.095946
0 0.486126 0.712500 0.020180 0.138514
0 0.465405 0.732432 0.024144 0.114865
0 0.448288 0.784122 0.029550 0.102027
0 0.427027 0.718243 0.031712 0.083784
0 0.396036 0.723649 0.035315 0.081081
0 0.361802 0.654730 0.059099 0.151351
0 0.311712 0.649324 0.046126 0.094595
0 0.486847 0.488851 0.024505 0.127703
0 0.465586 0.492230 0.018018 0.103378
0 0.443243 0.500676 0.028829 0.113514
0 0.416577 0.502365 0.036757 0.108784
0 0.391171 0.499324 0.044324 0.121622
0 0.511892 0.498986 0.024865 0.116892
0 0.533514 0.505068 0.017658 0.111486
0 0.555856 0.498649 0.029189 0.155405
0 0.578919 0.529054 0.034234 0.104054
0 0.602523 0.522297 0.045405 0.135135
0 0.506306 0.626351 0.014414 0.094595
0 0.522523 0.644932 0.016577 0.122297
0 0.540000 0.681757 0.029189 0.195946
0 0.556577 0.650338 0.033514 0.125000
0 0.580721 0.650338 0.050811 0.142568
0 0.490811 0.620270 0.015135 0.086486
0 0.472973 0.623986 0.019099 0.107432
0 0.457117 0.650000 0.024144 0.168919
0 0.438739 0.627703 0.034234 0.118919
0 0.407568 0.630405 0.054775 0.137838