0 0.496757 0.426351 0.036396 0.216216
0 0.466486 0.422297 0.032793 0.213514
0 0.432432 0.406757 0.042523 0.251351
0 0.402883 0.428041 0.042523 0.191216
0 0.369730 0.417905 0.041081 0.187162
0 0.326667 0.406081 0.056577 0.191892
0 0.273694 0.392230 0.054414 0.192568
0 0.242342 0.325000 0.051532 0.110811
0 0.525586 0.416216 0.032793 0.212162
0 0.550090 0.418243 0.032072 0.216216
0 0.582342 0.401689 0.036757 0.247973
0 0.606486 0.427703 0.039640 0.189189
0 0.635856 0.416892 0.034234 0.195946
0 0.674595 0.418243 0.049730 0.178378
0 0.720180 0.393581 0.050811 0.192568
0 0.742342 0.324324 0.048288 0.104054
0 0.508468 0.640203 0.025946 0.170946
0 0.531712 0.631081 0.029910 0.170270
0 0.560721 0.658446 0.037477 0.195270
0 0.604324 0.700000 0.038919 0.063514
0 0.618378 0.636149 0.056937 0.199324
0 0.663423 0.614189 0.073514 0.200000
0 0.720901 0.586486 0.075315 0.178378
0 0.770991 0.577027 0.055856 0.120270
0 0.484865 0.631757 0.024144 0.156757
0 0.459099 0.642905 0.030991 0.193919
0 0.430270 0.660811 0.036757 0.198649
0 0.379640 0.700676 0.042883 0.075676
0 0.372613 0.628378 0.045405 0.183784
0 0.328288 0.616554 0.066306 0.197973
0 0.267027 0.596284 0.074955 0.200676
0 0.209009 0.560135 0.061261 0.110811
0 0.587027 0.638514 0.041802 0.189189
0 0.402162 0.645946 0.039640 0.195946