0 0.480000 0.550000 0.030991 0.193243
0 0.452072 0.548311 0.030631 0.192568
0 0.423964 0.549324 0.033514 0.200000
0 0.397838 0.554730 0.043243 0.178378
0 0.369369 0.505405 0.039640 0.135135
0 0.322703 0.527703 0.052252 0.183784
0 0.304685 0.450338 0.057297 0.150676
0 0.279099 0.399662 0.047928 0.083108
0 0.515676 0.553041 0.030270 0.196622
0 0.544505 0.546622 0.026667 0.179730
0 0.570991 0.536149 0.031351 0.210135
0 0.595676 0.537162 0.039640 0.191892
0 0.623423 0.494595 0.033874 0.128378
0 0.668108 0.512162 0.051171 0.187838
0 0.687748 0.443581 0.052252 0.135811
0 0.713153 0.394932 0.046126 0.080405
0 0.505586 0.739189 0.021622 0.167568
0 0.525946 0.742905 0.022703 0.166892
0 0.549369 0.749324 0.026306 0.183784
0 0.575495 0.739189 0.027387 0.163514
0 0.607928 0.760473 0.041802 0.153378
0 0.651892 0.722297 0.080721 0.190541
0 0.694595 0.705743 0.068108 0.143919
0 0.735676 0.647297 0.040000 0.091892
0 0.485766 0.742568 0.020180 0.172973
0 0.464685 0.750000 0.024144 0.172973
0 0.444505 0.756419 0.030631 0.191216
0 0.416036 0.753041 0.032793 0.170946
0 0.390090 0.745270 0.036396 0.154054
0 0.342703 0.736824 0.082883 0.191216
0 0.296757 0.714865 0.070270 0.145946
0 0.250450 0.666554 0.041802 0.100676
0 0.363964 0.570946 0.042523 0.140541
0 0.628108 0.575676 0.042523 0.113514