0 0.480000 0.485135 0.030991 0.218919
0 0.452973 0.447297 0.030270 0.189189
0 0.430450 0.367230 0.042162 0.160135
0 0.406847 0.437500 0.044685 0.143919
0 0.379820 0.430405 0.039640 0.139189
0 0.343604 0.471622 0.050811 0.189189
0 0.314234 0.414189 0.049009 0.125676
0 0.512613 0.480743 0.034234 0.233108
0 0.535676 0.413176 0.031351 0.204730
0 0.564505 0.355743 0.038559 0.165541
0 0.607928 0.411486 0.041081 0.112162
0 0.655495 0.453378 0.050450 0.181081
0 0.683784 0.388851 0.049369 0.118243
0 0.716577 0.335135 0.031351 0.047297
0 0.547748 0.820946 0.046847 0.150000
0 0.569910 0.747973 0.038559 0.110811
0 0.613333 0.749324 0.041802 0.097297
0 0.648108 0.668581 0.078198 0.189865
0 0.700721 0.669595 0.058018 0.105405
0 0.731532 0.585473 0.033874 0.070946
0 0.441081 0.827365 0.033153 0.150676
0 0.416216 0.735473 0.033153 0.116892
0 0.375676 0.755405 0.046486 0.098649
0 0.338919 0.689189 0.076757 0.191892
0 0.287207 0.689189 0.057658 0.114865
0 0.251892 0.599662 0.036757 0.070946
0 0.429009 0.499324 0.026306 0.164865
0 0.403784 0.533446 0.038559 0.083108
0 0.384685 0.531757 0.042883 0.086486
0 0.561802 0.481757 0.027387 0.168919
0 0.586486 0.479730 0.039279 0.132432
0 0.615856 0.496284 0.041081 0.127703
0 0.496577 0.697973 0.020180 0.195946
0 0.516757 0.709122 0.021622 0.193919
0 0.538919 0.674324 0.023423 0.159459
0 0.565586 0.658784 0.042162 0.122973
0 0.603423 0.660135 0.055856 0.143243
0 0.478378 0.697973 0.026306 0.185135
0 0.461441 0.741554 0.032072 0.199324
0 0.441802 0.679392 0.023784 0.142568
0 0.421261 0.662838 0.034595 0.106757
0 0.388288 0.669595 0.055135 0.139189