0 0.494234 0.512162 0.027748 0.247297
0 0.467568 0.488851 0.024865 0.266892
0 0.443964 0.476689 0.032432 0.299324
0 0.424324 0.508784 0.042162 0.225676
0 0.398919 0.521959 0.041802 0.192568
0 0.365045 0.523311 0.052613 0.172297
0 0.321982 0.503041 0.049369 0.177703
0 0.295495 0.439527 0.041802 0.162838
0 0.521802 0.496284 0.029550 0.273649
0 0.548649 0.517905 0.024144 0.212838
0 0.573153 0.498649 0.029189 0.256757
0 0.594234 0.494595 0.033874 0.251351
0 0.610811 0.492568 0.053333 0.239189
0 0.650090 0.508446 0.048288 0.192568
0 0.684685 0.485811 0.058378 0.185135
0 0.506847 0.719932 0.018378 0.179054
0 0.524685 0.734797 0.019459 0.180405
0 0.543964 0.739865 0.027748 0.194595
0 0.568108 0.734797 0.029910 0.184459
0 0.592613 0.723986 0.034955 0.173649
0 0.638919 0.715541 0.075676 0.182432
0 0.675315 0.685135 0.067027 0.177027
0 0.720180 0.673311 0.050811 0.139865
0 0.486847 0.719932 0.018018 0.179054
0 0.468288 0.726689 0.022703 0.157432
0 0.449189 0.739527 0.031351 0.183108
0 0.424324 0.746959 0.029910 0.193919
0 0.400541 0.727365 0.038559 0.170946
0 0.352432 0.715878 0.082162 0.179054
0 0.307027 0.688176 0.087928 0.169595
0 0.246126 0.661149 0.085766 0.127703