0 0.485045 0.400000 0.039640 0.251351
0 0.463784 0.398986 0.025946 0.238514
0 0.436216 0.383446 0.036396 0.268243
0 0.412973 0.394932 0.042523 0.234459
0 0.380541 0.391892 0.035315 0.217568
0 0.338739 0.387838 0.055495 0.183784
0 0.299459 0.356757 0.061982 0.194595
0 0.282342 0.280743 0.059459 0.160135
0 0.517297 0.397973 0.032793 0.263514
0 0.538919 0.391892 0.029189 0.235135
0 0.566847 0.371622 0.040360 0.295946
0 0.590991 0.368581 0.046847 0.279054
0 0.625405 0.371622 0.037838 0.248649
0 0.662523 0.372297 0.061622 0.213514
0 0.699279 0.346622 0.063063 0.210811
0 0.717297 0.283108 0.051532 0.156757
0 0.509189 0.627365 0.020901 0.185811
0 0.529910 0.635135 0.026306 0.195946
0 0.558919 0.632770 0.036757 0.220946
0 0.584144 0.609797 0.043243 0.189865
0 0.612793 0.604054 0.054414 0.195946
0 0.667928 0.584797 0.095495 0.203378
0 0.711532 0.539189 0.080360 0.193243
0 0.757117 0.509797 0.065586 0.141216
0 0.490811 0.628716 0.020901 0.187162
0 0.471532 0.632770 0.022703 0.189865
0 0.443243 0.631081 0.034595 0.210811
0 0.418559 0.622973 0.034955 0.194595
0 0.390811 0.608446 0.047928 0.200676
0 0.333153 0.589527 0.095495 0.215541
0 0.291351 0.543581 0.085405 0.193919
0 0.245225 0.507095 0.063784 0.137162