0 0.491171 0.523649 0.024505 0.187838
0 0.467568 0.515203 0.023423 0.170946
0 0.442523 0.489865 0.032432 0.205405
0 0.420360 0.492230 0.037838 0.184459
0 0.394955 0.481757 0.036757 0.191892
0 0.363423 0.469257 0.048649 0.192568
0 0.318198 0.458446 0.045405 0.192568
0 0.295676 0.386486 0.046486 0.127027
0 0.517658 0.524324 0.025586 0.187838
0 0.604144 0.593581 0.019820 0.025000
0 0.636396 0.562162 0.001441 0.002703
0 0.542162 0.515878 0.023423 0.181757
0 0.565946 0.491554 0.029189 0.204730
0 0.585766 0.478378 0.034234 0.209459
0 0.609009 0.495946 0.033153 0.177027
0 0.640901 0.475000 0.045045 0.183784
0 0.683063 0.460811 0.046486 0.186486
0 0.704685 0.394257 0.052973 0.127703
0 0.503604 0.705068 0.015495 0.145270
0 0.522523 0.710473 0.020901 0.166892
0 0.545045 0.724324 0.026306 0.187838
0 0.567207 0.713176 0.031712 0.180405
0 0.645586 0.686149 0.065946 0.188514
0 0.693514 0.651689 0.073874 0.173649
0 0.741802 0.638514 0.053694 0.118919
0 0.487748 0.704392 0.014775 0.139865
0 0.470270 0.712162 0.018739 0.164865
0 0.445766 0.717905 0.029550 0.191216
0 0.422162 0.711486 0.033514 0.193243
0 0.393333 0.689189 0.041441 0.194595
0 0.355135 0.683446 0.064505 0.202027
0 0.308468 0.656419 0.067027 0.173649
0 0.259459 0.635473 0.059099 0.116892
0 0.597838 0.653041 0.047568 0.087162