0 0.580360 0.443243 0.001802 0.010811
0 0.490090 0.498986 0.024505 0.179054
0 0.466126 0.500338 0.021261 0.173649
0 0.440901 0.464527 0.030631 0.225000
0 0.414955 0.489527 0.032072 0.175000
0 0.389009 0.473311 0.034955 0.200676
0 0.353694 0.479730 0.047928 0.179730
0 0.315135 0.427365 0.053694 0.181757
0 0.289730 0.389189 0.038198 0.085135
0 0.520360 0.505068 0.024505 0.172297
0 0.540000 0.495946 0.025586 0.178378
0 0.563063 0.464189 0.028468 0.229730
0 0.585405 0.494932 0.040721 0.168243
0 0.610450 0.484797 0.040360 0.176351
0 0.645225 0.488514 0.049369 0.148649
0 0.681622 0.446284 0.059459 0.170946
0 0.701622 0.379730 0.041802 0.094595
0 0.509550 0.689527 0.018018 0.147973
0 0.523423 0.706757 0.021982 0.171622
0 0.539099 0.715878 0.030270 0.191216
0 0.561982 0.710473 0.027748 0.177703
0 0.585225 0.708108 0.042523 0.177027
0 0.626847 0.693243 0.070991 0.190541
0 0.673874 0.656081 0.074955 0.156757
0 0.720721 0.645608 0.046126 0.112838
0 0.494054 0.688514 0.015856 0.148649
0 0.475856 0.698986 0.020541 0.169595
0 0.458378 0.718919 0.028108 0.210811
0 0.435676 0.705068 0.029550 0.175000
0 0.410991 0.702703 0.037117 0.177027
0 0.364505 0.694595 0.069550 0.182432
0 0.322342 0.670270 0.065225 0.164865
0 0.274955 0.642905 0.046126 0.096622