0 0.465045 0.526014 0.032072 0.227703
0 0.436396 0.523649 0.031712 0.204054
0 0.407207 0.488514 0.033874 0.233784
0 0.377297 0.495946 0.035315 0.187838
0 0.350811 0.490878 0.040000 0.177703
0 0.317117 0.473649 0.054054 0.175676
0 0.285586 0.417905 0.047928 0.123649
0 0.257838 0.355405 0.039279 0.075676
0 0.498919 0.526689 0.031351 0.219595
0 0.523964 0.520270 0.036036 0.197297
0 0.552432 0.469257 0.038198 0.258784
0 0.581081 0.475676 0.039279 0.247297
0 0.605586 0.441216 0.045766 0.181081
0 0.655495 0.484459 0.057658 0.178378
0 0.686847 0.424662 0.053333 0.131757
0 0.719099 0.372635 0.046486 0.072297
0 0.486667 0.736486 0.020541 0.171622
0 0.503964 0.746959 0.027027 0.187162
0 0.531351 0.742230 0.029189 0.206081
0 0.558378 0.725000 0.032072 0.175676
0 0.596937 0.761149 0.043604 0.143919
0 0.641261 0.692568 0.083964 0.200000
0 0.688288 0.657432 0.072072 0.160811
0 0.733874 0.625000 0.040721 0.104054
0 0.465225 0.726014 0.023063 0.154730
0 0.444685 0.732095 0.025946 0.175000
0 0.417838 0.733446 0.034234 0.206081
0 0.393514 0.711824 0.033874 0.162838
0 0.365405 0.696959 0.046126 0.161486
0 0.325586 0.682095 0.082523 0.196622
0 0.286306 0.640878 0.072432 0.161486
0 0.236577 0.598649 0.034234 0.093243
0 0.619279 0.553716 0.041441 0.088514
0 0.593514 0.678716 0.056216 0.087162