0 0.494054 0.554392 0.023784 0.233108
0 0.480180 0.556419 0.028468 0.208784
0 0.460000 0.525000 0.033514 0.250000
0 0.441261 0.544932 0.043604 0.184459
0 0.418559 0.538514 0.042162 0.175676
0 0.380901 0.534122 0.054775 0.169595
0 0.349009 0.471622 0.043604 0.155405
0 0.324685 0.429392 0.049009 0.084459
0 0.519279 0.559797 0.024505 0.219595
0 0.535676 0.548311 0.027748 0.212838
0 0.553514 0.531419 0.032432 0.237162
0 0.574955 0.532770 0.037838 0.200676
0 0.597117 0.507770 0.039640 0.227703
0 0.623604 0.511486 0.058018 0.194595
0 0.656577 0.479392 0.052613 0.158784
0 0.675495 0.429730 0.040000 0.083784
0 0.520000 0.759122 0.018739 0.141216
0 0.536577 0.767230 0.018018 0.157432
0 0.556036 0.785135 0.025225 0.208108
0 0.577477 0.771622 0.029189 0.183784
0 0.605045 0.755405 0.041802 0.172973
0 0.645586 0.735135 0.079640 0.183784
0 0.680721 0.690878 0.067027 0.157432
0 0.720721 0.664527 0.046126 0.087162
0 0.504144 0.771959 0.017297 0.166892
0 0.488468 0.771959 0.024865 0.168243
0 0.471892 0.780405 0.032793 0.198649
0 0.446847 0.777027 0.031712 0.181081
0 0.420721 0.768919 0.042883 0.194595
0 0.374595 0.744932 0.088288 0.187162
0 0.330450 0.714189 0.074955 0.167568
0 0.283784 0.678378 0.045766 0.090541