0 0.490631 0.487162 0.026306 0.177027
0 0.468829 0.484459 0.032432 0.159459
0 0.454234 0.371622 0.045766 0.171622
0 0.440541 0.422973 0.036396 0.168919
0 0.402342 0.439189 0.058739 0.154054
0 0.377838 0.488514 0.050090 0.137838
0 0.345405 0.442905 0.053694 0.088514
0 0.518198 0.473649 0.027387 0.194595
0 0.538378 0.472297 0.025946 0.156757
0 0.555135 0.372635 0.042162 0.179054
0 0.573874 0.466892 0.032072 0.129730
0 0.593514 0.417568 0.035315 0.139189
0 0.620180 0.460135 0.048288 0.143243
0 0.654595 0.415878 0.050811 0.111486
0 0.512252 0.691554 0.019820 0.143919
0 0.529369 0.696622 0.027387 0.156757
0 0.551171 0.730743 0.023423 0.150676
0 0.579099 0.730743 0.030991 0.129054
0 0.609730 0.701014 0.044685 0.125000
0 0.642162 0.661486 0.066306 0.183784
0 0.693333 0.662162 0.061261 0.139189
0 0.493694 0.697297 0.018018 0.143243
0 0.477658 0.702703 0.032072 0.164865
0 0.458739 0.759797 0.026667 0.181757
0 0.423063 0.748986 0.033874 0.120946
0 0.350631 0.686149 0.086486 0.181757
0 0.303964 0.681419 0.060180 0.138514
0 0.448468 0.516892 0.026306 0.082432
0 0.434234 0.522973 0.030270 0.079730
0 0.414955 0.521959 0.043604 0.077703
0 0.590450 0.501351 0.038559 0.075676
0 0.556216 0.518581 0.021982 0.069595
0 0.557477 0.642568 0.026667 0.055405
0 0.572613 0.638851 0.030991 0.070946
0 0.596577 0.625338 0.038559 0.069595
0 0.450270 0.655405 0.023423 0.064865
0 0.429550 0.664865 0.036036 0.078378
0 0.402703 0.655068 0.049369 0.083108