0 0.484324 0.542568 0.035315 0.182432
0 0.458018 0.536824 0.028829 0.157432
0 0.427748 0.520946 0.032432 0.186486
0 0.403784 0.516892 0.038559 0.186486
0 0.372252 0.522635 0.041802 0.162838
0 0.334595 0.527027 0.045766 0.160811
0 0.293333 0.513851 0.046126 0.169595
0 0.283243 0.430743 0.053333 0.089865
0 0.517297 0.535473 0.031351 0.184459
0 0.544324 0.545270 0.029910 0.156757
0 0.571171 0.531081 0.034595 0.179730
0 0.596396 0.509797 0.040360 0.203378
0 0.626126 0.514189 0.031351 0.179730
0 0.662162 0.524324 0.048649 0.166216
0 0.706486 0.495946 0.045045 0.198649
0 0.717658 0.427027 0.044324 0.121622
0 0.506847 0.717230 0.021261 0.142568
0 0.525045 0.723986 0.024505 0.166892
0 0.551351 0.727027 0.028108 0.185135
0 0.576757 0.717568 0.032793 0.158108
0 0.605946 0.714527 0.032793 0.157432
0 0.644144 0.716892 0.061622 0.177027
0 0.690270 0.687838 0.062342 0.147297
0 0.741261 0.691216 0.054775 0.112162
0 0.706847 0.517568 0.044324 0.155405
0 0.487027 0.717230 0.020541 0.129054
0 0.466306 0.715878 0.022342 0.137162
0 0.442703 0.725338 0.024144 0.170946
0 0.417658 0.715541 0.032432 0.151351
0 0.389009 0.715541 0.032793 0.150000
0 0.352252 0.711486 0.063063 0.159459
0 0.303243 0.697973 0.066667 0.170270
0 0.255315 0.680068 0.052973 0.112838