0 0.476036 0.523311 0.037477 0.258784
0 0.444505 0.532095 0.027748 0.196622
0 0.421622 0.439189 0.033874 0.162162
0 0.392072 0.491554 0.038919 0.181757
0 0.364685 0.473986 0.036757 0.152027
0 0.327027 0.487162 0.059459 0.197297
0 0.300360 0.444257 0.055856 0.112838
0 0.511712 0.532432 0.033874 0.237838
0 0.536396 0.518243 0.039279 0.224324
0 0.560721 0.441554 0.037477 0.164189
0 0.590270 0.483784 0.038198 0.167568
0 0.618378 0.447973 0.037477 0.159459
0 0.659820 0.476689 0.053333 0.204730
0 0.687387 0.433784 0.054414 0.116216
0 0.507207 0.747297 0.021982 0.166216
0 0.530090 0.750676 0.025946 0.185135
0 0.562342 0.776351 0.057297 0.178378
0 0.597477 0.752027 0.035315 0.113514
0 0.629910 0.714189 0.048288 0.120270
0 0.680901 0.683108 0.091892 0.175676
0 0.725225 0.657095 0.055135 0.108784
0 0.483964 0.759122 0.021622 0.191216
0 0.461261 0.736824 0.028108 0.162838
0 0.424685 0.760135 0.042883 0.178378
0 0.395315 0.744595 0.043243 0.136486
0 0.341261 0.762162 0.045405 0.105405
0 0.306667 0.688176 0.092973 0.180405
0 0.261982 0.648311 0.058378 0.103378
0 0.418559 0.554392 0.033514 0.137162
0 0.391712 0.590541 0.033874 0.063514
0 0.361081 0.578378 0.041081 0.098649
0 0.569550 0.553041 0.031351 0.126351
0 0.592613 0.570946 0.035676 0.075676
0 0.621982 0.555743 0.043964 0.095270
0 0.557297 0.698649 0.031351 0.082432
0 0.581261 0.677365 0.034595 0.062838
0 0.357838 0.687500 0.061982 0.093919