0 0.478378 0.488176 0.031351 0.245270
0 0.450811 0.492905 0.029550 0.210135
0 0.432793 0.428041 0.033153 0.181757
0 0.403604 0.455068 0.036036 0.156081
0 0.377297 0.452365 0.036036 0.118243
0 0.341441 0.479730 0.046486 0.200000
0 0.341982 0.478378 0.048288 0.202703
0 0.296577 0.374662 0.026667 0.061486
0 0.507568 0.485135 0.029910 0.251351
0 0.527748 0.487162 0.036396 0.231081
0 0.552072 0.409797 0.033874 0.231757
0 0.581802 0.473986 0.040721 0.133108
0 0.608468 0.466554 0.040000 0.112838
0 0.640721 0.485135 0.054775 0.190541
0 0.666847 0.434797 0.056577 0.110135
0 0.694414 0.373649 0.036757 0.056757
0 0.498559 0.709797 0.019099 0.173649
0 0.514955 0.706081 0.028829 0.167568
0 0.535676 0.727703 0.027748 0.186486
0 0.560180 0.704054 0.035676 0.144595
0 0.598919 0.736486 0.037477 0.109459
0 0.632613 0.665878 0.075315 0.177703
0 0.691712 0.667230 0.060901 0.127703
0 0.725225 0.597973 0.019099 0.071622
0 0.476757 0.710135 0.025225 0.181081
0 0.459820 0.723649 0.025225 0.193243
0 0.434054 0.740878 0.029189 0.214189
0 0.412973 0.714865 0.030270 0.174324
0 0.375856 0.728041 0.033153 0.104730
0 0.345946 0.661486 0.063423 0.168919
0 0.295856 0.654054 0.051171 0.129730
0 0.264144 0.582432 0.019459 0.068919
0 0.428108 0.552027 0.026667 0.097297
0 0.404324 0.556757 0.033153 0.086486
0 0.378739 0.545270 0.040360 0.093243
0 0.556396 0.555405 0.028829 0.093243
0 0.576396 0.559122 0.034955 0.083108
0 0.604685 0.555068 0.044685 0.089865
0 0.592793 0.654392 0.057658 0.111486
0 0.384505 0.656419 0.050450 0.119595