0 0.501422 0.707557 0.024912 0.193507
0 0.485762 0.716233 0.023488 0.197507
0 0.523130 0.708892 0.031319 0.196176
0 0.687542 0.670193 0.069751 0.150804
0 0.466189 0.714899 0.028472 0.181500
0 0.620995 0.505314 0.054804 0.186966
0 0.593948 0.519324 0.049114 0.196311
0 0.567969 0.503976 0.038432 0.237682
0 0.651955 0.697551 0.099643 0.170818
0 0.533449 0.510649 0.051957 0.227000
0 0.600353 0.704889 0.051957 0.164142
0 0.485050 0.517324 0.033452 0.232338
0 0.290746 0.690209 0.071885 0.166811
0 0.339501 0.711561 0.082562 0.193500
0 0.458717 0.515318 0.046263 0.233676
0 0.311386 0.425909 0.076155 0.204318
0 0.417791 0.725574 0.037009 0.178824
0 0.513521 0.515321 0.036295 0.228331
0 0.660850 0.502639 0.077578 0.192291
0 0.423485 0.487963 0.048396 0.272372
0 0.568681 0.721571 0.044130 0.192169
0 0.397506 0.497304 0.059077 0.245689
0 0.337364 0.488632 0.056941 0.231007
0 0.544481 0.733581 0.031319 0.208189
0 0.387897 0.720902 0.045553 0.177493
0 0.729892 0.632159 0.046263 0.117439
0 0.444126 0.722240 0.039856 0.188169
0 0.280780 0.383868 0.056227 0.138926
0 0.372951 0.516652 0.044130 0.247020
0 0.684695 0.432581 0.072598 0.169622