0 0.472793 0.523986 0.030270 0.180405
0 0.439099 0.508446 0.033514 0.230405
0 0.401081 0.507432 0.036036 0.194595
0 0.370991 0.505068 0.031351 0.181757
0 0.334234 0.492568 0.050090 0.185135
0 0.300901 0.476014 0.049730 0.146622
0 0.292793 0.391216 0.047207 0.086486
0 0.509730 0.522297 0.032072 0.179730
0 0.534775 0.521284 0.030991 0.165541
0 0.560541 0.483446 0.035676 0.247973
0 0.588829 0.482432 0.042523 0.217568
0 0.617658 0.483446 0.035315 0.202027
0 0.653694 0.482432 0.055495 0.177027
0 0.690631 0.458446 0.060901 0.149324
0 0.703604 0.357770 0.041441 0.080405
0 0.511892 0.701351 0.018378 0.155405
0 0.531892 0.712838 0.020180 0.185135
0 0.552793 0.721959 0.026667 0.220946
0 0.578198 0.723986 0.032072 0.202027
0 0.604685 0.716216 0.036036 0.194595
0 0.650631 0.682095 0.073153 0.179054
0 0.690450 0.625676 0.072072 0.152703
0 0.733514 0.609459 0.044324 0.086486
0 0.494414 0.700338 0.018018 0.156081
0 0.474955 0.715878 0.023784 0.189865
0 0.450631 0.723649 0.024865 0.204054
0 0.422162 0.726351 0.028468 0.189189
0 0.398378 0.726351 0.030631 0.190541
0 0.354234 0.701351 0.071351 0.171622
0 0.311351 0.651014 0.066306 0.157432
0 0.268649 0.628716 0.043604 0.079054