0 0.492072 0.549662 0.030631 0.219595
0 0.465586 0.548649 0.023784 0.190541
0 0.439279 0.535473 0.033153 0.215541
0 0.417117 0.514189 0.039279 0.218919
0 0.392793 0.519595 0.036757 0.186486
0 0.360360 0.513851 0.049009 0.169595
0 0.323423 0.485135 0.056577 0.177027
0 0.310811 0.414189 0.063063 0.113514
0 0.520901 0.553378 0.030631 0.216216
0 0.545225 0.550000 0.023784 0.187838
0 0.571712 0.539527 0.031351 0.222297
0 0.592072 0.541216 0.034595 0.194595
0 0.617658 0.528041 0.036757 0.193919
0 0.647387 0.512500 0.047928 0.173649
0 0.681261 0.490541 0.050811 0.163514
0 0.696216 0.422635 0.051892 0.110135
0 0.510270 0.755405 0.020901 0.163514
0 0.529550 0.758784 0.019820 0.152703
0 0.556216 0.750338 0.040000 0.153378
0 0.581982 0.750338 0.038919 0.179054
0 0.620000 0.764865 0.040721 0.167568
0 0.653694 0.700000 0.081441 0.171622
0 0.697117 0.668919 0.077477 0.168919
0 0.743063 0.611824 0.045405 0.100676
0 0.489910 0.756081 0.021261 0.170270
0 0.470811 0.753378 0.022703 0.164865
0 0.448108 0.756081 0.029910 0.187838
0 0.419459 0.745270 0.038198 0.186486
0 0.386667 0.732095 0.059099 0.181757
0 0.348649 0.707432 0.093333 0.175676
0 0.309189 0.668243 0.078559 0.164865