0 0.498378 0.523986 0.027387 0.220946
0 0.479099 0.512838 0.033514 0.213514
0 0.461802 0.418919 0.030631 0.248649
0 0.441622 0.519932 0.042162 0.097973
0 0.411892 0.475000 0.046847 0.105405
0 0.378919 0.482770 0.060180 0.210135
0 0.347568 0.423311 0.059459 0.104730
0 0.526667 0.518243 0.027748 0.233784
0 0.547207 0.522973 0.034955 0.177027
0 0.564865 0.428716 0.029189 0.234459
0 0.590631 0.505405 0.034595 0.104054
0 0.613153 0.453041 0.036396 0.133108
0 0.650631 0.491216 0.055135 0.200000
0 0.668108 0.422297 0.052613 0.102703
0 0.522703 0.726351 0.026306 0.185135
0 0.541622 0.725000 0.023784 0.175676
0 0.563784 0.749662 0.028468 0.214189
0 0.588649 0.717230 0.036396 0.169595
0 0.635495 0.759797 0.042883 0.110135
0 0.666306 0.665878 0.077838 0.161486
0 0.713694 0.658446 0.055856 0.116892
0 0.502342 0.725338 0.025225 0.179054
0 0.484505 0.726689 0.037117 0.181757
0 0.459820 0.743581 0.030270 0.208784
0 0.431712 0.741554 0.044685 0.216892
0 0.387748 0.746959 0.054775 0.114189
0 0.354234 0.677027 0.089369 0.183784
0 0.289189 0.673311 0.060901 0.120946
0 0.448108 0.579730 0.046486 0.090541
0 0.408649 0.558446 0.043964 0.102027
0 0.570991 0.543243 0.024144 0.151351
0 0.591532 0.571622 0.034955 0.082432
0 0.619640 0.555743 0.042883 0.111486
0 0.620901 0.679392 0.051892 0.085811
0 0.400180 0.665541 0.058739 0.102703