0 0.486667 0.514189 0.033514 0.235135
0 0.464685 0.508108 0.031351 0.198649
0 0.445586 0.415203 0.045766 0.150676
0 0.416577 0.518243 0.044685 0.109459
0 0.404865 0.436149 0.045045 0.106081
0 0.353874 0.456757 0.060541 0.200000
0 0.332973 0.403378 0.054775 0.120270
0 0.309730 0.342905 0.036396 0.049324
0 0.520180 0.518243 0.032793 0.221622
0 0.541261 0.497973 0.029550 0.198649
0 0.559820 0.411824 0.052252 0.164189
0 0.581261 0.465203 0.036036 0.129054
0 0.602342 0.426689 0.039279 0.123649
0 0.644324 0.441554 0.067027 0.225000
0 0.675315 0.400338 0.052613 0.125000
0 0.700180 0.342905 0.040360 0.065541
0 0.488288 0.743919 0.034595 0.198649
0 0.511712 0.737162 0.027387 0.187838
0 0.540541 0.772297 0.041802 0.159459
0 0.563243 0.709459 0.033153 0.145946
0 0.609730 0.746622 0.053333 0.114865
0 0.643243 0.675338 0.084324 0.195270
0 0.697838 0.668243 0.063784 0.120270
0 0.475856 0.731757 0.021982 0.178378
0 0.456757 0.738514 0.027027 0.205405
0 0.422523 0.753041 0.045045 0.160135
0 0.407387 0.702365 0.040721 0.143919
0 0.361802 0.745270 0.041802 0.112162
0 0.331171 0.668919 0.087207 0.187838
0 0.279640 0.659122 0.061261 0.118243
0 0.439820 0.515878 0.029189 0.170946
0 0.390991 0.506757 0.045405 0.135135
0 0.563784 0.518243 0.027748 0.170270
0 0.587748 0.545946 0.032432 0.086486
0 0.615135 0.505743 0.048288 0.134459
0 0.535676 0.675338 0.024865 0.061486
0 0.597117 0.670946 0.067027 0.136486
0 0.433153 0.663851 0.022342 0.064189
0 0.378378 0.667568 0.060541 0.118919