0 0.466486 0.573649 0.030631 0.167568
0 0.440000 0.540541 0.028108 0.095946
0 0.410090 0.468243 0.040360 0.100000
0 0.401982 0.551014 0.043604 0.097973
0 0.380721 0.534459 0.040000 0.104054
0 0.345045 0.559459 0.054414 0.172973
0 0.309189 0.506419 0.052613 0.097973
0 0.498739 0.573649 0.028829 0.160811
0 0.519820 0.539527 0.034955 0.100676
0 0.546847 0.450676 0.041441 0.102703
0 0.561622 0.528041 0.046486 0.103378
0 0.587748 0.510135 0.046847 0.110811
0 0.621261 0.560473 0.063423 0.157432
0 0.661081 0.478378 0.057297 0.131081
0 0.494414 0.767230 0.025946 0.172297
0 0.511712 0.771284 0.028108 0.189865
0 0.540721 0.862162 0.035676 0.116216
0 0.565405 0.804392 0.044685 0.079054
0 0.603423 0.800000 0.042883 0.079730
0 0.640721 0.731419 0.072793 0.181757
0 0.710811 0.707095 0.052973 0.102027
0 0.475856 0.758108 0.020541 0.158108
0 0.458378 0.798649 0.024505 0.140541
0 0.432432 0.854392 0.033874 0.104730
0 0.409369 0.801014 0.036036 0.092568
0 0.377838 0.806419 0.036396 0.080405
0 0.332072 0.737500 0.075315 0.176351
0 0.273153 0.709122 0.044685 0.100676
0 0.442162 0.595270 0.018018 0.079730
0 0.414595 0.625676 0.042883 0.109459
0 0.381261 0.621622 0.042523 0.100000
0 0.522162 0.617905 0.018018 0.070946
0 0.541982 0.578716 0.029550 0.172297
0 0.581802 0.606419 0.051532 0.112838
0 0.531892 0.746622 0.033153 0.154054
0 0.558378 0.729392 0.039279 0.114189
0 0.591712 0.718243 0.058378 0.120270
0 0.457838 0.716892 0.015495 0.089189
0 0.438919 0.755405 0.025225 0.122973
0 0.415676 0.735135 0.042162 0.089189
0 0.383784 0.734797 0.054054 0.096622