0 0.572786 0.754608 0.046775 0.208284
0 0.321353 0.721723 0.083218 0.200973
0 0.483755 0.744865 0.024750 0.208284
0 0.610106 0.509723 0.040991 0.205973
0 0.587695 0.510331 0.054634 0.224243
0 0.541247 0.755824 0.047488 0.205851
0 0.396708 0.470135 0.057229 0.190135
0 0.673768 0.467091 0.079968 0.188912
0 0.501295 0.747905 0.031247 0.199757
0 0.278153 0.687615 0.068277 0.179054
0 0.521110 0.752172 0.038393 0.222899
0 0.403528 0.750953 0.043589 0.205851
0 0.374622 0.664473 0.049438 0.062122
0 0.661784 0.722328 0.097441 0.204628
0 0.436333 0.755216 0.036443 0.228986
0 0.314207 0.438466 0.062425 0.182824
0 0.365526 0.768615 0.055932 0.175392
0 0.370398 0.451260 0.060479 0.176736
0 0.463942 0.755824 0.030595 0.227770
0 0.422368 0.462831 0.040987 0.272959
0 0.700402 0.411061 0.050086 0.154811
0 0.640962 0.507287 0.062429 0.203534
0 0.379492 0.563314 0.034494 0.103655
0 0.503571 0.509115 0.038393 0.309500
0 0.473688 0.519466 0.055283 0.279054
0 0.450301 0.507895 0.035795 0.253466
0 0.719598 0.682135 0.102641 0.197324
0 0.557162 0.489625 0.054634 0.255912
0 0.525980 0.499372 0.050735 0.270527
0 0.339867 0.496324 0.053982 0.203527
0 0.246323 0.640723 0.057877 0.109622
0 0.615011 0.754608 0.059766 0.183919