0 0.473389 0.471000 0.038627 0.276986
0 0.275537 0.600642 0.073820 0.191527
0 0.323605 0.632027 0.084119 0.173824
0 0.360944 0.668236 0.050645 0.194743
0 0.394420 0.681919 0.047211 0.206014
0 0.421459 0.687551 0.044634 0.217277
0 0.447640 0.685943 0.035193 0.194736
0 0.472532 0.685139 0.036912 0.177034
0 0.493991 0.692378 0.035196 0.194743
0 0.521029 0.697209 0.037769 0.226932
0 0.537768 0.690770 0.057510 0.246243
0 0.575966 0.689159 0.054937 0.236588
0 0.614162 0.698014 0.060944 0.231757
0 0.660944 0.660189 0.085838 0.210838
0 0.704290 0.626395 0.066094 0.185088
0 0.752360 0.570064 0.060944 0.117493
0 0.298283 0.402601 0.074677 0.191689
0 0.333476 0.426743 0.045495 0.211000
0 0.365665 0.447666 0.036050 0.233534
0 0.393133 0.463757 0.030901 0.198122
0 0.418025 0.467780 0.034335 0.206169
0 0.442917 0.466172 0.032616 0.238358
0 0.505578 0.467784 0.037766 0.251230
0 0.534333 0.458932 0.030043 0.214216
0 0.562659 0.433179 0.033477 0.259277
0 0.587984 0.446858 0.048068 0.231919
0 0.619314 0.446054 0.047211 0.211000
0 0.656222 0.419500 0.057510 0.212608
0 0.692703 0.392139 0.068670 0.209385
0 0.703861 0.326956 0.066951 0.162709
0 0.278539 0.329372 0.072962 0.119257