0 0.490991 0.505743 0.032072 0.226351
0 0.462523 0.508784 0.031351 0.183784
0 0.440901 0.385473 0.041441 0.168243
0 0.414595 0.476014 0.038559 0.131757
0 0.385225 0.452703 0.046847 0.117568
0 0.342883 0.463514 0.052973 0.187838
0 0.316216 0.388851 0.059459 0.126351
0 0.524685 0.506081 0.033874 0.225676
0 0.554775 0.514189 0.028468 0.181081
0 0.570450 0.404392 0.035315 0.169595
0 0.595676 0.458446 0.039640 0.168243
0 0.621081 0.444595 0.039279 0.122973
0 0.657838 0.457095 0.050811 0.169595
0 0.684144 0.383108 0.055856 0.120270
0 0.500721 0.712162 0.016937 0.174324
0 0.520180 0.719257 0.020541 0.177703
0 0.549730 0.821959 0.047928 0.153378
0 0.570631 0.752365 0.037838 0.115541
0 0.613333 0.719932 0.038198 0.102027
0 0.655135 0.656757 0.083604 0.198649
0 0.704505 0.647973 0.058378 0.110811
0 0.481622 0.716554 0.021261 0.177703
0 0.463604 0.717905 0.029910 0.177703
0 0.433514 0.822297 0.049730 0.154054
0 0.403063 0.757095 0.037838 0.115541
0 0.366847 0.732432 0.041802 0.098649
0 0.332973 0.664527 0.093694 0.183108
0 0.280360 0.647297 0.057658 0.112162
0 0.439640 0.522973 0.027387 0.120270
0 0.415135 0.553378 0.035315 0.083784
0 0.384505 0.526014 0.046847 0.088514
0 0.576036 0.535811 0.022703 0.118919
0 0.600000 0.553716 0.029550 0.064189
0 0.626306 0.529730 0.039640 0.093243
0 0.542703 0.687500 0.026667 0.142568
0 0.573874 0.681757 0.046486 0.083784
0 0.605766 0.654054 0.063423 0.105405
0 0.437658 0.693243 0.027027 0.121622
0 0.412252 0.707770 0.045405 0.102027