0 0.332105 0.528601 0.066912 0.192568
0 0.362604 0.535301 0.034497 0.179169
0 0.389238 0.561490 0.040991 0.170642
0 0.423018 0.455520 0.050086 0.212054
0 0.415872 0.587068 0.042288 0.136541
0 0.714402 0.694314 0.083153 0.151034
0 0.476285 0.552355 0.034494 0.232764
0 0.447378 0.550527 0.032544 0.233986
0 0.508768 0.550527 0.038393 0.233986
0 0.530204 0.546872 0.048789 0.226676
0 0.564341 0.456740 0.061063 0.195007
0 0.566614 0.585240 0.034432 0.137764
0 0.590618 0.551747 0.044890 0.214493
0 0.613355 0.507287 0.047488 0.174304
0 0.647135 0.551743 0.059178 0.197446
0 0.679941 0.476226 0.065027 0.151155
0 0.584804 0.788105 0.043524 0.148601
0 0.636449 0.791757 0.059766 0.138851
0 0.399308 0.800905 0.048137 0.144919
0 0.242750 0.630368 0.054631 0.084047
0 0.527551 0.753088 0.044890 0.200973
0 0.505517 0.755824 0.038393 0.181486
0 0.433413 0.773486 0.033196 0.177838
0 0.755944 0.615145 0.052032 0.095007
0 0.273932 0.679091 0.083214 0.132764
0 0.316838 0.459784 0.066259 0.128014
0 0.351885 0.777142 0.059827 0.119365
0 0.551966 0.767395 0.044241 0.180264
0 0.460371 0.769226 0.029946 0.203412
0 0.482133 0.754608 0.034494 0.198541