0 0.483964 0.556081 0.032432 0.231081
0 0.458739 0.537838 0.033153 0.241892
0 0.434595 0.571622 0.031712 0.162162
0 0.416937 0.500338 0.040360 0.183108
0 0.378559 0.532770 0.046486 0.219595
0 0.341441 0.527027 0.059459 0.187838
0 0.314595 0.467905 0.056937 0.103378
0 0.518378 0.569257 0.032072 0.215541
0 0.547568 0.549662 0.028468 0.227703
0 0.568829 0.568243 0.028468 0.164865
0 0.596757 0.555068 0.035315 0.184459
0 0.621802 0.554054 0.044324 0.172973
0 0.653514 0.520946 0.062342 0.201351
0 0.676036 0.463514 0.055495 0.116216
0 0.513333 0.780405 0.024144 0.189189
0 0.533874 0.784797 0.024865 0.189865
0 0.564324 0.842905 0.045405 0.142568
0 0.589550 0.817905 0.033874 0.114189
0 0.626667 0.806419 0.035315 0.111486
0 0.669189 0.730405 0.080721 0.193243
0 0.718378 0.716216 0.058018 0.116216
0 0.496577 0.795270 0.025225 0.217568
0 0.474955 0.797635 0.023784 0.206081
0 0.443243 0.851014 0.056216 0.142568
0 0.421081 0.807432 0.037838 0.114865
0 0.336757 0.730405 0.085405 0.185135
0 0.279459 0.725338 0.057297 0.116892
0 0.411532 0.605405 0.034595 0.081081
0 0.552613 0.750338 0.027748 0.129054
0 0.580901 0.737500 0.046847 0.110135
0 0.613874 0.728378 0.052973 0.131081
0 0.454414 0.777365 0.024505 0.183108
0 0.430811 0.723311 0.037117 0.068243
0 0.389730 0.737838 0.066667 0.145946