0 0.494775 0.475676 0.031712 0.274324
0 0.466306 0.471622 0.026667 0.250000
0 0.451171 0.397297 0.038919 0.202703
0 0.418559 0.473311 0.038559 0.223649
0 0.393694 0.463514 0.038559 0.198649
0 0.358018 0.430743 0.049369 0.220946
0 0.330631 0.385473 0.050811 0.127703
0 0.527207 0.472297 0.033153 0.274324
0 0.550270 0.457432 0.028829 0.252703
0 0.573153 0.364865 0.037838 0.279730
0 0.600721 0.461486 0.038198 0.168919
0 0.622162 0.428041 0.037117 0.188514
0 0.657297 0.422635 0.051892 0.218243
0 0.680721 0.364189 0.049730 0.137838
0 0.704324 0.296959 0.037838 0.053378
0 0.505586 0.708108 0.018739 0.172973
0 0.524505 0.718243 0.021261 0.191892
0 0.551351 0.716216 0.031712 0.185135
0 0.577838 0.694932 0.034955 0.193919
0 0.607928 0.666216 0.046847 0.163514
0 0.651892 0.641892 0.094414 0.193243
0 0.705225 0.596959 0.074955 0.145270
0 0.488829 0.707770 0.021261 0.172297
0 0.471712 0.710811 0.027387 0.187838
0 0.449369 0.707432 0.032432 0.189189
0 0.423423 0.698311 0.030270 0.197973
0 0.395495 0.679054 0.034955 0.147297
0 0.349189 0.646959 0.076396 0.200676
0 0.292432 0.602365 0.073874 0.147973
0 0.443784 0.514527 0.028468 0.139865
0 0.575676 0.528041 0.027748 0.115541