0 0.476036 0.469595 0.039640 0.217568
0 0.446486 0.477365 0.041081 0.202027
0 0.424865 0.395608 0.034595 0.235811
0 0.407207 0.478716 0.038919 0.196622
0 0.378919 0.481081 0.033514 0.190541
0 0.339640 0.473311 0.047207 0.183108
0 0.302162 0.454392 0.061622 0.177703
0 0.281982 0.387838 0.051532 0.102703
0 0.510090 0.483446 0.034955 0.197973
0 0.539099 0.452703 0.031712 0.245946
0 0.571532 0.448311 0.033874 0.249324
0 0.587748 0.468919 0.039640 0.197297
0 0.616937 0.462500 0.035315 0.189865
0 0.652072 0.464527 0.050090 0.181757
0 0.709369 0.448311 0.001081 0.002027
0 0.707027 0.442230 0.001441 0.003378
0 0.697117 0.461824 0.051532 0.142568
0 0.710090 0.368581 0.061622 0.088514
0 0.493874 0.685135 0.021982 0.168919
0 0.514775 0.674662 0.033514 0.169595
0 0.611712 0.743581 0.029189 0.088514
0 0.536396 0.711824 0.045045 0.226351
0 0.606306 0.609122 0.034234 0.085811
0 0.574414 0.701014 0.038198 0.179054
0 0.607387 0.696622 0.042162 0.191892
0 0.650631 0.680405 0.081802 0.190541
0 0.702703 0.655743 0.074234 0.183108
0 0.753694 0.629054 0.049369 0.091892
0 0.474054 0.688851 0.024865 0.172297
0 0.449009 0.694595 0.029550 0.183784
0 0.426126 0.718243 0.027748 0.205405
0 0.397477 0.713176 0.029550 0.179054
0 0.370991 0.705743 0.033514 0.177703
0 0.326126 0.687838 0.073514 0.189189
0 0.280901 0.653041 0.069550 0.173649
0 0.236396 0.637838 0.043243 0.095946