0 0.483063 0.575000 0.029189 0.156757
0 0.462162 0.548649 0.028468 0.125676
0 0.439099 0.460811 0.034955 0.120270
0 0.429550 0.522635 0.039640 0.102027
0 0.408649 0.481419 0.041081 0.120946
0 0.366847 0.525676 0.052613 0.160811
0 0.340000 0.477703 0.050090 0.102703
0 0.513874 0.578716 0.025225 0.153378
0 0.533514 0.541892 0.025586 0.125676
0 0.556937 0.465878 0.029910 0.126351
0 0.565586 0.526351 0.039279 0.091892
0 0.582162 0.483784 0.043604 0.110811
0 0.627387 0.519932 0.051892 0.164189
0 0.651712 0.474662 0.052252 0.102027
0 0.497658 0.750676 0.020180 0.148649
0 0.515676 0.751689 0.020180 0.127703
0 0.536937 0.822297 0.030270 0.102703
0 0.554775 0.765878 0.035676 0.077703
0 0.592973 0.758446 0.039279 0.080405
0 0.626306 0.667568 0.077117 0.156757
0 0.685586 0.639189 0.052973 0.087838
0 0.481982 0.751351 0.019820 0.143243
0 0.463784 0.750676 0.021622 0.127027
0 0.437297 0.829054 0.034234 0.113514
0 0.419099 0.764189 0.040360 0.090541
0 0.384865 0.767230 0.043964 0.084459
0 0.353514 0.673986 0.073514 0.158784
0 0.299640 0.651689 0.051532 0.096622
0 0.439640 0.589189 0.026667 0.141892
0 0.422883 0.595946 0.033514 0.093243
0 0.397297 0.571622 0.042162 0.120270
0 0.538919 0.606419 0.020541 0.097973
0 0.555135 0.590203 0.024865 0.143919
0 0.572432 0.594932 0.032793 0.092568
0 0.596757 0.573649 0.041081 0.109459
0 0.533514 0.716216 0.022703 0.129730
0 0.552432 0.695270 0.036036 0.098649
0 0.582883 0.683784 0.058739 0.121622
0 0.445045 0.720946 0.025946 0.128378
0 0.423243 0.699662 0.039279 0.106081
0 0.394595 0.690203 0.059099 0.126351