0 0.484865 0.571284 0.034955 0.238514
0 0.463964 0.555068 0.047928 0.192568
0 0.439279 0.473311 0.042523 0.154730
0 0.418018 0.540203 0.046847 0.139865
0 0.384144 0.544932 0.036036 0.096622
0 0.341982 0.538176 0.058378 0.184459
0 0.320901 0.482770 0.048649 0.115541
0 0.519820 0.572297 0.034955 0.233784
0 0.547027 0.580068 0.036036 0.169595
0 0.563784 0.472297 0.041441 0.147297
0 0.585225 0.536149 0.041802 0.127703
0 0.615856 0.529730 0.035315 0.101351
0 0.651351 0.523649 0.050811 0.193243
0 0.678739 0.470608 0.050090 0.119595
0 0.516577 0.782432 0.021261 0.156757
0 0.538198 0.785811 0.022703 0.168919
0 0.562162 0.844932 0.039640 0.153378
0 0.589910 0.764527 0.033153 0.131757
0 0.623604 0.759459 0.043604 0.101351
0 0.658739 0.706419 0.092973 0.166892
0 0.710991 0.682770 0.052613 0.106081
0 0.495135 0.782432 0.023063 0.151351
0 0.475495 0.779392 0.029910 0.142568
0 0.447928 0.842568 0.037477 0.155405
0 0.416216 0.764865 0.037477 0.147297
0 0.372432 0.775000 0.049369 0.109459
0 0.333694 0.718581 0.096577 0.169595
0 0.283243 0.693243 0.053333 0.098649
0 0.435315 0.611149 0.028108 0.152027
0 0.416216 0.626689 0.041802 0.089865
0 0.384505 0.616892 0.046126 0.090541
0 0.571171 0.606081 0.029550 0.132432
0 0.594054 0.614865 0.039279 0.082432
0 0.616757 0.595946 0.034234 0.079730
0 0.556396 0.741554 0.025946 0.107432
0 0.449369 0.747973 0.043243 0.110811