0 0.267110 0.627932 0.047488 0.113270
0 0.309335 0.658993 0.064378 0.175392
0 0.291795 0.403145 0.053982 0.148723
0 0.316514 0.473182 0.057813 0.179176
0 0.349317 0.485365 0.050670 0.181608
0 0.384723 0.485361 0.029236 0.205966
0 0.560996 0.492230 0.042079 0.226230
0 0.408757 0.462831 0.029232 0.219365
0 0.422043 0.464047 0.042941 0.192568
0 0.446110 0.491453 0.031182 0.184041
0 0.473395 0.497541 0.029881 0.218149
0 0.500971 0.501196 0.031895 0.215716
0 0.519477 0.478649 0.040324 0.214459
0 0.543746 0.480875 0.046836 0.195007
0 0.590942 0.504851 0.046836 0.179176
0 0.622449 0.496936 0.059182 0.187696
0 0.659476 0.487797 0.065676 0.164554
0 0.685137 0.417764 0.062425 0.143851
0 0.677373 0.662645 0.077953 0.168088
0 0.580582 0.716240 0.054569 0.185142
0 0.553948 0.708932 0.045474 0.182703
0 0.528937 0.718676 0.038328 0.197324
0 0.512371 0.713193 0.033780 0.196101
0 0.498697 0.714412 0.024753 0.198541
0 0.479209 0.696750 0.020854 0.187581
0 0.463618 0.716240 0.026047 0.214372
0 0.443804 0.734510 0.031895 0.233858
0 0.418470 0.710152 0.040991 0.204628
0 0.392811 0.708932 0.044238 0.207068
0 0.624431 0.702841 0.083802 0.182709
0 0.352858 0.694314 0.068274 0.202196