0 0.479640 0.475338 0.031712 0.256081
0 0.457297 0.482095 0.041802 0.216892
0 0.434414 0.396284 0.045766 0.241216
0 0.408468 0.445608 0.040000 0.200676
0 0.376216 0.418581 0.039640 0.168243
0 0.337477 0.428378 0.049369 0.220270
0 0.310270 0.385473 0.054054 0.152027
0 0.284505 0.335811 0.049369 0.090541
0 0.512072 0.479392 0.031712 0.246622
0 0.537297 0.487838 0.036036 0.216216
0 0.559820 0.399324 0.043604 0.255405
0 0.585946 0.463176 0.039640 0.206081
0 0.607568 0.423649 0.043964 0.144595
0 0.652793 0.431419 0.060180 0.211486
0 0.680360 0.377365 0.056216 0.158784
0 0.507207 0.721959 0.025586 0.183108
0 0.523964 0.719595 0.039640 0.167568
0 0.559099 0.770270 0.055856 0.172973
0 0.579820 0.740203 0.041802 0.203378
0 0.619820 0.738176 0.069189 0.141216
0 0.660721 0.678378 0.080360 0.201351
0 0.709550 0.659459 0.075676 0.172973
0 0.746126 0.586824 0.043604 0.107432
0 0.702883 0.332095 0.052252 0.087162
0 0.487387 0.717568 0.022703 0.178378
0 0.465225 0.723986 0.025225 0.185811
0 0.429550 0.757095 0.051171 0.206081
0 0.412432 0.717230 0.042883 0.192568
0 0.370991 0.706757 0.069550 0.158108
0 0.330450 0.668243 0.082883 0.198649
0 0.279820 0.655068 0.070991 0.156081
0 0.242703 0.595608 0.037117 0.093919
0 0.430631 0.540541 0.028108 0.086486
0 0.404324 0.536824 0.027387 0.060135
0 0.375315 0.514865 0.042162 0.074324
0 0.564685 0.540878 0.030270 0.089865
0 0.589369 0.544595 0.032793 0.082432
0 0.617838 0.521284 0.040721 0.084459
0 0.548108 0.663176 0.026667 0.068243
0 0.612613 0.649662 0.056937 0.095270
0 0.384865 0.618243 0.046126 0.060811