0 0.476216 0.458446 0.040721 0.264189
0 0.445586 0.439865 0.037117 0.272973
0 0.418739 0.437838 0.041081 0.232432
0 0.401982 0.480405 0.047928 0.198649
0 0.382342 0.481419 0.041081 0.183108
0 0.336216 0.464865 0.058378 0.202703
0 0.291712 0.442568 0.058018 0.190541
0 0.274414 0.374324 0.050090 0.108108
0 0.513694 0.465878 0.040000 0.252027
0 0.544685 0.460811 0.042162 0.237838
0 0.577658 0.436486 0.038919 0.250000
0 0.600000 0.477027 0.044685 0.198649
0 0.634234 0.472635 0.042523 0.193919
0 0.673153 0.468243 0.055495 0.208108
0 0.713153 0.453716 0.056937 0.189865
0 0.716757 0.364865 0.058378 0.105405
0 0.511171 0.687838 0.030631 0.198649
0 0.536396 0.695608 0.033514 0.219595
0 0.567928 0.700676 0.036757 0.243243
0 0.601081 0.693919 0.040360 0.210811
0 0.634775 0.686149 0.037117 0.207432
0 0.687027 0.652365 0.068829 0.176351
0 0.738198 0.630405 0.060901 0.121622
0 0.488288 0.688514 0.029550 0.186486
0 0.466486 0.700000 0.031351 0.228378
0 0.438739 0.713851 0.034955 0.220946
0 0.411351 0.705405 0.041441 0.212162
0 0.373874 0.687838 0.052252 0.185135
0 0.321081 0.671622 0.085766 0.205405
0 0.270090 0.622973 0.076757 0.182432
0 0.230811 0.597973 0.055135 0.128378