0 0.482523 0.434797 0.030270 0.264189
0 0.457117 0.427027 0.025586 0.255405
0 0.430811 0.417568 0.031351 0.266216
0 0.409550 0.431757 0.040000 0.210811
0 0.380901 0.431419 0.043243 0.210135
0 0.343243 0.415541 0.058739 0.233784
0 0.304865 0.415203 0.051171 0.215541
0 0.272432 0.369257 0.047568 0.116892
0 0.511351 0.436149 0.030991 0.260135
0 0.537838 0.448986 0.027027 0.208784
0 0.563604 0.417568 0.030270 0.267568
0 0.585405 0.421284 0.038559 0.218243
0 0.613514 0.439527 0.037117 0.175000
0 0.648468 0.406081 0.048649 0.220270
0 0.689730 0.396622 0.051171 0.201351
0 0.717838 0.339527 0.051892 0.123649
0 0.493694 0.661824 0.028829 0.181757
0 0.510270 0.665203 0.033153 0.181757
0 0.533333 0.684459 0.034595 0.235135
0 0.563243 0.679730 0.036036 0.206757
0 0.594234 0.676351 0.038198 0.213514
0 0.643063 0.656081 0.080360 0.217568
0 0.695315 0.620946 0.083243 0.195946
0 0.745946 0.601351 0.068468 0.143243
0 0.472973 0.661486 0.029189 0.177027
0 0.451892 0.659122 0.023063 0.172297
0 0.426667 0.681419 0.027387 0.233108
0 0.397838 0.686149 0.033874 0.226351
0 0.370270 0.673649 0.035676 0.206757
0 0.326126 0.660135 0.071351 0.216216
0 0.274775 0.625000 0.080360 0.179730
0 0.222162 0.605405 0.069550 0.128378