0 0.478919 0.445946 0.026667 0.210811
0 0.455315 0.454392 0.019820 0.193919
0 0.430090 0.444595 0.030631 0.266216
0 0.408108 0.457095 0.030631 0.222297
0 0.383423 0.450676 0.031712 0.218919
0 0.332793 0.458784 0.061622 0.185135
0 0.300000 0.433108 0.041441 0.158108
0 0.513694 0.442230 0.029189 0.218243
0 0.534955 0.445608 0.022703 0.199324
0 0.563423 0.445946 0.027748 0.255405
0 0.587207 0.447973 0.032072 0.220270
0 0.610631 0.437162 0.037838 0.216216
0 0.640901 0.434797 0.046486 0.187162
0 0.679640 0.428716 0.043243 0.173649
0 0.716216 0.413851 0.038559 0.154730
0 0.514955 0.665203 0.021622 0.157432
0 0.531351 0.659122 0.015495 0.166892
0 0.551712 0.662500 0.023063 0.234459
0 0.580360 0.644932 0.025586 0.204730
0 0.602523 0.658108 0.045405 0.240541
0 0.632973 0.608108 0.063063 0.190541
0 0.671712 0.668243 0.001441 0.002703
0 0.675135 0.590541 0.065225 0.183784
0 0.721982 0.548986 0.065946 0.156081
0 0.494234 0.671959 0.014775 0.170946
0 0.478378 0.662500 0.026306 0.176351
0 0.459459 0.667230 0.035315 0.214189
0 0.426486 0.657095 0.040000 0.192568
0 0.390450 0.647635 0.039279 0.195270
0 0.353153 0.620946 0.060541 0.182432
0 0.307748 0.592568 0.072793 0.125676