0 0.492432 0.534797 0.034234 0.241216
0 0.462162 0.528716 0.035676 0.214189
0 0.436577 0.491892 0.037838 0.198649
0 0.404865 0.519595 0.042162 0.160811
0 0.375315 0.500676 0.040721 0.147297
0 0.335135 0.480068 0.053333 0.183108
0 0.308829 0.406757 0.064144 0.132432
0 0.524144 0.540878 0.032793 0.215541
0 0.552793 0.531419 0.030991 0.206081
0 0.580721 0.487838 0.035676 0.247297
0 0.608108 0.501014 0.040000 0.170946
0 0.625766 0.437500 0.041441 0.129054
0 0.665946 0.478041 0.054054 0.168243
0 0.685586 0.398649 0.065225 0.133784
0 0.511712 0.737838 0.023063 0.148649
0 0.532072 0.741554 0.024865 0.166892
0 0.568468 0.750338 0.038559 0.177703
0 0.602342 0.740878 0.032793 0.138514
0 0.639099 0.741892 0.055135 0.127027
0 0.674595 0.666216 0.089369 0.189189
0 0.728649 0.658446 0.064144 0.141216
0 0.490631 0.742905 0.020541 0.162838
0 0.469009 0.746959 0.026306 0.168243
0 0.431351 0.788514 0.045405 0.181081
0 0.399459 0.750676 0.037117 0.136486
0 0.352613 0.760135 0.047207 0.118919
0 0.316216 0.674662 0.091892 0.187162
0 0.259279 0.666554 0.065225 0.141216
0 0.632613 0.532432 0.038559 0.105405
0 0.590270 0.670608 0.054054 0.116892
0 0.623423 0.669595 0.058378 0.143243
0 0.438198 0.686149 0.027387 0.079054
0 0.411171 0.676014 0.037477 0.088514
0 0.367748 0.672297 0.064505 0.147297