0 0.504144 0.500676 0.028108 0.139189
0 0.487748 0.465541 0.031351 0.148649
0 0.466486 0.409797 0.028468 0.127703
0 0.450631 0.457432 0.039279 0.128378
0 0.429910 0.446959 0.042523 0.114189
0 0.395135 0.504392 0.047928 0.168243
0 0.364505 0.459797 0.057297 0.115541
0 0.530450 0.523986 0.024505 0.161486
0 0.552973 0.489189 0.021261 0.135135
0 0.578378 0.435135 0.027387 0.117568
0 0.586847 0.504054 0.040721 0.109459
0 0.602342 0.496959 0.040000 0.107432
0 0.631351 0.549324 0.047568 0.154054
0 0.664685 0.508784 0.047928 0.109459
0 0.522703 0.686824 0.018378 0.168243
0 0.535495 0.709797 0.027387 0.139865
0 0.546667 0.796622 0.025946 0.121622
0 0.569550 0.767905 0.027748 0.112838
0 0.598559 0.771284 0.030991 0.077703
0 0.634955 0.716216 0.059820 0.179730
0 0.683964 0.719932 0.050450 0.093919
0 0.508108 0.691554 0.015856 0.177703
0 0.492973 0.707432 0.018018 0.191892
0 0.472432 0.790878 0.031712 0.115541
0 0.454595 0.738176 0.026306 0.091216
0 0.422883 0.740203 0.034234 0.081757
0 0.391532 0.681757 0.065225 0.167568
0 0.336036 0.680405 0.052252 0.108108
0 0.485045 0.560473 0.017297 0.068243
0 0.465946 0.535135 0.020901 0.136486
0 0.449189 0.537838 0.026306 0.106757
0 0.427748 0.515878 0.036036 0.149324
0 0.551892 0.576689 0.013333 0.072297
0 0.567387 0.557770 0.019820 0.135811
0 0.581441 0.562500 0.025586 0.122297
0 0.601081 0.569932 0.033874 0.120946
0 0.477117 0.673649 0.020901 0.132432
0 0.457838 0.657770 0.029189 0.096622
0 0.429910 0.663176 0.049009 0.116892