0 0.563948 0.699625 0.030901 0.154507
0 0.539056 0.725375 0.042919 0.173818
0 0.515879 0.718132 0.030901 0.197966
0 0.494849 0.736642 0.030043 0.212446
0 0.472532 0.715716 0.028328 0.160946
0 0.554935 0.831598 0.045495 0.167385
0 0.588413 0.703649 0.038627 0.094959
0 0.583261 0.607081 0.033477 0.069203
0 0.695277 0.581328 0.063521 0.168993
0 0.642059 0.611909 0.053222 0.120709
0 0.711587 0.471081 0.073820 0.109446
0 0.738196 0.736639 0.078973 0.122318
0 0.684119 0.742274 0.080685 0.201182
0 0.637339 0.782510 0.050641 0.140020
0 0.593132 0.795385 0.046350 0.127149
0 0.479829 0.548253 0.048068 0.161101
0 0.610299 0.550750 0.054933 0.114270
0 0.451501 0.534574 0.029186 0.162716
0 0.390986 0.543426 0.055795 0.103162
0 0.347638 0.509628 0.072105 0.138568
0 0.262661 0.487902 0.090987 0.153061
0 0.315450 0.564351 0.062663 0.180419
0 0.395277 0.421912 0.072962 0.165932
0 0.421888 0.683527 0.033477 0.048284
0 0.409870 0.784922 0.045492 0.138412
0 0.426609 0.585351 0.058371 0.103000
0 0.641200 0.527412 0.044634 0.112662
0 0.573398 0.477456 0.066969 0.225453
0 0.531759 0.545037 0.054076 0.173980
0 0.221458 0.661801 0.056652 0.117493
0 0.776823 0.651341 0.065236 0.106223
0 0.329613 0.739057 0.084119 0.188304
0 0.364807 0.792166 0.051503 0.143236
0 0.266095 0.759976 0.073820 0.143236
0 0.448068 0.828378 0.046350 0.131973
0 0.440342 0.690770 0.025751 0.146459