0 0.468468 0.520608 0.037477 0.234459
0 0.436216 0.532770 0.024865 0.207432
0 0.417477 0.429392 0.034234 0.162838
0 0.389369 0.470608 0.036396 0.135811
0 0.365946 0.449662 0.035676 0.112838
0 0.319279 0.468243 0.054775 0.174324
0 0.298018 0.395608 0.056216 0.131757
0 0.282523 0.327027 0.033153 0.064865
0 0.504144 0.518243 0.033874 0.236486
0 0.535856 0.510811 0.026667 0.221622
0 0.558739 0.401351 0.040000 0.159459
0 0.579459 0.444932 0.046126 0.158784
0 0.608649 0.441554 0.041802 0.126351
0 0.654054 0.454054 0.064865 0.202703
0 0.684865 0.387162 0.054414 0.156757
0 0.708829 0.338851 0.033153 0.065541
0 0.501982 0.765203 0.019459 0.192568
0 0.523423 0.751014 0.024865 0.168243
0 0.563063 0.823649 0.063063 0.154054
0 0.581802 0.766892 0.050090 0.127027
0 0.627207 0.752703 0.060901 0.122973
0 0.659820 0.676351 0.091532 0.187838
0 0.717297 0.667905 0.067387 0.126351
0 0.748108 0.592230 0.030991 0.093919
0 0.479459 0.755405 0.024144 0.177027
0 0.453874 0.759459 0.035676 0.175676
0 0.415856 0.833446 0.056937 0.160135
0 0.397658 0.773649 0.047928 0.124324
0 0.353514 0.755743 0.054775 0.123649
0 0.321622 0.677703 0.083964 0.182432
0 0.272072 0.664189 0.059820 0.122973
0 0.245586 0.589527 0.032072 0.088514
0 0.407207 0.547297 0.028829 0.135135
0 0.384144 0.555068 0.033153 0.088514
0 0.355495 0.532432 0.042162 0.101351
0 0.563784 0.529054 0.027748 0.151351
0 0.588649 0.547297 0.032793 0.089189
0 0.615676 0.531081 0.046486 0.095946
0 0.545045 0.727365 0.024865 0.146622
0 0.571171 0.685473 0.041802 0.095270
0 0.608649 0.681419 0.067027 0.133108
0 0.435676 0.726351 0.024505 0.140541
0 0.409009 0.696622 0.038919 0.105405
0 0.369730 0.678716 0.056937 0.119595