0 0.483243 0.464189 0.036036 0.274324
0 0.456396 0.452365 0.025586 0.279054
0 0.430991 0.443919 0.031712 0.294595
0 0.398919 0.453041 0.030991 0.237162
0 0.375856 0.450676 0.038198 0.245946
0 0.335495 0.451351 0.050450 0.222973
0 0.306306 0.431757 0.067027 0.204054
0 0.285045 0.354730 0.049730 0.112162
0 0.515135 0.470946 0.034955 0.262162
0 0.543063 0.470608 0.032432 0.243919
0 0.567748 0.342568 0.051532 0.217568
0 0.598018 0.483108 0.042162 0.221622
0 0.596757 0.465878 0.046126 0.208784
0 0.638739 0.471622 0.054414 0.213514
0 0.679459 0.453378 0.058739 0.213514
0 0.702342 0.388514 0.054054 0.105405
0 0.499459 0.711486 0.028829 0.193243
0 0.514595 0.720270 0.035315 0.208108
0 0.536036 0.753378 0.037117 0.268919
0 0.560901 0.739527 0.035676 0.241216
0 0.587748 0.726014 0.039640 0.206081
0 0.637117 0.719932 0.077117 0.214189
0 0.688108 0.689189 0.076757 0.212162
0 0.747928 0.648986 0.050090 0.103378
0 0.480180 0.705068 0.028468 0.187162
0 0.460541 0.712838 0.023784 0.195946
0 0.438018 0.748311 0.029189 0.265541
0 0.413874 0.718581 0.033514 0.204730
0 0.385045 0.726351 0.041441 0.216216
0 0.343964 0.704392 0.073874 0.208784
0 0.290811 0.675676 0.085766 0.205405
0 0.242883 0.663176 0.050450 0.114189
0 0.565045 0.495946 0.028829 0.174324