0 0.482703 0.427365 0.032072 0.243919
0 0.453694 0.412500 0.028108 0.250676
0 0.426847 0.399662 0.039279 0.269595
0 0.405225 0.414189 0.041441 0.206757
0 0.379459 0.399662 0.049730 0.197973
0 0.343243 0.380068 0.053694 0.225000
0 0.306847 0.369257 0.055856 0.180405
0 0.289550 0.297973 0.054414 0.101351
0 0.512973 0.419257 0.032072 0.260135
0 0.537838 0.406757 0.033514 0.236486
0 0.542883 0.327027 0.117838 0.193243
0 0.561982 0.393919 0.042883 0.220270
0 0.592252 0.387838 0.045766 0.212162
0 0.623423 0.362838 0.064144 0.252703
0 0.670631 0.371284 0.056937 0.192568
0 0.697117 0.304730 0.051532 0.100000
0 0.484865 0.661824 0.019099 0.188514
0 0.501441 0.664865 0.027027 0.198649
0 0.525586 0.687838 0.035676 0.222973
0 0.548108 0.653378 0.040360 0.181081
0 0.577297 0.655743 0.051171 0.206081
0 0.618018 0.629730 0.087207 0.206757
0 0.666667 0.601014 0.088649 0.197973
0 0.722883 0.568581 0.066306 0.122297
0 0.469910 0.655743 0.021622 0.188514
0 0.447207 0.659122 0.024505 0.195270
0 0.429550 0.691892 0.030991 0.185135
0 0.408649 0.662162 0.050450 0.177027
0 0.389550 0.663176 0.046847 0.199324
0 0.351351 0.630405 0.075676 0.191892
0 0.304685 0.593581 0.085405 0.176351
0 0.256036 0.569932 0.058739 0.120946