0 0.478018 0.516216 0.034234 0.214865
0 0.452432 0.516216 0.028468 0.136486
0 0.431892 0.394257 0.043604 0.134459
0 0.410631 0.471622 0.037838 0.106757
0 0.378198 0.459459 0.039279 0.121622
0 0.334054 0.487838 0.051171 0.197297
0 0.306126 0.434122 0.053694 0.102027
0 0.272793 0.393581 0.028108 0.050676
0 0.518919 0.525676 0.034595 0.194595
0 0.547928 0.529054 0.028468 0.150000
0 0.570991 0.408784 0.045045 0.135135
0 0.588649 0.484459 0.041441 0.110811
0 0.614955 0.473311 0.044324 0.100676
0 0.655676 0.505068 0.055856 0.192568
0 0.688829 0.447297 0.059459 0.108108
0 0.724144 0.387500 0.034234 0.057432
0 0.510270 0.739189 0.026667 0.201351
0 0.532072 0.734797 0.024865 0.168243
0 0.545946 0.838514 0.033874 0.113514
0 0.578018 0.781757 0.036036 0.091892
0 0.616937 0.774324 0.040360 0.085135
0 0.662342 0.703041 0.069910 0.183108
0 0.720180 0.702703 0.058739 0.102703
0 0.482703 0.737162 0.027027 0.204054
0 0.460901 0.726014 0.029550 0.166892
0 0.433333 0.835135 0.029189 0.125676
0 0.408288 0.765878 0.033153 0.091216
0 0.368468 0.765203 0.033514 0.088514
0 0.330450 0.688514 0.067027 0.190541
0 0.376036 0.845608 0.001802 0.003378
0 0.278919 0.678378 0.054775 0.109459
0 0.425766 0.530405 0.027748 0.150000
0 0.401441 0.550000 0.034595 0.105405
0 0.373153 0.543581 0.041441 0.106081
0 0.573694 0.543581 0.027387 0.164189
0 0.594414 0.577365 0.031351 0.092568
0 0.620901 0.565541 0.039640 0.100000
0 0.556937 0.714527 0.023423 0.162838
0 0.579459 0.680743 0.036036 0.079054
0 0.618559 0.690203 0.057297 0.118243
0 0.436757 0.709797 0.021622 0.170946
0 0.408829 0.686824 0.040721 0.116892
0 0.375315 0.686486 0.056577 0.136486