0 0.478198 0.465878 0.028829 0.211486
0 0.454054 0.466892 0.025225 0.200000
0 0.429009 0.475676 0.030631 0.227027
0 0.398919 0.485135 0.030991 0.190541
0 0.371712 0.481419 0.037838 0.175000
0 0.338018 0.475676 0.047568 0.182432
0 0.296036 0.467568 0.050811 0.170270
0 0.281081 0.371959 0.042523 0.069595
0 0.506667 0.468243 0.025946 0.216216
0 0.531892 0.485811 0.021622 0.175676
0 0.564865 0.475000 0.042162 0.208108
0 0.585225 0.497973 0.036757 0.198649
0 0.609369 0.495946 0.038198 0.195946
0 0.645045 0.488851 0.051892 0.177703
0 0.690631 0.469932 0.051532 0.176351
0 0.712973 0.398986 0.049369 0.079054
0 0.505045 0.673649 0.018378 0.170270
0 0.519820 0.678041 0.019820 0.166892
0 0.535495 0.691216 0.024505 0.212162
0 0.558378 0.682770 0.032072 0.188514
0 0.580180 0.699324 0.046847 0.204054
0 0.620180 0.673649 0.076396 0.182432
0 0.669550 0.646622 0.073514 0.177027
0 0.726847 0.634122 0.055495 0.107432
0 0.487387 0.679392 0.017658 0.177703
0 0.468468 0.676351 0.021622 0.181081
0 0.451712 0.691216 0.032072 0.217568
0 0.425405 0.698311 0.027748 0.166892
0 0.403964 0.694257 0.036757 0.197973
0 0.367568 0.659459 0.060541 0.175676
0 0.323604 0.644595 0.059099 0.168919
0 0.272793 0.641216 0.049730 0.104054