0 0.496216 0.539865 0.024505 0.193243
0 0.454775 0.474662 0.038198 0.139865
0 0.448649 0.541892 0.029550 0.166216
0 0.427748 0.491554 0.030991 0.126351
0 0.411171 0.491554 0.035315 0.114189
0 0.376036 0.526014 0.047207 0.169595
0 0.349369 0.479054 0.045045 0.094595
0 0.524324 0.532095 0.025946 0.191216
0 0.539820 0.477027 0.026667 0.141892
0 0.553333 0.531757 0.024144 0.160811
0 0.572252 0.489865 0.031712 0.098649
0 0.591892 0.476351 0.033514 0.095946
0 0.634054 0.507770 0.045045 0.157432
0 0.515135 0.744257 0.029189 0.183108
0 0.532973 0.794257 0.030270 0.145270
0 0.540000 0.725000 0.019820 0.133784
0 0.563964 0.768581 0.027387 0.112838
0 0.601261 0.765203 0.028468 0.076351
0 0.630811 0.698311 0.065225 0.175000
0 0.493874 0.744257 0.016937 0.168243
0 0.476757 0.752365 0.020901 0.173649
0 0.458919 0.758784 0.026306 0.171622
0 0.428468 0.778041 0.027387 0.110135
0 0.400000 0.777365 0.028829 0.076351
0 0.367387 0.722635 0.065946 0.184459
0 0.319820 0.707095 0.055856 0.106081
0 0.473153 0.536824 0.019459 0.161486
0 0.427748 0.570270 0.033874 0.091892
0 0.407387 0.567905 0.034955 0.104730
0 0.575676 0.562838 0.027748 0.081081
0 0.601622 0.531081 0.037838 0.131081
0 0.561441 0.696622 0.033874 0.089189
0 0.592252 0.704054 0.054414 0.132432
0 0.447748 0.702027 0.021261 0.060811
0 0.430270 0.703716 0.030991 0.088514
0 0.403964 0.712162 0.052613 0.129730