0 0.627467 0.812284 0.042919 0.096568
0 0.536479 0.821939 0.037766 0.115878
0 0.587124 0.716524 0.041204 0.120709
0 0.558368 0.716524 0.033477 0.136804
0 0.536479 0.710084 0.024036 0.111047
0 0.512016 0.719740 0.028328 0.165777
0 0.489268 0.714912 0.025751 0.146459
0 0.275966 0.706865 0.091845 0.156122
0 0.391843 0.681919 0.057510 0.135189
0 0.566094 0.871834 0.040346 0.106223
0 0.426178 0.688355 0.038627 0.106223
0 0.340342 0.711693 0.072959 0.165777
0 0.384119 0.790557 0.048930 0.104615
0 0.440342 0.873443 0.041204 0.122318
0 0.418454 0.793774 0.048930 0.107831
0 0.467382 0.825159 0.038627 0.128750
0 0.315879 0.433983 0.070389 0.135358
0 0.416308 0.489510 0.056652 0.098331
0 0.427467 0.395358 0.049787 0.151446
0 0.453218 0.710889 0.022321 0.128750
0 0.629613 0.592514 0.042058 0.111216
0 0.656650 0.540206 0.058368 0.190074
0 0.623175 0.499166 0.042919 0.104777
0 0.684550 0.459736 0.057510 0.128919
0 0.593562 0.424328 0.055795 0.119264
0 0.558796 0.512044 0.042919 0.088682
0 0.590986 0.512848 0.057510 0.090291
0 0.587553 0.822743 0.054076 0.114270
0 0.592128 0.586811 0.030901 0.128919
0 0.343777 0.523307 0.060944 0.194899
0 0.433476 0.553885 0.044638 0.149838
0 0.381975 0.470196 0.051503 0.114432
0 0.381973 0.591709 0.058368 0.106378
0 0.484550 0.487098 0.036912 0.125696
0 0.517595 0.489510 0.048068 0.124088
0 0.548926 0.600561 0.026609 0.098338
0 0.721029 0.719740 0.058368 0.120709
0 0.573391 0.598145 0.036050 0.106385
0 0.621459 0.715716 0.049787 0.119095
0 0.665663 0.737446 0.072962 0.191527
0 0.410730 0.551476 0.048926 0.122480
0 0.475106 0.602172 0.035193 0.104777
0 0.517166 0.595733 0.023175 0.104777
0 0.472103 0.703645 0.018886 0.111047
0 0.456222 0.495142 0.040342 0.145014
0 0.498712 0.598953 0.030901 0.101554