0 0.490270 0.408446 0.040721 0.264189
0 0.462162 0.415203 0.029189 0.230405
0 0.432613 0.411149 0.036396 0.261486
0 0.404144 0.403716 0.040000 0.230405
0 0.336036 0.386824 0.055135 0.212838
0 0.294234 0.390541 0.065946 0.168919
0 0.528288 0.411824 0.038198 0.241216
0 0.552973 0.406081 0.034955 0.212162
0 0.578198 0.366216 0.040000 0.264865
0 0.600721 0.386824 0.034595 0.211486
0 0.664865 0.367230 0.052613 0.211486
0 0.702162 0.352365 0.070991 0.189865
0 0.504505 0.664527 0.018018 0.216892
0 0.520901 0.677365 0.024865 0.227703
0 0.539459 0.684122 0.027387 0.212838
0 0.554234 0.727703 0.031712 0.156757
0 0.614775 0.611824 0.085045 0.165541
0 0.649009 0.572297 0.075676 0.183784
0 0.489009 0.669932 0.018739 0.212838
0 0.471712 0.674662 0.022342 0.223649
0 0.456757 0.684797 0.034234 0.214189
0 0.430631 0.746284 0.047568 0.166892
0 0.423604 0.688514 0.040000 0.091892
0 0.377658 0.655743 0.082162 0.181757
0 0.334054 0.589865 0.085045 0.168919
0 0.370450 0.430068 0.043964 0.119595
0 0.632072 0.414865 0.038919 0.100000
0 0.576577 0.657770 0.038919 0.060135