0 0.483964 0.470608 0.039640 0.241216
0 0.451892 0.456081 0.033153 0.233784
0 0.421261 0.427365 0.044685 0.284459
0 0.393874 0.441216 0.044685 0.224324
0 0.368649 0.441892 0.038919 0.214865
0 0.329009 0.441892 0.054775 0.222973
0 0.285946 0.411824 0.060901 0.180405
0 0.520360 0.471959 0.036757 0.234459
0 0.546486 0.464865 0.036396 0.220270
0 0.571712 0.375338 0.054414 0.247973
0 0.572793 0.506081 0.029189 0.083784
0 0.599640 0.440878 0.043964 0.215541
0 0.630450 0.435811 0.040000 0.205405
0 0.668468 0.436486 0.056216 0.206757
0 0.710270 0.402703 0.056937 0.190541
0 0.520721 0.677027 0.022342 0.154054
0 0.544505 0.677027 0.026667 0.172973
0 0.574414 0.691216 0.040360 0.229730
0 0.607027 0.686824 0.042883 0.207432
0 0.639459 0.667568 0.045766 0.197297
0 0.685405 0.641216 0.071351 0.158108
0 0.734054 0.593243 0.091532 0.185135
0 0.496757 0.682770 0.025586 0.169595
0 0.470631 0.690878 0.028108 0.193919
0 0.439459 0.687162 0.047928 0.229730
0 0.406306 0.683108 0.042162 0.206757
0 0.371532 0.689189 0.046126 0.224324
0 0.261622 0.596622 0.093694 0.190541