0 0.471351 0.506419 0.034595 0.238514
0 0.448288 0.514865 0.020180 0.206757
0 0.423423 0.509797 0.033153 0.227703
0 0.396937 0.526351 0.040000 0.194595
0 0.368829 0.542568 0.034234 0.174324
0 0.336036 0.530743 0.046486 0.183108
0 0.293874 0.505405 0.048649 0.170270
0 0.272613 0.436824 0.042162 0.103378
0 0.503243 0.511824 0.032072 0.227703
0 0.527928 0.511486 0.023784 0.225676
0 0.553694 0.503041 0.032793 0.246622
0 0.580000 0.521622 0.042162 0.197297
0 0.610631 0.521622 0.041441 0.198649
0 0.648649 0.523986 0.057658 0.192568
0 0.692072 0.495608 0.054414 0.207432
0 0.717117 0.435473 0.055495 0.118243
0 0.508108 0.718243 0.018739 0.152703
0 0.527748 0.733446 0.021982 0.189865
0 0.547027 0.751351 0.031712 0.228378
0 0.577117 0.745608 0.035676 0.193919
0 0.605586 0.753716 0.037117 0.207432
0 0.646486 0.739865 0.067027 0.209459
0 0.702162 0.696284 0.076757 0.177703
0 0.753333 0.680068 0.054414 0.119595
0 0.489009 0.718581 0.019459 0.158784
0 0.468468 0.724662 0.025225 0.177703
0 0.447748 0.736486 0.027748 0.201351
0 0.418919 0.739527 0.034955 0.184459
0 0.396216 0.748311 0.056577 0.204730
0 0.349910 0.739865 0.072793 0.201351
0 0.300541 0.695946 0.074234 0.179730
0 0.253153 0.672297 0.050811 0.110811