0 0.357477 0.436486 0.074955 0.216216
0 0.533694 0.519932 0.035315 0.249324
0 0.561261 0.526351 0.027748 0.182432
0 0.579279 0.391892 0.033514 0.166216
0 0.585405 0.513851 0.028468 0.183108
0 0.601081 0.451351 0.035315 0.137838
0 0.604865 0.534797 0.040000 0.106081
0 0.631892 0.431419 0.036396 0.129054
0 0.634234 0.523649 0.045405 0.105405
0 0.664685 0.453041 0.064505 0.188514
0 0.690991 0.372297 0.055135 0.133784
0 0.397838 0.412500 0.042523 0.149324
0 0.722883 0.649662 0.061261 0.114189
0 0.672072 0.673986 0.085766 0.192568
0 0.637297 0.767568 0.047928 0.112162
0 0.624144 0.696959 0.071351 0.160135
0 0.600360 0.793581 0.043964 0.116892
0 0.586667 0.713176 0.046847 0.145270
0 0.579640 0.841554 0.058018 0.141216
0 0.561802 0.725338 0.024505 0.122297
0 0.394414 0.509459 0.053694 0.120270
0 0.429009 0.428378 0.047928 0.171622
0 0.427027 0.526351 0.044685 0.109459
0 0.452252 0.377703 0.041802 0.163514
0 0.451532 0.506081 0.032432 0.182432
0 0.474414 0.505405 0.032793 0.179730
0 0.499279 0.527027 0.036396 0.240541
0 0.326306 0.368243 0.062342 0.135135