0 0.492793 0.493919 0.029189 0.206757
0 0.470991 0.478716 0.023063 0.204730
0 0.445586 0.419932 0.040721 0.204730
0 0.425225 0.480405 0.038198 0.186486
0 0.407027 0.488176 0.033514 0.180405
0 0.373333 0.480068 0.050450 0.181757
0 0.340000 0.431419 0.042883 0.150676
0 0.323964 0.426014 0.044685 0.106081
0 0.518739 0.488514 0.027027 0.218919
0 0.538378 0.478378 0.033874 0.206757
0 0.561261 0.459459 0.029910 0.217568
0 0.583423 0.478716 0.030991 0.184459
0 0.598198 0.448986 0.055495 0.184459
0 0.624144 0.459122 0.059099 0.200676
0 0.663063 0.428716 0.058378 0.153378
0 0.696937 0.375338 0.056216 0.095270
0 0.510631 0.716554 0.031712 0.181757
0 0.532613 0.715541 0.030991 0.191892
0 0.558739 0.720946 0.034955 0.204054
0 0.585045 0.711824 0.035676 0.193919
0 0.631532 0.760473 0.058739 0.160135
0 0.668108 0.683784 0.086486 0.200000
0 0.723063 0.657770 0.077477 0.175000
0 0.492432 0.718919 0.030631 0.197297
0 0.473694 0.723311 0.024865 0.191216
0 0.444505 0.737162 0.037117 0.213514
0 0.418198 0.719257 0.040721 0.188514
0 0.380180 0.768581 0.040360 0.160135
0 0.345766 0.698311 0.063063 0.199324
0 0.301622 0.684459 0.048288 0.151351
0 0.265946 0.641554 0.034595 0.091216
0 0.448288 0.533108 0.023784 0.071622
0 0.601802 0.542905 0.025225 0.068243
0 0.621261 0.681757 0.059820 0.147297
0 0.389009 0.684122 0.055135 0.125000