0 0.479459 0.553378 0.024865 0.185135
0 0.453694 0.547635 0.025225 0.164189
0 0.424324 0.517568 0.028468 0.214865
0 0.387748 0.521284 0.059099 0.184459
0 0.373694 0.521622 0.030991 0.164865
0 0.341081 0.504392 0.045045 0.177703
0 0.302523 0.497973 0.052252 0.152703
0 0.279099 0.433108 0.033514 0.066216
0 0.509009 0.562500 0.023423 0.165541
0 0.532252 0.555068 0.020901 0.158784
0 0.557838 0.521284 0.029550 0.223649
0 0.582883 0.522635 0.038559 0.183108
0 0.606486 0.527027 0.037477 0.167568
0 0.640721 0.502703 0.048288 0.193243
0 0.679820 0.492905 0.052973 0.169595
0 0.705045 0.423986 0.041441 0.084459
0 0.500541 0.745270 0.016577 0.168919
0 0.517117 0.744932 0.025946 0.207432
0 0.537297 0.758784 0.022342 0.190541
0 0.561982 0.769257 0.026306 0.185811
0 0.583604 0.754054 0.032793 0.155405
0 0.631171 0.739189 0.080360 0.172973
0 0.667748 0.691554 0.069910 0.153378
0 0.712613 0.654392 0.036396 0.107432
0 0.483243 0.742905 0.018018 0.162838
0 0.466306 0.749324 0.018739 0.171622
0 0.445045 0.769257 0.024505 0.206081
0 0.420000 0.756081 0.025586 0.168919
0 0.394234 0.750338 0.034595 0.158784
0 0.349550 0.726014 0.074955 0.185811
0 0.316577 0.689865 0.064505 0.145946
0 0.274234 0.663851 0.032432 0.079054