0 0.471171 0.434797 0.034234 0.246622
0 0.450450 0.427703 0.025225 0.187838
0 0.429550 0.411486 0.032432 0.248649
0 0.405766 0.404054 0.037477 0.212162
0 0.379099 0.382432 0.034595 0.195946
0 0.339459 0.393243 0.051892 0.179730
0 0.297117 0.362838 0.045045 0.183784
0 0.504144 0.433446 0.038198 0.241216
0 0.531351 0.315203 0.063784 0.199324
0 0.525225 0.419932 0.041441 0.200676
0 0.586486 0.393581 0.047928 0.203378
0 0.629550 0.381081 0.056216 0.208108
0 0.672973 0.356757 0.063063 0.182432
0 0.692613 0.290203 0.062703 0.100676
0 0.505225 0.641554 0.025225 0.175000
0 0.529369 0.643581 0.025225 0.181757
0 0.554234 0.654054 0.028829 0.194595
0 0.581802 0.670270 0.032793 0.222973
0 0.602342 0.648649 0.034234 0.200000
0 0.633694 0.699662 0.040000 0.193919
0 0.674234 0.615878 0.103063 0.196622
0 0.708649 0.563851 0.095495 0.187162
0 0.479459 0.646959 0.027748 0.177703
0 0.450450 0.655405 0.046126 0.198649
0 0.423784 0.653716 0.046126 0.202027
0 0.393874 0.642230 0.044685 0.202027
0 0.344324 0.627703 0.060901 0.150000
0 0.307568 0.591216 0.078198 0.198649