0 0.473874 0.556081 0.030270 0.217568
0 0.446486 0.532432 0.031712 0.221622
0 0.422523 0.518919 0.030631 0.231081
0 0.402162 0.514189 0.030991 0.216216
0 0.381802 0.516554 0.037838 0.184459
0 0.351712 0.497973 0.054054 0.175676
0 0.325766 0.435135 0.043964 0.136486
0 0.503784 0.558784 0.032432 0.221622
0 0.530270 0.540878 0.028468 0.218243
0 0.551712 0.525000 0.031712 0.237838
0 0.574595 0.514189 0.034234 0.237838
0 0.596396 0.514189 0.043964 0.216216
0 0.630991 0.511824 0.051892 0.176351
0 0.655856 0.446622 0.052613 0.140541
0 0.489189 0.744932 0.037117 0.165541
0 0.503063 0.751014 0.048288 0.185811
0 0.525225 0.746284 0.052973 0.202027
0 0.561982 0.732432 0.036396 0.186486
0 0.592613 0.714865 0.046486 0.160811
0 0.641261 0.687162 0.088288 0.190541
0 0.694414 0.663851 0.074955 0.143919
0 0.474775 0.739527 0.024865 0.157432
0 0.453694 0.740203 0.029550 0.169595
0 0.429369 0.733784 0.032072 0.190541
0 0.403243 0.725000 0.043243 0.193243
0 0.377297 0.698986 0.043964 0.157432
0 0.334234 0.680068 0.078198 0.193919
0 0.290450 0.644595 0.072072 0.141892