0 0.478378 0.429730 0.034234 0.222973
0 0.450270 0.418919 0.027748 0.209459
0 0.421261 0.417568 0.031712 0.233784
0 0.394955 0.424662 0.035315 0.200676
0 0.366667 0.423311 0.037117 0.203378
0 0.328108 0.409122 0.050090 0.204730
0 0.287568 0.402027 0.044685 0.181081
0 0.258919 0.331081 0.041441 0.148649
0 0.512072 0.430405 0.030270 0.220270
0 0.539279 0.434797 0.032072 0.173649
0 0.570270 0.409459 0.039279 0.227027
0 0.594775 0.416892 0.041441 0.206757
0 0.623964 0.415878 0.039279 0.203378
0 0.658739 0.403716 0.051892 0.204730
0 0.699099 0.387162 0.054775 0.197297
0 0.728649 0.310473 0.054775 0.162838
0 0.503604 0.634797 0.018378 0.157432
0 0.523604 0.641892 0.027387 0.162162
0 0.550270 0.629054 0.028108 0.243243
0 0.577297 0.645946 0.035315 0.206757
0 0.600721 0.636149 0.041081 0.200676
0 0.643243 0.621959 0.087207 0.183108
0 0.697838 0.592230 0.081802 0.183108
0 0.756757 0.546622 0.082883 0.128378
0 0.482883 0.615541 0.020901 0.177027
0 0.460360 0.642905 0.022703 0.169595
0 0.431712 0.644257 0.030991 0.202027
0 0.407568 0.629392 0.031712 0.175000
0 0.384324 0.630743 0.037838 0.185811
0 0.338378 0.609122 0.074955 0.200676
0 0.293514 0.595270 0.065946 0.179730
0 0.233874 0.559797 0.080721 0.138514