0 0.703004 0.359949 0.063521 0.157885
0 0.545492 0.679503 0.035193 0.220493
0 0.408584 0.676287 0.032620 0.220493
0 0.437339 0.681115 0.038627 0.246243
0 0.419314 0.460534 0.045495 0.214203
0 0.646780 0.670652 0.071247 0.167385
0 0.518885 0.656169 0.030043 0.177041
0 0.502146 0.657780 0.029186 0.186696
0 0.484119 0.656166 0.025751 0.189912
0 0.465236 0.667436 0.025751 0.206007
0 0.478541 0.448470 0.036908 0.225480
0 0.572960 0.680311 0.047211 0.209230
0 0.398712 0.454909 0.043780 0.219047
0 0.295279 0.644902 0.078969 0.196358
0 0.370814 0.452493 0.042919 0.214216
0 0.340771 0.450081 0.066955 0.228703
0 0.278968 0.378459 0.056652 0.136959
0 0.303432 0.444446 0.048926 0.211000
0 0.381546 0.669848 0.035193 0.214061
0 0.343348 0.673872 0.061802 0.222108
0 0.443348 0.452493 0.050645 0.233527
0 0.513733 0.450885 0.033477 0.249622
0 0.646351 0.441226 0.056652 0.259277
0 0.568240 0.444446 0.036054 0.265716
0 0.693560 0.656973 0.085838 0.197959
0 0.541631 0.456517 0.032616 0.222264
0 0.595708 0.445250 0.042919 0.251230
0 0.745494 0.634443 0.076393 0.120709
0 0.679829 0.423524 0.065236 0.230318
0 0.618885 0.444446 0.039485 0.249622
0 0.605578 0.676284 0.050645 0.210838
0 0.243777 0.626392 0.058371 0.111054