0 0.470631 0.521284 0.037477 0.225000
0 0.447027 0.503378 0.037117 0.229730
0 0.422162 0.437838 0.034234 0.224324
0 0.407568 0.516216 0.036757 0.198649
0 0.377658 0.504392 0.034595 0.226351
0 0.343423 0.519257 0.050450 0.172297
0 0.319099 0.440541 0.058018 0.152703
0 0.290450 0.388514 0.044685 0.087838
0 0.505766 0.513176 0.035676 0.250676
0 0.531171 0.500676 0.028829 0.239189
0 0.561622 0.490541 0.034234 0.225676
0 0.583063 0.505068 0.048288 0.222297
0 0.610450 0.505743 0.037477 0.208784
0 0.646126 0.488851 0.056216 0.220946
0 0.674775 0.429054 0.055856 0.158108
0 0.704865 0.378041 0.049009 0.087162
0 0.506847 0.742568 0.022703 0.181081
0 0.528468 0.745946 0.027027 0.193243
0 0.550270 0.753378 0.030991 0.217568
0 0.582342 0.738851 0.033153 0.196622
0 0.617838 0.746622 0.047207 0.166216
0 0.658378 0.691892 0.087207 0.186486
0 0.707748 0.656419 0.075676 0.166892
0 0.757658 0.622635 0.050090 0.104730
0 0.485405 0.739865 0.023063 0.179730
0 0.463784 0.745608 0.025946 0.195270
0 0.437477 0.753378 0.028108 0.228378
0 0.407928 0.730743 0.036757 0.200676
0 0.374234 0.719932 0.045766 0.176351
0 0.333874 0.693581 0.086847 0.181757
0 0.288649 0.651351 0.074234 0.172973
0 0.242523 0.621622 0.046126 0.104054