0 0.485586 0.477365 0.032793 0.231757
0 0.456036 0.488514 0.028468 0.200000
0 0.427568 0.408446 0.037838 0.189865
0 0.402523 0.480405 0.038198 0.210811
0 0.376757 0.420270 0.040721 0.128378
0 0.326306 0.454730 0.052973 0.197297
0 0.306306 0.386149 0.049009 0.133108
0 0.285405 0.332095 0.041081 0.088514
0 0.517477 0.478041 0.034595 0.243919
0 0.542342 0.467905 0.034595 0.237162
0 0.566667 0.416892 0.037838 0.187838
0 0.592613 0.478378 0.043604 0.224324
0 0.614234 0.419595 0.042162 0.136486
0 0.667027 0.451351 0.059099 0.214865
0 0.690631 0.387500 0.052973 0.138514
0 0.716937 0.325676 0.052973 0.068919
0 0.507207 0.694257 0.021261 0.150676
0 0.526847 0.704730 0.030270 0.171622
0 0.552973 0.715878 0.032072 0.211486
0 0.579820 0.700676 0.036757 0.185135
0 0.632432 0.743243 0.041802 0.141892
0 0.670450 0.664865 0.081802 0.189189
0 0.727027 0.687162 0.061622 0.133784
0 0.762523 0.604054 0.036757 0.095946
0 0.488288 0.687838 0.020180 0.143243
0 0.465225 0.700676 0.025225 0.174324
0 0.440180 0.710811 0.030631 0.214865
0 0.411171 0.694932 0.034595 0.180405
0 0.362703 0.742905 0.040000 0.143919
0 0.326126 0.668581 0.071351 0.206081
0 0.277477 0.675676 0.054054 0.129730
0 0.242523 0.592568 0.038919 0.102703
0 0.432613 0.544932 0.033514 0.102027
0 0.369009 0.509122 0.043964 0.125000
0 0.565045 0.546284 0.023784 0.087162
0 0.625225 0.515203 0.048288 0.115541
0 0.622703 0.669595 0.072072 0.156757
0 0.372793 0.665203 0.061622 0.149324