0 0.487387 0.515541 0.045045 0.155405
0 0.454054 0.500338 0.043964 0.129054
0 0.417297 0.466892 0.043964 0.104054
0 0.409009 0.550676 0.050450 0.097297
0 0.373694 0.522635 0.048288 0.083108
0 0.328108 0.544595 0.060180 0.191892
0 0.293514 0.475676 0.059459 0.095946
0 0.530631 0.497297 0.045766 0.155405
0 0.563604 0.515878 0.039640 0.087162
0 0.589550 0.450000 0.043243 0.108108
0 0.604505 0.533446 0.045045 0.091216
0 0.632252 0.497297 0.042162 0.078378
0 0.675135 0.515878 0.060180 0.175000
0 0.708288 0.438851 0.055856 0.097973
0 0.529550 0.761149 0.029189 0.184459
0 0.556216 0.790878 0.031351 0.130405
0 0.595856 0.840878 0.037838 0.100676
0 0.618919 0.768581 0.036396 0.077703
0 0.660721 0.765203 0.037117 0.065541
0 0.700721 0.703716 0.057297 0.165541
0 0.754955 0.646622 0.054054 0.098649
0 0.506126 0.760135 0.039279 0.178378
0 0.486126 0.805405 0.043964 0.128378
0 0.451351 0.847635 0.045045 0.093919
0 0.416396 0.791216 0.045045 0.078378
0 0.367207 0.794257 0.045405 0.062838
0 0.313514 0.734459 0.066306 0.170270
0 0.249369 0.700676 0.057658 0.102703
0 0.462883 0.606419 0.021982 0.115541
0 0.435495 0.575000 0.032793 0.206757
0 0.405766 0.618243 0.045405 0.102703
0 0.368468 0.598986 0.053694 0.122297
0 0.530811 0.617230 0.025946 0.092568
0 0.556577 0.600000 0.023423 0.122973
0 0.585225 0.558784 0.030991 0.193243
0 0.642883 0.570946 0.043243 0.133784
0 0.549730 0.693581 0.024144 0.061486
0 0.573694 0.735135 0.029550 0.178378
0 0.607748 0.712162 0.040000 0.136486
0 0.650450 0.692905 0.060541 0.141216
0 0.476396 0.709797 0.022342 0.066892
0 0.450631 0.753041 0.032072 0.189865
0 0.418018 0.709797 0.042523 0.092568
0 0.375135 0.713514 0.069910 0.137838