0 0.481982 0.544595 0.030631 0.186486
0 0.459459 0.489527 0.028108 0.158784
0 0.435135 0.426351 0.032072 0.121622
0 0.428829 0.500338 0.034595 0.093919
0 0.415315 0.435473 0.040721 0.120946
0 0.385045 0.467905 0.053694 0.153378
0 0.355495 0.401351 0.052252 0.106757
0 0.512613 0.535811 0.028468 0.214865
0 0.534955 0.479054 0.029910 0.194595
0 0.558378 0.438851 0.031351 0.126351
0 0.569009 0.494257 0.041081 0.120946
0 0.594054 0.471959 0.042162 0.106081
0 0.623423 0.495270 0.057658 0.162162
0 0.646306 0.424662 0.052252 0.099324
0 0.510631 0.736824 0.021622 0.154730
0 0.530270 0.753716 0.023423 0.150676
0 0.555315 0.810135 0.034595 0.102703
0 0.578739 0.763851 0.034595 0.081757
0 0.616216 0.740541 0.038919 0.089189
0 0.643423 0.644257 0.070991 0.169595
0 0.695315 0.621284 0.052973 0.107432
0 0.491351 0.735473 0.021982 0.153378
0 0.471712 0.760473 0.025946 0.147973
0 0.440180 0.815878 0.043604 0.116892
0 0.422523 0.743919 0.035676 0.085135
0 0.387207 0.725676 0.035676 0.095946
0 0.358378 0.622973 0.081081 0.168919
0 0.303243 0.569257 0.046486 0.106081
0 0.448108 0.554392 0.029189 0.153378
0 0.424685 0.575338 0.032072 0.081757
0 0.400721 0.539189 0.045405 0.097297
0 0.535495 0.596284 0.018739 0.075000
0 0.553333 0.557095 0.032072 0.158784
0 0.575495 0.581757 0.033874 0.087838
0 0.594414 0.546284 0.043604 0.110135
0 0.548288 0.717568 0.024144 0.132432
0 0.571532 0.684122 0.037477 0.122297
0 0.601441 0.667230 0.056216 0.141216
0 0.451712 0.709122 0.033514 0.158784
0 0.429009 0.672297 0.043604 0.125676
0 0.401081 0.647973 0.061982 0.147297