0 0.458559 0.477365 0.040000 0.193919
0 0.422523 0.451014 0.036396 0.211486
0 0.389189 0.442905 0.033874 0.229054
0 0.362162 0.462838 0.033874 0.181081
0 0.332432 0.455068 0.029910 0.177703
0 0.296937 0.437838 0.043964 0.194595
0 0.266667 0.420608 0.052613 0.152027
0 0.251171 0.312162 0.047568 0.101351
0 0.497297 0.474324 0.042523 0.208108
0 0.531171 0.467568 0.043964 0.185135
0 0.570090 0.463176 0.043243 0.256081
0 0.603243 0.460135 0.046847 0.194595
0 0.640541 0.467568 0.040000 0.220270
0 0.678559 0.455743 0.049730 0.175000
0 0.708108 0.414527 0.067748 0.177703
0 0.727207 0.337500 0.054775 0.104730
0 0.493874 0.669595 0.030631 0.172973
0 0.515676 0.676351 0.025946 0.181081
0 0.540360 0.686486 0.037117 0.202703
0 0.563604 0.682432 0.043964 0.205405
0 0.600541 0.665878 0.052252 0.176351
0 0.646486 0.655405 0.069910 0.191892
0 0.700721 0.626014 0.069550 0.180405
0 0.754595 0.602365 0.060541 0.119595
0 0.470450 0.666892 0.024144 0.172973
0 0.449189 0.666892 0.026306 0.170270
0 0.424144 0.675000 0.030270 0.187838
0 0.396577 0.667230 0.035676 0.173649
0 0.366847 0.657095 0.038198 0.169595
0 0.324505 0.642230 0.061622 0.179054
0 0.280000 0.609459 0.059099 0.164865
0 0.234955 0.593243 0.044685 0.112162