0 0.600395 0.477446 0.069510 0.165770
0 0.515589 0.545044 0.048137 0.184047
0 0.269708 0.713804 0.074768 0.170527
0 0.321027 0.753389 0.086465 0.220466
0 0.360978 0.787493 0.054634 0.174176
0 0.396708 0.759480 0.027348 0.215595
0 0.422692 0.757041 0.028649 0.237514
0 0.451600 0.741209 0.025398 0.198541
0 0.473686 0.739990 0.028000 0.205845
0 0.489926 0.727199 0.026699 0.185142
0 0.511364 0.731463 0.031895 0.196101
0 0.533809 0.742426 0.044173 0.220459
0 0.562067 0.748517 0.042223 0.215588
0 0.600396 0.736334 0.068209 0.193669
0 0.643919 0.725375 0.091593 0.193669
0 0.690333 0.720503 0.065027 0.186358
0 0.743928 0.662649 0.047488 0.109622
0 0.680914 0.472574 0.064378 0.163338
0 0.640995 0.535912 0.058465 0.180392
0 0.567231 0.546264 0.050086 0.174297
0 0.546443 0.484145 0.039690 0.201101
0 0.496202 0.544885 0.045535 0.215716
0 0.461020 0.537128 0.045535 0.224243
0 0.430813 0.541392 0.039694 0.210838
0 0.401256 0.532865 0.041640 0.225459
0 0.378845 0.550527 0.046187 0.216932
0 0.354159 0.510939 0.044886 0.154811
0 0.314856 0.543216 0.057229 0.199878
0 0.280751 0.465267 0.056580 0.158466
0 0.247946 0.405581 0.057232 0.070770
0 0.220013 0.658993 0.046836 0.119365