0 0.484685 0.532432 0.036036 0.200000
0 0.458378 0.514527 0.025225 0.192568
0 0.428288 0.497297 0.036396 0.239189
0 0.397117 0.507432 0.036757 0.189189
0 0.367748 0.513851 0.035676 0.161486
0 0.329189 0.500000 0.050090 0.171622
0 0.295315 0.477027 0.054414 0.150000
0 0.280541 0.405068 0.052252 0.099324
0 0.519459 0.523311 0.032793 0.212838
0 0.544685 0.506081 0.027748 0.216216
0 0.574234 0.503378 0.034234 0.247297
0 0.601802 0.516554 0.039640 0.192568
0 0.629910 0.505068 0.038919 0.196622
0 0.663604 0.505743 0.050811 0.164189
0 0.693514 0.458108 0.051532 0.163514
0 0.714414 0.401351 0.049369 0.097297
0 0.514234 0.703378 0.023063 0.145946
0 0.539099 0.707770 0.023784 0.147973
0 0.569910 0.705743 0.035676 0.166892
0 0.606486 0.706419 0.047568 0.184459
0 0.634414 0.685811 0.049369 0.156757
0 0.679279 0.677703 0.077838 0.191892
0 0.721622 0.634459 0.070991 0.162162
0 0.769550 0.602703 0.050811 0.100000
0 0.491171 0.702365 0.023784 0.146622
0 0.466847 0.711149 0.023423 0.170946
0 0.430811 0.706419 0.051532 0.180405
0 0.396036 0.697297 0.044685 0.179730
0 0.361802 0.686486 0.052613 0.166216
0 0.318198 0.672973 0.083604 0.193243
0 0.269369 0.625338 0.078198 0.160135
0 0.221081 0.594932 0.049369 0.092568