0 0.429222 0.451865 0.044173 0.236419
0 0.263537 0.588956 0.063730 0.127899
0 0.315831 0.604787 0.073470 0.186358
0 0.401905 0.659601 0.052032 0.176608
0 0.437959 0.665081 0.030598 0.197324
0 0.464591 0.667517 0.029297 0.175399
0 0.487654 0.662037 0.024750 0.152250
0 0.507142 0.667517 0.027351 0.165655
0 0.527281 0.657166 0.026050 0.159561
0 0.546119 0.671780 0.037744 0.205845
0 0.593899 0.657166 0.066912 0.166872
0 0.628330 0.646814 0.085099 0.177831
0 0.676398 0.616361 0.079903 0.177831
0 0.724764 0.594436 0.059827 0.131547
0 0.676041 0.349554 0.066324 0.100000
0 0.662076 0.444557 0.065679 0.170642
0 0.622775 0.456128 0.057232 0.191351
0 0.594515 0.464047 0.039690 0.185257
0 0.568207 0.468311 0.045539 0.215716
0 0.537350 0.483534 0.038389 0.192568
0 0.515261 0.489628 0.034494 0.199878
0 0.484114 0.482318 0.031831 0.214500
0 0.458778 0.475010 0.040923 0.195007
0 0.402587 0.453693 0.041578 0.203534
0 0.371405 0.454304 0.057168 0.170649
0 0.327883 0.434814 0.055867 0.173088
0 0.300240 0.347723 0.060479 0.135324
0 0.364227 0.640723 0.083214 0.182703