0 0.484505 0.559459 0.024144 0.202703
0 0.464505 0.558784 0.021622 0.185135
0 0.446847 0.434122 0.029550 0.183108
0 0.435315 0.532770 0.041802 0.103378
0 0.413153 0.494257 0.037117 0.150676
0 0.381441 0.536486 0.048649 0.179730
0 0.355315 0.466216 0.047568 0.121622
0 0.509369 0.548649 0.025586 0.222973
0 0.530090 0.544932 0.023784 0.216892
0 0.545045 0.458784 0.027027 0.193243
0 0.559640 0.545270 0.048288 0.109459
0 0.583243 0.499662 0.039279 0.160135
0 0.606306 0.543581 0.056577 0.180405
0 0.636036 0.479392 0.054054 0.111486
0 0.501802 0.767905 0.017658 0.189865
0 0.513694 0.753716 0.019820 0.184459
0 0.528649 0.816892 0.031712 0.162162
0 0.544685 0.742230 0.027748 0.162838
0 0.576757 0.779392 0.040000 0.120946
0 0.616216 0.728716 0.065586 0.150676
0 0.489189 0.767230 0.016937 0.207432
0 0.475856 0.745946 0.019820 0.171622
0 0.458378 0.831757 0.033153 0.156757
0 0.436396 0.791892 0.028829 0.129730
0 0.408108 0.780743 0.037117 0.115541
0 0.374234 0.720946 0.068829 0.178378
0 0.443784 0.588176 0.020541 0.116892
0 0.426306 0.606419 0.018739 0.091216
0 0.413153 0.596622 0.039279 0.082432
0 0.543964 0.609459 0.022703 0.068919
0 0.572432 0.616216 0.050811 0.082432
0 0.529910 0.703378 0.014054 0.089189
0 0.572973 0.702027 0.038198 0.072973
0 0.459279 0.712162 0.017658 0.095946
0 0.440360 0.698649 0.023063 0.066216