0 0.489189 0.492905 0.028468 0.214189
0 0.461802 0.475676 0.024865 0.212162
0 0.434595 0.476014 0.036036 0.235811
0 0.409550 0.468581 0.044324 0.250676
0 0.381081 0.474662 0.041441 0.239865
0 0.339459 0.503716 0.054054 0.169595
0 0.298739 0.490878 0.044685 0.191216
0 0.265766 0.450338 0.044324 0.100676
0 0.524685 0.479392 0.038198 0.222297
0 0.550270 0.486824 0.025225 0.183108
0 0.580180 0.466554 0.036757 0.235811
0 0.603423 0.486824 0.042883 0.203378
0 0.631532 0.483108 0.034955 0.205405
0 0.668468 0.483108 0.046847 0.187838
0 0.707928 0.468919 0.042162 0.195946
0 0.735315 0.425676 0.045045 0.105405
0 0.519820 0.694595 0.027027 0.181081
0 0.539640 0.697635 0.021982 0.188514
0 0.563423 0.710473 0.027748 0.211486
0 0.594595 0.717230 0.030991 0.200676
0 0.621261 0.713851 0.037477 0.196622
0 0.663784 0.692230 0.071351 0.176351
0 0.708288 0.673986 0.074595 0.172297
0 0.751351 0.651014 0.054054 0.114189
0 0.495676 0.696959 0.020541 0.179054
0 0.475135 0.701689 0.028468 0.180405
0 0.454595 0.722973 0.040721 0.214865
0 0.423784 0.720608 0.033153 0.191216
0 0.395315 0.725676 0.049009 0.205405
0 0.353153 0.708784 0.077838 0.186486
0 0.299820 0.697973 0.079279 0.186486
0 0.250991 0.668919 0.058018 0.110811