0 0.278969 0.338223 0.078969 0.178811
0 0.298283 0.433983 0.059225 0.202953
0 0.330901 0.442030 0.057514 0.254453
0 0.364377 0.443642 0.036912 0.260892
0 0.390559 0.434791 0.044634 0.281811
0 0.419314 0.449274 0.047211 0.285034
0 0.447640 0.459736 0.033477 0.309176
0 0.472101 0.459733 0.034335 0.318831
0 0.497423 0.445250 0.043777 0.328486
0 0.523175 0.430764 0.045492 0.325270
0 0.542488 0.418696 0.053222 0.346189
0 0.567382 0.425132 0.056652 0.314007
0 0.590986 0.428351 0.076393 0.317216
0 0.636908 0.475828 0.061802 0.190074
0 0.675535 0.461345 0.075539 0.164324
0 0.691845 0.348682 0.058371 0.112824
0 0.749357 0.677091 0.065236 0.135196
0 0.704721 0.670652 0.113305 0.199574
0 0.644634 0.694794 0.096137 0.193128
0 0.602575 0.714912 0.056652 0.214054
0 0.255364 0.644902 0.057510 0.112655
0 0.571674 0.718132 0.046353 0.226926
0 0.540771 0.712497 0.032620 0.218885
0 0.518885 0.707672 0.030043 0.189912
0 0.501286 0.691578 0.024036 0.189912
0 0.486694 0.686747 0.022317 0.193128
0 0.469528 0.702845 0.034335 0.212446
0 0.437337 0.719743 0.043777 0.262338
0 0.412445 0.719743 0.036912 0.214054
0 0.382832 0.706865 0.042919 0.191527
0 0.340771 0.706061 0.075539 0.234973
0 0.306009 0.660997 0.066094 0.206007