0 0.449550 0.440878 0.047207 0.281757
0 0.411892 0.447635 0.037477 0.252027
0 0.372613 0.421284 0.043243 0.311486
0 0.341622 0.465541 0.045405 0.212162
0 0.300901 0.478716 0.061261 0.195270
0 0.251532 0.474324 0.053333 0.190541
0 0.228468 0.391554 0.054775 0.112838
0 0.498919 0.421622 0.049369 0.309459
0 0.538739 0.434459 0.040360 0.260811
0 0.578378 0.419932 0.041081 0.285811
0 0.607568 0.443581 0.049730 0.249324
0 0.641261 0.458108 0.048649 0.232432
0 0.683604 0.460135 0.059820 0.217568
0 0.736396 0.453716 0.064505 0.202027
0 0.762523 0.362838 0.055495 0.136486
0 0.497117 0.633446 0.028468 0.214189
0 0.523063 0.642230 0.029910 0.208784
0 0.553333 0.665541 0.035676 0.274324
0 0.584505 0.657432 0.043964 0.247297
0 0.615315 0.665203 0.048649 0.243919
0 0.668108 0.657770 0.072072 0.206081
0 0.726306 0.656419 0.064505 0.206081
0 0.783423 0.665878 0.059820 0.157432
0 0.474595 0.643581 0.027387 0.226351
0 0.449189 0.644595 0.029189 0.218919
0 0.420901 0.663176 0.033874 0.260135
0 0.389189 0.686149 0.034595 0.257432
0 0.359459 0.671959 0.040000 0.229054
0 0.312973 0.672297 0.067387 0.218919
0 0.257477 0.668919 0.066667 0.214865
0 0.204144 0.663176 0.054414 0.143919