0 0.469189 0.514189 0.028829 0.268919
0 0.448108 0.506081 0.033514 0.245946
0 0.424324 0.434459 0.029910 0.277027
0 0.400000 0.491554 0.036036 0.218243
0 0.378739 0.456081 0.038198 0.168919
0 0.338018 0.475000 0.046847 0.208108
0 0.313333 0.423311 0.046486 0.146622
0 0.291171 0.377703 0.036036 0.079730
0 0.496757 0.506757 0.027027 0.278378
0 0.514595 0.498649 0.029550 0.259459
0 0.536937 0.452365 0.036036 0.270946
0 0.554595 0.555068 0.047568 0.100676
0 0.584324 0.447973 0.045045 0.133784
0 0.626486 0.467230 0.060180 0.231757
0 0.660180 0.429730 0.060541 0.145946
0 0.693514 0.389527 0.042883 0.065541
0 0.497117 0.743243 0.021982 0.210811
0 0.511171 0.757770 0.028468 0.215541
0 0.533153 0.795946 0.032793 0.218919
0 0.558378 0.764189 0.037838 0.205405
0 0.596577 0.785473 0.050811 0.153378
0 0.643784 0.721284 0.094775 0.204730
0 0.696577 0.711486 0.068468 0.156757
0 0.738018 0.631419 0.032432 0.087162
0 0.479459 0.747297 0.021261 0.200000
0 0.460180 0.759797 0.022342 0.210135
0 0.435856 0.790203 0.032793 0.243919
0 0.414595 0.761486 0.030631 0.202703
0 0.375135 0.779730 0.036036 0.152703
0 0.333333 0.716216 0.080000 0.206757
0 0.286847 0.707432 0.057658 0.154054
0 0.263784 0.614527 0.028829 0.080405
0 0.369730 0.556757 0.034595 0.081081
0 0.588829 0.542905 0.049730 0.107432
0 0.593874 0.708446 0.067748 0.130405
0 0.381441 0.703041 0.060180 0.115541