0 0.490450 0.419595 0.031712 0.254054
0 0.463243 0.408784 0.029910 0.250000
0 0.433874 0.393919 0.047568 0.297297
0 0.416937 0.411824 0.038198 0.276351
0 0.393874 0.419595 0.042523 0.240541
0 0.358378 0.426014 0.048649 0.211486
0 0.315676 0.412162 0.045405 0.218919
0 0.274595 0.404392 0.046126 0.180405
0 0.517658 0.419257 0.027748 0.257432
0 0.543604 0.418243 0.024865 0.233784
0 0.569730 0.406419 0.037477 0.277703
0 0.589910 0.409122 0.041802 0.281757
0 0.616577 0.418581 0.046126 0.243919
0 0.647207 0.437838 0.046126 0.198649
0 0.691171 0.411486 0.043964 0.221622
0 0.729369 0.390878 0.041802 0.204730
0 0.509009 0.669595 0.018378 0.179730
0 0.530991 0.672635 0.024144 0.200676
0 0.554054 0.701689 0.032072 0.273649
0 0.583784 0.677365 0.042523 0.235811
0 0.611712 0.675338 0.051532 0.231757
0 0.653694 0.648986 0.080000 0.219595
0 0.702162 0.626014 0.078198 0.197973
0 0.752793 0.583446 0.077117 0.191216
0 0.490811 0.670946 0.021622 0.186486
0 0.469369 0.673986 0.021982 0.199324
0 0.446126 0.676351 0.030270 0.216216
0 0.415856 0.683108 0.043964 0.240541
0 0.390090 0.675338 0.055135 0.237162
0 0.350090 0.659797 0.072432 0.239865
0 0.301802 0.634459 0.070991 0.212162
0 0.238919 0.570946 0.089369 0.135135