0 0.491532 0.548986 0.034595 0.243919
0 0.462342 0.510473 0.033874 0.256081
0 0.438378 0.464189 0.041441 0.137838
0 0.417658 0.546284 0.046126 0.100676
0 0.389369 0.521284 0.042162 0.089865
0 0.344685 0.557770 0.060901 0.169595
0 0.319820 0.487162 0.061622 0.098649
0 0.528829 0.553041 0.032793 0.260135
0 0.564144 0.559459 0.033514 0.163514
0 0.592432 0.504730 0.032432 0.117568
0 0.607568 0.579392 0.036036 0.111486
0 0.635495 0.547297 0.037838 0.091892
0 0.672793 0.566892 0.056937 0.187838
0 0.690090 0.498311 0.067748 0.118243
0 0.523964 0.749324 0.026667 0.191892
0 0.541982 0.775000 0.035315 0.143243
0 0.568649 0.853378 0.038198 0.120270
0 0.596036 0.810473 0.034595 0.096622
0 0.631712 0.809459 0.036036 0.079730
0 0.677658 0.731757 0.069550 0.163514
0 0.739640 0.735811 0.058739 0.101351
0 0.500541 0.751351 0.022342 0.200000
0 0.477477 0.766554 0.028829 0.156081
0 0.446847 0.838851 0.038198 0.114189
0 0.417477 0.786149 0.039279 0.088514
0 0.374775 0.788176 0.039640 0.081757
0 0.336216 0.714527 0.074234 0.170946
0 0.278198 0.717568 0.054054 0.104054
0 0.434955 0.586824 0.027387 0.143919
0 0.405946 0.609122 0.037117 0.092568
0 0.381982 0.606081 0.043243 0.117568
0 0.584865 0.611824 0.025225 0.154730
0 0.610811 0.645608 0.032432 0.088514
0 0.549189 0.719257 0.020901 0.135811
0 0.570811 0.743919 0.025225 0.147297
0 0.595315 0.723986 0.033874 0.089865
0 0.629369 0.711824 0.043604 0.115541
0 0.472432 0.698649 0.019459 0.117568
0 0.451532 0.726014 0.027387 0.169595
0 0.426486 0.708446 0.042883 0.102027
0 0.384324 0.696959 0.060901 0.097973