0 0.488468 0.408108 0.030631 0.264865
0 0.456036 0.409122 0.025586 0.246622
0 0.424865 0.400338 0.033874 0.264189
0 0.394955 0.411486 0.038198 0.229730
0 0.366486 0.397635 0.030991 0.229054
0 0.326847 0.401014 0.046847 0.181757
0 0.290631 0.363851 0.055856 0.204730
0 0.267928 0.298649 0.055135 0.148649
0 0.521802 0.407770 0.030991 0.266892
0 0.551712 0.408108 0.030991 0.232432
0 0.582703 0.388514 0.033874 0.262162
0 0.612072 0.381419 0.036396 0.260135
0 0.639820 0.381757 0.035676 0.228378
0 0.674775 0.376351 0.045766 0.206757
0 0.712072 0.350000 0.054054 0.181081
0 0.731171 0.287162 0.058378 0.121622
0 0.526667 0.643581 0.037117 0.172297
0 0.547568 0.691216 0.001081 0.005405
0 0.547027 0.636824 0.028108 0.181757
0 0.579279 0.640878 0.045045 0.230405
0 0.608649 0.621959 0.051171 0.215541
0 0.639459 0.592230 0.052252 0.179054
0 0.722162 0.537162 0.083604 0.197297
0 0.772793 0.490203 0.087568 0.164189
0 0.497838 0.653716 0.024144 0.200676
0 0.474955 0.656419 0.025946 0.210135
0 0.442342 0.639189 0.030631 0.218919
0 0.413694 0.627365 0.035315 0.212838
0 0.376757 0.608108 0.046486 0.197297
0 0.332432 0.586824 0.083964 0.215541
0 0.284865 0.560473 0.079640 0.208784
0 0.223423 0.510811 0.091532 0.155405