0 0.470090 0.523649 0.034955 0.240541
0 0.440000 0.536149 0.030270 0.156081
0 0.414414 0.432095 0.043243 0.150676
0 0.393333 0.508784 0.042162 0.118919
0 0.364324 0.491892 0.043964 0.089189
0 0.323964 0.502703 0.061261 0.194595
0 0.297117 0.450000 0.064505 0.108108
0 0.508108 0.528378 0.036036 0.245946
0 0.539640 0.542905 0.033514 0.166892
0 0.559640 0.424324 0.043243 0.140541
0 0.585946 0.503378 0.045405 0.089189
0 0.615856 0.466216 0.050450 0.108108
0 0.661622 0.488514 0.057658 0.195946
0 0.689730 0.418581 0.059099 0.118243
0 0.717838 0.346284 0.049730 0.079054
0 0.503243 0.726014 0.024865 0.172297
0 0.528649 0.729054 0.026667 0.151351
0 0.558919 0.797297 0.045405 0.129730
0 0.588829 0.753041 0.041081 0.089865
0 0.635676 0.754392 0.041081 0.095270
0 0.672613 0.659122 0.083964 0.179054
0 0.731712 0.649324 0.065946 0.114865
0 0.480000 0.727365 0.027387 0.168243
0 0.456036 0.746284 0.028468 0.158784
0 0.429730 0.807432 0.038559 0.136486
0 0.397658 0.768919 0.038559 0.086486
0 0.348829 0.777027 0.037477 0.087838
0 0.314234 0.678716 0.077117 0.175000
0 0.255135 0.680405 0.061261 0.114865
0 0.414234 0.574662 0.034955 0.147973
0 0.384685 0.588176 0.037117 0.104730
0 0.356757 0.568243 0.043964 0.113514
0 0.567207 0.568243 0.031712 0.129730
0 0.592072 0.565541 0.032432 0.105405
0 0.625045 0.550676 0.044324 0.105405
0 0.552432 0.691554 0.028829 0.129054
0 0.583604 0.672635 0.051532 0.112838
0 0.620721 0.662500 0.062342 0.141216
0 0.429910 0.710135 0.028108 0.132432
0 0.398018 0.691892 0.050811 0.109459
0 0.359459 0.694932 0.064505 0.147973