0 0.550214 0.432375 0.065236 0.264115
0 0.439485 0.710084 0.041204 0.223709
0 0.488413 0.701230 0.030901 0.196351
0 0.506438 0.694797 0.032616 0.180257
0 0.463090 0.707669 0.045495 0.209230
0 0.412445 0.716520 0.038627 0.226932
0 0.585836 0.697209 0.071247 0.201176
0 0.503004 0.461345 0.042915 0.280203
0 0.527897 0.460541 0.048068 0.262500
0 0.421029 0.436399 0.036912 0.256068
0 0.445921 0.463757 0.043777 0.246405
0 0.477252 0.474220 0.044638 0.257669
0 0.602573 0.442834 0.061802 0.204561
0 0.528326 0.691574 0.030043 0.183473
0 0.554935 0.711696 0.048926 0.194743
0 0.757939 0.546726 0.063517 0.131980
0 0.696995 0.284307 0.077254 0.122480
0 0.629613 0.701233 0.079831 0.183480
0 0.712445 0.602253 0.101286 0.188304
0 0.661373 0.646514 0.105578 0.209230
0 0.285407 0.625588 0.093560 0.215662
0 0.324463 0.659385 0.097856 0.196351
0 0.241200 0.583743 0.060086 0.115878
0 0.376395 0.688358 0.062663 0.189919
0 0.678969 0.409041 0.077254 0.165932
0 0.643346 0.433986 0.057510 0.183635
0 0.577681 0.438814 0.056652 0.254453
0 0.290557 0.309253 0.059225 0.149845
0 0.296995 0.401797 0.066955 0.212608
0 0.340342 0.436399 0.047207 0.214216
0 0.379829 0.442034 0.038627 0.244797
0 0.401286 0.437206 0.040346 0.270547