0 0.484865 0.464527 0.028468 0.185811
0 0.459820 0.444932 0.024505 0.207432
0 0.437297 0.432770 0.029189 0.227703
0 0.414414 0.439865 0.035315 0.201351
0 0.388108 0.447297 0.030991 0.168919
0 0.360360 0.424662 0.042523 0.189865
0 0.322523 0.427365 0.041802 0.162838
0 0.296937 0.396622 0.039640 0.124324
0 0.513514 0.460811 0.028108 0.197297
0 0.538198 0.453041 0.024144 0.196622
0 0.561622 0.435473 0.029189 0.231757
0 0.582523 0.449662 0.034234 0.204730
0 0.607207 0.442230 0.030991 0.211486
0 0.633333 0.430068 0.039279 0.183108
0 0.670090 0.427365 0.042883 0.175000
0 0.700360 0.407095 0.045045 0.130405
0 0.503063 0.642568 0.018739 0.172973
0 0.522703 0.668919 0.018378 0.201351
0 0.541802 0.666554 0.024144 0.219595
0 0.565586 0.655743 0.033514 0.189865
0 0.592252 0.639189 0.037117 0.168919
0 0.632793 0.614865 0.066306 0.178378
0 0.673153 0.595946 0.071351 0.152703
0 0.713694 0.545946 0.068829 0.136486
0 0.486847 0.650338 0.017297 0.187162
0 0.469369 0.660473 0.021261 0.188514
0 0.446306 0.655743 0.024865 0.203378
0 0.424505 0.637838 0.028108 0.181081
0 0.397117 0.626014 0.043243 0.177703
0 0.359279 0.613514 0.065586 0.177027
0 0.317297 0.587162 0.073153 0.162162
0 0.278378 0.552703 0.064505 0.148649