0 0.492252 0.587838 0.032432 0.145946
0 0.451712 0.492568 0.046486 0.132432
0 0.452252 0.606757 0.024505 0.133784
0 0.435135 0.552703 0.035676 0.110811
0 0.407748 0.552027 0.032072 0.097297
0 0.374414 0.571284 0.044685 0.183108
0 0.354775 0.517230 0.049369 0.102027
0 0.521622 0.593919 0.030631 0.150000
0 0.545225 0.523311 0.021622 0.142568
0 0.571351 0.471622 0.045766 0.136486
0 0.574955 0.559459 0.032072 0.098649
0 0.599099 0.538851 0.032072 0.114189
0 0.632072 0.573649 0.045405 0.170270
0 0.651532 0.508784 0.052613 0.102703
0 0.508468 0.763176 0.020901 0.154730
0 0.524144 0.766216 0.029189 0.152703
0 0.539820 0.836824 0.028829 0.131757
0 0.564324 0.810473 0.030270 0.097973
0 0.596396 0.817230 0.037477 0.091216
0 0.628108 0.735811 0.067748 0.167568
0 0.677117 0.741216 0.049730 0.093243
0 0.491532 0.762500 0.017297 0.158784
0 0.474234 0.764865 0.019459 0.159459
0 0.457658 0.839865 0.026667 0.121622
0 0.433694 0.807432 0.028468 0.100000
0 0.401081 0.817230 0.030991 0.089865
0 0.367027 0.740541 0.065946 0.167568
0 0.318198 0.727703 0.048288 0.098649
0 0.469730 0.588176 0.016937 0.145270
0 0.433694 0.630068 0.028468 0.091216
0 0.408649 0.625338 0.036036 0.097973
0 0.543964 0.618243 0.018378 0.112162
0 0.560000 0.614189 0.021622 0.133784
0 0.578018 0.637162 0.029550 0.074324
0 0.600000 0.617230 0.034595 0.103378
0 0.543243 0.729730 0.018378 0.098649
0 0.562703 0.728716 0.030631 0.100676
0 0.587928 0.727027 0.047928 0.110811
0 0.456577 0.734459 0.018018 0.113514
0 0.437658 0.731081 0.030631 0.101351
0 0.407568 0.732432 0.043243 0.113514