0 0.498018 0.453041 0.028829 0.183108
0 0.478378 0.477027 0.047928 0.195946
0 0.445045 0.405405 0.044685 0.179730
0 0.427568 0.517568 0.050090 0.102703
0 0.390811 0.491554 0.042162 0.089865
0 0.335315 0.480743 0.058739 0.168243
0 0.300901 0.436486 0.059820 0.108108
0 0.541441 0.494932 0.049369 0.191216
0 0.573514 0.406419 0.037838 0.111486
0 0.592793 0.489527 0.063423 0.116892
0 0.639820 0.477703 0.043604 0.086486
0 0.696396 0.476351 0.065225 0.150000
0 0.729009 0.430068 0.056937 0.106081
0 0.526847 0.783446 0.036757 0.150676
0 0.555135 0.843243 0.031351 0.121622
0 0.573153 0.705068 0.042162 0.137162
0 0.595495 0.779392 0.066667 0.100676
0 0.658018 0.780405 0.033153 0.074324
0 0.705405 0.738851 0.070270 0.143919
0 0.754054 0.690878 0.057297 0.100676
0 0.498378 0.793919 0.023063 0.177027
0 0.474054 0.835135 0.056577 0.183784
0 0.440541 0.821284 0.033514 0.176351
0 0.414414 0.808108 0.038919 0.094595
0 0.362162 0.796622 0.048288 0.082432
0 0.310450 0.746959 0.070991 0.146622
0 0.261982 0.703716 0.059099 0.111486
0 0.502162 0.585811 0.028468 0.117568
0 0.469730 0.595946 0.042162 0.172973
0 0.425946 0.577365 0.049009 0.110135
0 0.380360 0.572635 0.056577 0.112838
0 0.537658 0.581419 0.038198 0.115541
0 0.561982 0.536824 0.027748 0.156081
0 0.601441 0.570270 0.054054 0.108108
0 0.650450 0.548649 0.049730 0.140541
0 0.524685 0.708784 0.025946 0.131081
0 0.547027 0.719595 0.017297 0.141892
0 0.607568 0.672635 0.041081 0.084459
0 0.647207 0.714189 0.069910 0.151351
0 0.490811 0.708108 0.027387 0.117568
0 0.453694 0.701689 0.038919 0.199324
0 0.426486 0.726351 0.046486 0.116216
0 0.374234 0.735811 0.078198 0.175676