0 0.477838 0.539865 0.033153 0.233784
0 0.450631 0.530068 0.031351 0.227703
0 0.422523 0.476014 0.039279 0.206081
0 0.413694 0.551014 0.032432 0.172297
0 0.384144 0.490878 0.037477 0.168243
0 0.348468 0.527365 0.046847 0.193919
0 0.322523 0.491554 0.054054 0.143919
0 0.298559 0.429054 0.040721 0.071622
0 0.507748 0.533446 0.034595 0.239865
0 0.533514 0.535811 0.030631 0.213514
0 0.558919 0.498649 0.036036 0.232432
0 0.578919 0.519595 0.036396 0.210811
0 0.603423 0.479730 0.039279 0.144595
0 0.638198 0.510811 0.056216 0.205405
0 0.667207 0.471284 0.053694 0.129054
0 0.495676 0.751351 0.027027 0.170270
0 0.509369 0.750338 0.037838 0.169595
0 0.524505 0.775338 0.047207 0.216892
0 0.554234 0.778378 0.037477 0.156757
0 0.600901 0.798649 0.052252 0.113514
0 0.634955 0.726351 0.078559 0.181081
0 0.689910 0.708784 0.060901 0.129730
0 0.478919 0.751689 0.018739 0.168243
0 0.458198 0.753041 0.022703 0.175000
0 0.441261 0.785473 0.034955 0.214189
0 0.412973 0.774662 0.031712 0.150676
0 0.337117 0.733446 0.073874 0.180405
0 0.287207 0.712162 0.058378 0.135135
0 0.384144 0.598986 0.038198 0.075000
0 0.604505 0.582770 0.042883 0.093919
0 0.585586 0.717905 0.054054 0.092568
0 0.379459 0.741892 0.053333 0.124324