0 0.489009 0.522635 0.033153 0.216892
0 0.466126 0.520608 0.041441 0.192568
0 0.448649 0.419932 0.044685 0.176351
0 0.419820 0.445608 0.047568 0.180405
0 0.386847 0.442230 0.048649 0.143919
0 0.338739 0.478041 0.055495 0.179054
0 0.311892 0.412162 0.058018 0.122973
0 0.521802 0.519932 0.032432 0.211486
0 0.546126 0.518243 0.037117 0.190541
0 0.561441 0.417905 0.041081 0.181757
0 0.586847 0.441892 0.042162 0.171622
0 0.619459 0.431757 0.036757 0.175676
0 0.662703 0.474662 0.052613 0.200676
0 0.691171 0.419932 0.054775 0.120946
0 0.504865 0.721622 0.021622 0.168919
0 0.523423 0.729054 0.032072 0.181081
0 0.550090 0.763851 0.033514 0.170946
0 0.585045 0.744257 0.037117 0.135811
0 0.626126 0.751689 0.035676 0.145270
0 0.663964 0.676689 0.078919 0.208784
0 0.720180 0.660135 0.061622 0.135135
0 0.483964 0.725000 0.021622 0.177027
0 0.463243 0.713514 0.024144 0.177027
0 0.435676 0.780068 0.037477 0.175000
0 0.405405 0.737838 0.035315 0.160811
0 0.363964 0.739189 0.039640 0.139189
0 0.324324 0.666216 0.078559 0.204054
0 0.267387 0.625676 0.061261 0.133784
0 0.433694 0.556081 0.032793 0.100000
0 0.409369 0.549324 0.032432 0.094595
0 0.382523 0.534459 0.048649 0.121622
0 0.573874 0.547297 0.026306 0.131081
0 0.597297 0.552027 0.032072 0.095946
0 0.626306 0.543919 0.041081 0.097297
0 0.554595 0.659122 0.027387 0.064189
0 0.581982 0.659459 0.038198 0.083784
0 0.618018 0.669595 0.056937 0.136486
0 0.435315 0.662500 0.033874 0.104730
0 0.411171 0.635811 0.033153 0.064865
0 0.370450 0.665541 0.062703 0.145946