0 0.489189 0.500676 0.024865 0.237838
0 0.468108 0.468919 0.025225 0.197297
0 0.447207 0.410811 0.033153 0.128378
0 0.434775 0.492230 0.035676 0.102027
0 0.410450 0.466554 0.034595 0.089865
0 0.376757 0.498311 0.052973 0.180405
0 0.351712 0.438176 0.055495 0.107432
0 0.516216 0.518919 0.025586 0.224324
0 0.538378 0.499324 0.023784 0.120270
0 0.560180 0.419257 0.035676 0.130405
0 0.568468 0.493919 0.037838 0.097297
0 0.590991 0.464189 0.033153 0.083784
0 0.624685 0.498649 0.050811 0.179730
0 0.655315 0.439527 0.056577 0.114189
0 0.501261 0.737838 0.018739 0.189189
0 0.515856 0.744595 0.021982 0.194595
0 0.537658 0.816892 0.027387 0.112162
0 0.558198 0.764527 0.032432 0.089865
0 0.597297 0.769595 0.034955 0.078378
0 0.627748 0.691554 0.072793 0.180405
0 0.685225 0.674662 0.056577 0.102027
0 0.484685 0.731081 0.017297 0.171622
0 0.471892 0.746959 0.019820 0.208784
0 0.444144 0.817230 0.026306 0.118243
0 0.422523 0.777703 0.030631 0.097297
0 0.383784 0.785811 0.031712 0.072973
0 0.357477 0.690541 0.074955 0.182432
0 0.304324 0.671284 0.049369 0.097973
0 0.468288 0.575338 0.016216 0.069595
0 0.450811 0.523649 0.020901 0.179730
0 0.426667 0.563851 0.034595 0.100676
0 0.403423 0.546959 0.042162 0.118243
0 0.534775 0.577703 0.015135 0.081081
0 0.552793 0.542568 0.022342 0.154054
0 0.572793 0.568243 0.032793 0.101351
0 0.594234 0.548311 0.041081 0.116892
0 0.536216 0.725338 0.021622 0.157432
0 0.558018 0.690203 0.037117 0.103378
0 0.587928 0.687838 0.055135 0.125676
0 0.453694 0.722297 0.018739 0.150000
0 0.427928 0.699662 0.040000 0.110135
0 0.396577 0.693243 0.062342 0.137838