0 0.289879 0.445169 0.059117 0.201095
0 0.541897 0.443341 0.035795 0.255912
0 0.270715 0.378176 0.068861 0.135324
0 0.482132 0.454912 0.031895 0.276608
0 0.368126 0.454912 0.035142 0.237635
0 0.233038 0.666909 0.068858 0.157128
0 0.342822 0.703449 0.072757 0.239953
0 0.393656 0.703588 0.040277 0.221676
0 0.599389 0.708929 0.041640 0.250912
0 0.711771 0.663253 0.057229 0.225331
0 0.722164 0.365389 0.059831 0.124358
0 0.617577 0.448821 0.044241 0.220588
0 0.420126 0.716236 0.038977 0.236297
0 0.449685 0.707101 0.040926 0.218027
0 0.480832 0.703449 0.028000 0.210723
0 0.505519 0.698578 0.025402 0.188791
0 0.400281 0.457348 0.042292 0.244939
0 0.452249 0.439686 0.043589 0.275399
0 0.521759 0.705277 0.022804 0.211932
0 0.544820 0.708321 0.036443 0.242385
0 0.418146 0.440297 0.046836 0.281486
0 0.625697 0.711365 0.039690 0.272838
0 0.567557 0.701017 0.035142 0.259439
0 0.513640 0.460392 0.044238 0.260784
0 0.332429 0.452476 0.053268 0.213277
0 0.574703 0.440905 0.031243 0.272959
0 0.593216 0.448213 0.039694 0.255912
0 0.656555 0.437250 0.053333 0.221797
0 0.701877 0.434206 0.053629 0.210845
0 0.765040 0.623061 0.065027 0.152257
0 0.667923 0.698581 0.070872 0.254568
0 0.288937 0.660473 0.092324 0.198514