0 0.475135 0.495270 0.024865 0.197297
0 0.454414 0.491216 0.023063 0.194595
0 0.428108 0.468919 0.038198 0.263514
0 0.411351 0.498311 0.035676 0.208784
0 0.380360 0.516554 0.047207 0.193919
0 0.353874 0.525338 0.045405 0.191216
0 0.315135 0.504730 0.050811 0.202703
0 0.295856 0.447297 0.054775 0.158108
0 0.499820 0.497297 0.025225 0.191892
0 0.519640 0.501351 0.020901 0.159459
0 0.542342 0.455405 0.027387 0.266216
0 0.561802 0.479054 0.036757 0.218919
0 0.589730 0.478378 0.041441 0.228378
0 0.620360 0.495270 0.047207 0.200000
0 0.658919 0.472635 0.047928 0.212838
0 0.681982 0.430405 0.055135 0.182432
0 0.501441 0.698986 0.015495 0.172297
0 0.536577 0.698986 0.023784 0.196622
0 0.517297 0.697973 0.019820 0.175676
0 0.558919 0.708446 0.029550 0.218243
0 0.537297 0.696284 0.025946 0.196622
0 0.591532 0.704730 0.037117 0.214865
0 0.560180 0.696284 0.031351 0.239865
0 0.591171 0.702703 0.036396 0.216216
0 0.630991 0.679054 0.073514 0.186486
0 0.673514 0.656419 0.069189 0.185811
0 0.718378 0.614527 0.061622 0.149324
0 0.485766 0.697635 0.017297 0.158784
0 0.517297 0.697297 0.016937 0.174324
0 0.469369 0.697973 0.018378 0.156757
0 0.501622 0.698311 0.015856 0.175000
0 0.485586 0.704054 0.015495 0.174324
0 0.447928 0.735473 0.025946 0.238514
0 0.426667 0.721622 0.028829 0.195946
0 0.469009 0.709797 0.019099 0.179054
0 0.448108 0.727027 0.027748 0.220270
0 0.400901 0.721959 0.030631 0.230405
0 0.426126 0.726351 0.029189 0.205405
0 0.356937 0.718581 0.070270 0.200676
0 0.318739 0.693581 0.065225 0.185811
0 0.267928 0.667230 0.061622 0.156081