0 0.314533 0.693098 0.082566 0.170520
0 0.255418 0.683351 0.065676 0.136419
0 0.593867 0.494497 0.038393 0.207182
0 0.619526 0.496328 0.036443 0.186480
0 0.496132 0.504851 0.032479 0.230324
0 0.428895 0.506068 0.035730 0.210838
0 0.326582 0.503635 0.059766 0.164554
0 0.571559 0.490845 0.033640 0.226676
0 0.531137 0.504851 0.034432 0.242514
0 0.741328 0.641939 0.055283 0.099878
0 0.706573 0.409233 0.054631 0.121926
0 0.691148 0.475618 0.047809 0.186480
0 0.649732 0.490233 0.051384 0.188912
0 0.407103 0.735118 0.035142 0.191236
0 0.306445 0.424699 0.066259 0.108047
0 0.471447 0.499980 0.031182 0.235203
0 0.449359 0.508503 0.032483 0.232764
0 0.403238 0.525557 0.036378 0.186480
0 0.365883 0.509115 0.046123 0.170649
0 0.547773 0.492669 0.031834 0.235203
0 0.695854 0.673605 0.060479 0.168088
0 0.655580 0.719284 0.061777 0.200973
0 0.612378 0.724780 0.033845 0.185169
0 0.588995 0.730855 0.029946 0.192453
0 0.562683 0.730351 0.026699 0.206054
0 0.537674 0.720503 0.022151 0.176615
0 0.517213 0.719892 0.021503 0.175392
0 0.500971 0.725983 0.025402 0.194885
0 0.480184 0.729027 0.024101 0.191230
0 0.458748 0.743034 0.026699 0.219243
0 0.434710 0.750341 0.029297 0.204628
0 0.366827 0.723564 0.075420 0.180236