0 0.584121 0.518483 0.047211 0.140182
0 0.462659 0.772851 0.034335 0.149676
0 0.524892 0.768831 0.024890 0.180257
0 0.703004 0.693182 0.080688 0.128757
0 0.390557 0.475831 0.048068 0.151446
0 0.440342 0.434787 0.041204 0.188466
0 0.511587 0.545034 0.053222 0.244797
0 0.482832 0.552277 0.042061 0.259284
0 0.462659 0.518480 0.042919 0.191689
0 0.404721 0.585274 0.045492 0.125696
0 0.615879 0.796993 0.054079 0.117486
0 0.577252 0.793777 0.055795 0.114270
0 0.545063 0.722155 0.020598 0.109446
0 0.600000 0.690770 0.078969 0.098176
0 0.501715 0.763196 0.026609 0.175432
0 0.669097 0.434787 0.062663 0.136966
0 0.645921 0.698814 0.096995 0.207628
0 0.481115 0.759172 0.031759 0.170601
0 0.637339 0.516872 0.071247 0.175595
0 0.337768 0.690770 0.093560 0.178649
0 0.411159 0.794581 0.048068 0.128757
0 0.429614 0.859764 0.052360 0.127149
0 0.370386 0.793774 0.060944 0.123926
0 0.554506 0.864591 0.046353 0.111047
0 0.582402 0.589297 0.040342 0.117649
0 0.288413 0.683530 0.082404 0.135196
0 0.609441 0.578030 0.058371 0.101561
0 0.396566 0.691578 0.058371 0.106223
0 0.424892 0.507213 0.039485 0.127304
0 0.564805 0.602973 0.029186 0.116041
0 0.353218 0.503189 0.059229 0.228703
0 0.612016 0.472611 0.054937 0.128912
0 0.322317 0.423524 0.081542 0.159493
0 0.382832 0.575615 0.053218 0.122473
0 0.539054 0.565152 0.039485 0.127304
0 0.556652 0.451686 0.045492 0.173980
0 0.440342 0.610220 0.051503 0.091899
0 0.438627 0.705257 0.068670 0.101392
0 0.561371 0.715716 0.030901 0.115878