0 0.477838 0.494595 0.035315 0.214865
0 0.446847 0.487838 0.028108 0.206757
0 0.417297 0.456081 0.032432 0.255405
0 0.389550 0.476351 0.035315 0.193243
0 0.361081 0.462838 0.033874 0.183784
0 0.326486 0.461486 0.052613 0.177027
0 0.283604 0.432095 0.054775 0.185811
0 0.268649 0.351689 0.047207 0.130405
0 0.511712 0.490878 0.035315 0.212838
0 0.540721 0.479730 0.029189 0.212162
0 0.571171 0.469595 0.031712 0.224324
0 0.598198 0.465541 0.041081 0.208108
0 0.625946 0.460811 0.041081 0.197297
0 0.659459 0.453716 0.055495 0.180405
0 0.704865 0.434459 0.053333 0.162162
0 0.718559 0.338176 0.054054 0.133108
0 0.509730 0.688851 0.021982 0.153378
0 0.530631 0.710473 0.021982 0.197973
0 0.555676 0.689865 0.032432 0.172973
0 0.590450 0.701689 0.043604 0.183108
0 0.619459 0.682095 0.047568 0.169595
0 0.667387 0.672635 0.082883 0.199324
0 0.712432 0.632095 0.074955 0.176351
0 0.760360 0.619257 0.058378 0.152027
0 0.486486 0.698311 0.019459 0.166892
0 0.464505 0.685811 0.025225 0.151351
0 0.435676 0.690203 0.034595 0.158784
0 0.408829 0.691216 0.036396 0.159459
0 0.376396 0.678378 0.047207 0.194595
0 0.327928 0.675000 0.080721 0.205405
0 0.282883 0.640878 0.072072 0.184459
0 0.228829 0.627365 0.060541 0.175000