0 0.403243 0.665807 0.065773 0.122128
0 0.579490 0.660419 0.044061 0.080216
0 0.392708 0.531706 0.037034 0.098182
0 0.555544 0.738845 0.034483 0.186784
0 0.322467 0.407784 0.061301 0.147270
0 0.534151 0.719686 0.035121 0.170020
0 0.348009 0.701128 0.086843 0.221500
0 0.582364 0.750818 0.045975 0.155649
0 0.614611 0.708311 0.051723 0.183189
0 0.440281 0.665209 0.041506 0.077824
0 0.457205 0.756804 0.034483 0.239459
0 0.575339 0.464659 0.045978 0.134101
0 0.749351 0.571220 0.065773 0.122128
0 0.668252 0.694544 0.092591 0.193966
0 0.479553 0.741236 0.026818 0.220311
0 0.412503 0.543679 0.040868 0.088601
0 0.355032 0.473639 0.054915 0.202345
0 0.512121 0.508358 0.029373 0.243054
0 0.429746 0.488601 0.054915 0.165230
0 0.290218 0.673588 0.079823 0.164027
0 0.486258 0.501774 0.032566 0.237074
0 0.717103 0.649044 0.099618 0.158047
0 0.386004 0.760993 0.058112 0.132905
0 0.580128 0.547270 0.055557 0.091000
0 0.412823 0.426939 0.056832 0.192770
0 0.297881 0.359892 0.049168 0.113743
0 0.601202 0.438314 0.049171 0.126912
0 0.609184 0.538889 0.049805 0.112547
0 0.462951 0.513750 0.038314 0.201149
0 0.556501 0.495787 0.035121 0.215520
0 0.638559 0.510753 0.056195 0.128115
0 0.429425 0.758000 0.032566 0.162838
0 0.665058 0.418561 0.063218 0.132905
0 0.530321 0.504767 0.047892 0.221507
0 0.497115 0.732855 0.032566 0.196358
0 0.387919 0.423949 0.035124 0.114939
0 0.518506 0.724476 0.020436 0.172412