0 0.489730 0.566216 0.030270 0.225676
0 0.466847 0.561149 0.028468 0.197973
0 0.445946 0.478041 0.036396 0.127703
0 0.424505 0.537162 0.034595 0.110811
0 0.397297 0.521622 0.036396 0.101351
0 0.358739 0.548986 0.052252 0.169595
0 0.341441 0.487838 0.051532 0.105405
0 0.521441 0.572297 0.032432 0.204054
0 0.541622 0.552365 0.031712 0.183108
0 0.562162 0.480068 0.037477 0.129054
0 0.583784 0.525338 0.038198 0.133108
0 0.608468 0.521959 0.032793 0.099324
0 0.643423 0.555405 0.049369 0.166216
0 0.663604 0.494595 0.048649 0.105405
0 0.498198 0.771959 0.019099 0.147973
0 0.518739 0.770946 0.021982 0.160811
0 0.537838 0.841216 0.036396 0.158108
0 0.564505 0.804730 0.035676 0.083784
0 0.605045 0.810473 0.036757 0.075000
0 0.643604 0.737838 0.080000 0.171622
0 0.699099 0.717568 0.054054 0.102703
0 0.481261 0.767568 0.024865 0.158108
0 0.466306 0.786149 0.025946 0.191216
0 0.441081 0.841554 0.036036 0.123649
0 0.417658 0.813176 0.034595 0.088514
0 0.380541 0.805743 0.038919 0.077703
0 0.346306 0.740203 0.079279 0.176351
0 0.291712 0.711486 0.055135 0.104054
0 0.441261 0.604730 0.024144 0.117568
0 0.415315 0.590203 0.001081 0.002027
0 0.419279 0.618581 0.029910 0.080405
0 0.392432 0.602365 0.040360 0.100676
0 0.561441 0.592230 0.025225 0.139865
0 0.583243 0.618243 0.031351 0.086486
0 0.608649 0.609122 0.038919 0.100676
0 0.539459 0.733108 0.020901 0.087838
0 0.560000 0.724662 0.031712 0.091216
0 0.589910 0.728041 0.049730 0.119595
0 0.450991 0.735135 0.022703 0.077027
0 0.426847 0.734459 0.040000 0.090541
0 0.396577 0.735811 0.052973 0.122973