0 0.486486 0.424324 0.033153 0.240541
0 0.459459 0.412838 0.029550 0.237838
0 0.432793 0.395946 0.036036 0.300000
0 0.406486 0.422973 0.041802 0.240541
0 0.376757 0.397635 0.039279 0.270946
0 0.343423 0.403716 0.049730 0.220946
0 0.305766 0.383108 0.062342 0.213514
0 0.279459 0.306419 0.055135 0.126351
0 0.518559 0.421959 0.034595 0.254730
0 0.543243 0.429392 0.027748 0.214189
0 0.574054 0.389527 0.033874 0.310135
0 0.600541 0.405743 0.049369 0.262838
0 0.623604 0.389527 0.038559 0.283108
0 0.658739 0.390878 0.051892 0.242568
0 0.699640 0.386486 0.055856 0.202703
0 0.724685 0.322297 0.056937 0.116216
0 0.510811 0.662838 0.018378 0.208108
0 0.529009 0.666892 0.027387 0.198649
0 0.547928 0.677027 0.027027 0.248649
0 0.571532 0.667568 0.033153 0.237838
0 0.598559 0.657095 0.043964 0.229054
0 0.641081 0.640878 0.074955 0.216892
0 0.691712 0.614189 0.081802 0.217568
0 0.740901 0.578041 0.063423 0.149324
0 0.493514 0.664527 0.022703 0.200676
0 0.475315 0.665878 0.027387 0.191216
0 0.450631 0.696959 0.032072 0.243919
0 0.429730 0.666554 0.032072 0.220946
0 0.407568 0.664865 0.041081 0.229730
0 0.363964 0.642905 0.082883 0.218243
0 0.318018 0.610473 0.078919 0.199324
0 0.257297 0.577365 0.078559 0.157432