0 0.486486 0.458784 0.038198 0.229730
0 0.455856 0.455068 0.027387 0.226351
0 0.427027 0.444932 0.036036 0.238514
0 0.402342 0.450000 0.037838 0.229730
0 0.370811 0.443919 0.038919 0.221622
0 0.335495 0.468581 0.049009 0.152027
0 0.293333 0.455068 0.050450 0.139865
0 0.279279 0.368919 0.051892 0.085135
0 0.522703 0.457770 0.036396 0.231757
0 0.551532 0.459459 0.029910 0.214865
0 0.578919 0.446284 0.033514 0.239865
0 0.606667 0.450676 0.037117 0.200000
0 0.631712 0.444932 0.039640 0.200676
0 0.667568 0.451351 0.050090 0.159459
0 0.700360 0.403716 0.045045 0.129054
0 0.724865 0.331419 0.044324 0.064189
0 0.507568 0.681757 0.024144 0.189189
0 0.532613 0.689189 0.026667 0.193243
0 0.558018 0.698649 0.031351 0.231081
0 0.586667 0.698649 0.033874 0.204054
0 0.618559 0.687500 0.043604 0.193919
0 0.664324 0.669595 0.074595 0.191892
0 0.708468 0.637500 0.064865 0.175000
0 0.750811 0.622973 0.042162 0.093243
0 0.483423 0.681419 0.026306 0.191216
0 0.459099 0.695946 0.030270 0.204054
0 0.432793 0.700000 0.030991 0.222973
0 0.403964 0.701351 0.034595 0.201351
0 0.369550 0.701351 0.045766 0.201351
0 0.323423 0.687838 0.078919 0.198649
0 0.277477 0.651689 0.070631 0.179054
0 0.232432 0.639189 0.043243 0.100000