0 0.492613 0.295608 0.026667 0.272297
0 0.472072 0.300676 0.025225 0.271622
0 0.446667 0.326351 0.036396 0.250000
0 0.426667 0.338176 0.041081 0.214189
0 0.395315 0.325676 0.041802 0.227027
0 0.358919 0.327703 0.051892 0.204054
0 0.312252 0.314189 0.056577 0.198649
0 0.519820 0.291216 0.027748 0.278378
0 0.542523 0.298649 0.027027 0.251351
0 0.567748 0.320270 0.033514 0.245946
0 0.591532 0.320270 0.037838 0.240541
0 0.617297 0.336824 0.036036 0.202027
0 0.646486 0.315878 0.051892 0.220946
0 0.688649 0.313514 0.049730 0.191892
0 0.716757 0.259797 0.051171 0.120946
0 0.507748 0.564865 0.020180 0.187838
0 0.525766 0.560473 0.018018 0.185811
0 0.550450 0.561149 0.031351 0.211486
0 0.572793 0.552703 0.030631 0.208108
0 0.596396 0.548649 0.033874 0.210811
0 0.643604 0.538851 0.076396 0.210135
0 0.687207 0.510811 0.072793 0.194595
0 0.725225 0.493243 0.040000 0.091892
0 0.488649 0.557770 0.018739 0.179054
0 0.471712 0.559122 0.022342 0.170946
0 0.447928 0.572635 0.028829 0.214189
0 0.424505 0.561824 0.034595 0.215541
0 0.400541 0.557432 0.033514 0.214865
0 0.355856 0.549324 0.070270 0.217568
0 0.308829 0.508784 0.077838 0.183784