0 0.467748 0.534122 0.036757 0.204730
0 0.440000 0.537838 0.031712 0.206757
0 0.411532 0.488176 0.034595 0.216892
0 0.388829 0.544932 0.040360 0.193919
0 0.354234 0.518243 0.040360 0.128378
0 0.313694 0.563176 0.053694 0.169595
0 0.289910 0.470608 0.051532 0.146622
0 0.270450 0.414527 0.030631 0.070946
0 0.502523 0.532095 0.037117 0.207432
0 0.533153 0.535473 0.034234 0.207432
0 0.562883 0.505405 0.041081 0.201351
0 0.586486 0.547635 0.048649 0.204730
0 0.620360 0.520946 0.044324 0.151351
0 0.661982 0.538176 0.066306 0.203378
0 0.690450 0.474662 0.063423 0.135811
0 0.721622 0.406757 0.045766 0.089189
0 0.500721 0.743919 0.028468 0.194595
0 0.518198 0.751351 0.036757 0.201351
0 0.539459 0.770608 0.044685 0.196622
0 0.568829 0.761149 0.040721 0.189865
0 0.621622 0.784797 0.038198 0.134459
0 0.661982 0.737500 0.083604 0.183108
0 0.717477 0.727027 0.060541 0.133784
0 0.481441 0.746622 0.023784 0.200000
0 0.457297 0.746959 0.027387 0.200676
0 0.434054 0.778378 0.033514 0.191892
0 0.405405 0.751351 0.036757 0.191892
0 0.357117 0.750676 0.040360 0.144595
0 0.286126 0.718581 0.055495 0.123649
0 0.238198 0.652027 0.040360 0.086486
0 0.412432 0.603378 0.030631 0.062162
0 0.354414 0.596959 0.042162 0.099324
0 0.625946 0.616216 0.046126 0.094595
0 0.600901 0.712162 0.056577 0.075676