0 0.472793 0.507770 0.039640 0.233108
0 0.439279 0.486486 0.031712 0.258108
0 0.408468 0.494595 0.035676 0.244595
0 0.377838 0.505743 0.036396 0.192568
0 0.355676 0.508784 0.036757 0.186486
0 0.319820 0.483108 0.048649 0.195946
0 0.281081 0.461486 0.057658 0.179730
0 0.260541 0.393243 0.054775 0.097297
0 0.507928 0.511486 0.036396 0.229730
0 0.544865 0.509459 0.027387 0.205405
0 0.574414 0.487162 0.038919 0.255405
0 0.603964 0.483784 0.039640 0.232432
0 0.631351 0.518919 0.043964 0.160811
0 0.667027 0.479392 0.054054 0.212838
0 0.709369 0.477703 0.052973 0.155405
0 0.729369 0.396284 0.057658 0.102027
0 0.502883 0.732095 0.022703 0.181757
0 0.520541 0.732432 0.032793 0.198649
0 0.550090 0.737500 0.032793 0.211486
0 0.576577 0.727703 0.036757 0.191892
0 0.610090 0.716892 0.045405 0.179730
0 0.657117 0.703378 0.075315 0.198649
0 0.715676 0.654730 0.086486 0.179730
0 0.760541 0.636486 0.050811 0.102703
0 0.480721 0.727703 0.023784 0.172973
0 0.455315 0.728716 0.028468 0.180405
0 0.429009 0.733108 0.032072 0.208108
0 0.402342 0.744595 0.034955 0.231081
0 0.370991 0.722635 0.039279 0.200676
0 0.326126 0.694257 0.072072 0.188514
0 0.272072 0.658446 0.080721 0.191216
0 0.230450 0.633108 0.050090 0.100000
0 0.521982 0.497635 0.032072 0.183108