0 0.469730 0.459459 0.032793 0.258108
0 0.445045 0.450676 0.025946 0.254054
0 0.425766 0.433446 0.031351 0.245270
0 0.412613 0.482432 0.038919 0.208108
0 0.387387 0.480405 0.033153 0.221622
0 0.352793 0.493581 0.053333 0.191216
0 0.309550 0.472635 0.050450 0.199324
0 0.285045 0.414189 0.046126 0.110811
0 0.503063 0.456081 0.032432 0.270270
0 0.519820 0.453041 0.038559 0.258784
0 0.545766 0.433446 0.040721 0.269595
0 0.562162 0.480405 0.054775 0.218919
0 0.589009 0.480743 0.047207 0.241216
0 0.627928 0.491554 0.055856 0.197973
0 0.674775 0.473649 0.052252 0.217568
0 0.702523 0.431757 0.051532 0.100000
0 0.499279 0.700000 0.031351 0.198649
0 0.514775 0.702365 0.029189 0.199324
0 0.532072 0.727365 0.035676 0.227703
0 0.553694 0.716892 0.035676 0.202703
0 0.591532 0.730405 0.038559 0.191892
0 0.630450 0.707770 0.081081 0.184459
0 0.683243 0.682770 0.084324 0.184459
0 0.729910 0.655743 0.060180 0.115541
0 0.482523 0.685811 0.025225 0.181081
0 0.462342 0.697297 0.030991 0.195946
0 0.441261 0.712838 0.025586 0.245946
0 0.409910 0.708446 0.025586 0.206081
0 0.388108 0.707770 0.054054 0.188514
0 0.341982 0.692568 0.072793 0.178378
0 0.294414 0.662838 0.072793 0.183784
0 0.249730 0.630743 0.050450 0.116892