0 0.478919 0.456757 0.046126 0.171622
0 0.441441 0.458108 0.038198 0.140541
0 0.415856 0.411149 0.037477 0.111486
0 0.398919 0.481419 0.041802 0.107432
0 0.370270 0.455068 0.041441 0.110135
0 0.323423 0.495608 0.052252 0.179054
0 0.301441 0.440203 0.044324 0.089865
0 0.529369 0.456757 0.047568 0.159459
0 0.565225 0.470608 0.033514 0.157432
0 0.589550 0.439527 0.037477 0.116892
0 0.604324 0.502365 0.037477 0.097973
0 0.634595 0.493581 0.035315 0.099324
0 0.671892 0.533108 0.048649 0.151351
0 0.698739 0.465878 0.049009 0.104730
0 0.490270 0.745946 0.029189 0.178378
0 0.506847 0.809122 0.041441 0.152027
0 0.541802 0.842568 0.040721 0.124324
0 0.574595 0.785811 0.042883 0.079730
0 0.621982 0.799662 0.036036 0.083108
0 0.665946 0.707095 0.078559 0.165541
0 0.722703 0.711486 0.050090 0.094595
0 0.463784 0.755405 0.028108 0.145946
0 0.432252 0.797635 0.029910 0.146622
0 0.408649 0.840203 0.035315 0.118243
0 0.387568 0.779054 0.034955 0.094595
0 0.347748 0.775676 0.037477 0.085135
0 0.316216 0.684122 0.063063 0.165541
0 0.268468 0.687162 0.048288 0.094595
0 0.481802 0.560135 0.030991 0.124324
0 0.452252 0.548986 0.023784 0.123649
0 0.424505 0.529730 0.033153 0.156757
0 0.391171 0.556757 0.034234 0.098649
0 0.361441 0.538514 0.040360 0.117568
0 0.517477 0.552027 0.036036 0.143243
0 0.547207 0.555743 0.021261 0.142568
0 0.576577 0.556757 0.033153 0.148649
0 0.605045 0.585135 0.031712 0.091892
0 0.633694 0.570946 0.035676 0.110811
0 0.516757 0.729730 0.022342 0.147297
0 0.540901 0.732095 0.030991 0.154730
0 0.571532 0.713176 0.043964 0.112838
0 0.640541 0.738514 0.001802 0.006757
0 0.586486 0.696284 0.001081 0.002027
0 0.611351 0.706419 0.063063 0.130405
0 0.471171 0.702027 0.021261 0.091892
0 0.449910 0.711824 0.026306 0.125000
0 0.425586 0.727365 0.033153 0.175000
0 0.398559 0.695270 0.045405 0.117568
0 0.361802 0.695608 0.059820 0.145270