0 0.472613 0.446284 0.029189 0.204730
0 0.445766 0.441216 0.025946 0.216216
0 0.420360 0.426351 0.030631 0.255405
0 0.397838 0.421959 0.035315 0.230405
0 0.371532 0.419595 0.031712 0.208108
0 0.339279 0.417230 0.047207 0.180405
0 0.300360 0.390203 0.049369 0.197973
0 0.287748 0.319595 0.070270 0.159459
0 0.501081 0.439527 0.031351 0.243919
0 0.527387 0.438514 0.028468 0.221622
0 0.552252 0.428716 0.032793 0.250676
0 0.574054 0.419595 0.041802 0.240541
0 0.601982 0.415541 0.039279 0.221622
0 0.639640 0.401351 0.059099 0.220270
0 0.683604 0.394257 0.058378 0.202027
0 0.697658 0.316554 0.077117 0.160135
0 0.497658 0.664865 0.023063 0.177027
0 0.512793 0.673311 0.027387 0.160135
0 0.535135 0.685473 0.031712 0.233108
0 0.555315 0.669932 0.030991 0.214189
0 0.579099 0.669595 0.047568 0.227027
0 0.626306 0.648311 0.092252 0.231757
0 0.670811 0.618243 0.088288 0.206757
0 0.727928 0.583108 0.083604 0.159459
0 0.481982 0.671959 0.027027 0.165541
0 0.467748 0.674324 0.025946 0.187838
0 0.434955 0.694595 0.051171 0.225676
0 0.418378 0.676014 0.043243 0.206081
0 0.391892 0.670608 0.056577 0.215541
0 0.356937 0.645270 0.080360 0.216216
0 0.320901 0.619932 0.069550 0.206081
0 0.271171 0.587838 0.069550 0.177027