0 0.481802 0.493581 0.033153 0.241216
0 0.453694 0.487838 0.027387 0.221622
0 0.425586 0.477703 0.034595 0.252703
0 0.403604 0.478041 0.040360 0.222297
0 0.373694 0.476351 0.040360 0.202703
0 0.341261 0.459797 0.051171 0.215541
0 0.301441 0.440203 0.050090 0.206081
0 0.286126 0.378041 0.028829 0.070946
0 0.509009 0.493581 0.033514 0.234459
0 0.524685 0.476014 0.051171 0.230405
0 0.555495 0.432432 0.032793 0.248649
0 0.570450 0.480405 0.038919 0.191892
0 0.597297 0.474662 0.045045 0.184459
0 0.635856 0.458784 0.056577 0.190541
0 0.681441 0.433108 0.056216 0.172973
0 0.699279 0.361486 0.047928 0.090541
0 0.495135 0.730068 0.022342 0.206081
0 0.514595 0.728378 0.028829 0.209459
0 0.541802 0.730068 0.034955 0.223649
0 0.574955 0.717568 0.049369 0.210811
0 0.603604 0.701689 0.056937 0.208784
0 0.654414 0.662162 0.083604 0.185135
0 0.697477 0.620946 0.081802 0.172973
0 0.751171 0.589527 0.049369 0.100676
0 0.477658 0.723649 0.022703 0.177027
0 0.456937 0.729392 0.028829 0.199324
0 0.428829 0.742230 0.037477 0.216892
0 0.403243 0.730405 0.048288 0.209459
0 0.374234 0.710473 0.052252 0.184459
0 0.324685 0.677703 0.087207 0.183784
0 0.287928 0.638176 0.074234 0.175000
0 0.238198 0.602027 0.043243 0.085135