0 0.474775 0.489189 0.037117 0.198649
0 0.430450 0.459459 0.045045 0.198649
0 0.401982 0.481419 0.044324 0.206081
0 0.374775 0.478716 0.042523 0.185811
0 0.328829 0.472635 0.061622 0.185811
0 0.292072 0.408108 0.060901 0.160811
0 0.510991 0.491554 0.035315 0.188514
0 0.537117 0.476689 0.040721 0.169595
0 0.565225 0.401689 0.040000 0.225000
0 0.587568 0.471622 0.044324 0.195946
0 0.617838 0.455405 0.042162 0.198649
0 0.660721 0.448649 0.060901 0.197297
0 0.690090 0.380743 0.063423 0.161486
0 0.498559 0.685473 0.029189 0.154730
0 0.524144 0.691554 0.028468 0.180405
0 0.557658 0.706757 0.042162 0.175676
0 0.585766 0.683108 0.040000 0.183784
0 0.623063 0.670270 0.055495 0.174324
0 0.668288 0.666892 0.077477 0.205405
0 0.730631 0.644257 0.073153 0.154730
0 0.779820 0.582770 0.051892 0.119595
0 0.473694 0.694595 0.029910 0.172973
0 0.454054 0.709459 0.038198 0.166216
0 0.420000 0.732770 0.045045 0.187162
0 0.395676 0.705068 0.040360 0.181757
0 0.364505 0.691892 0.045766 0.171622
0 0.317297 0.690203 0.070270 0.200676
0 0.257297 0.665203 0.079279 0.154730
0 0.207207 0.621622 0.054775 0.118919