0 0.496937 0.484122 0.029550 0.192568
0 0.476036 0.474662 0.035315 0.189865
0 0.446847 0.433446 0.036757 0.245270
0 0.421982 0.446284 0.045405 0.225000
0 0.390631 0.462500 0.041081 0.172297
0 0.353874 0.439189 0.064865 0.179730
0 0.328649 0.381757 0.076396 0.145946
0 0.302883 0.312838 0.042162 0.093243
0 0.527027 0.483446 0.031351 0.204730
0 0.553333 0.480068 0.025586 0.192568
0 0.579820 0.457432 0.033153 0.225676
0 0.605045 0.473649 0.036757 0.177027
0 0.631892 0.460135 0.037117 0.175676
0 0.665946 0.435473 0.056937 0.188514
0 0.693874 0.387838 0.062342 0.137838
0 0.717838 0.319595 0.039640 0.090541
0 0.505045 0.678041 0.021982 0.160135
0 0.518919 0.680405 0.029550 0.178378
0 0.546847 0.705068 0.032072 0.199324
0 0.571892 0.689865 0.036036 0.178378
0 0.607027 0.674662 0.052252 0.169595
0 0.655856 0.659459 0.082162 0.204054
0 0.702162 0.607095 0.062342 0.158784
0 0.485586 0.672635 0.021261 0.154730
0 0.467928 0.675000 0.025586 0.170270
0 0.442523 0.701351 0.033874 0.198649
0 0.417658 0.689527 0.036757 0.175000
0 0.379279 0.672635 0.050090 0.161486
0 0.335856 0.654730 0.080000 0.191892
0 0.289550 0.617568 0.052973 0.156757