0 0.479459 0.502365 0.033514 0.262838
0 0.455856 0.510811 0.038198 0.239189
0 0.434955 0.447635 0.043964 0.183108
0 0.428108 0.542905 0.049730 0.166892
0 0.399459 0.533784 0.048649 0.174324
0 0.358018 0.502703 0.053694 0.214865
0 0.328108 0.460811 0.052973 0.124324
0 0.512072 0.503041 0.031712 0.258784
0 0.530991 0.500338 0.053694 0.247973
0 0.557658 0.429392 0.047928 0.177703
0 0.564685 0.536486 0.046126 0.172973
0 0.593694 0.540878 0.045766 0.158784
0 0.635135 0.502365 0.053694 0.215541
0 0.669369 0.465203 0.047207 0.118243
0 0.505045 0.739189 0.020541 0.186486
0 0.526126 0.745608 0.029550 0.206081
0 0.550811 0.756419 0.032072 0.193919
0 0.577117 0.737838 0.041441 0.171622
0 0.609910 0.729054 0.045045 0.172973
0 0.649369 0.700338 0.074234 0.196622
0 0.697658 0.688851 0.057658 0.138514
0 0.729009 0.624662 0.028829 0.095270
0 0.484865 0.746622 0.025586 0.201351
0 0.467027 0.748311 0.039640 0.208784
0 0.443784 0.762838 0.033514 0.208108
0 0.412252 0.752703 0.035315 0.193243
0 0.380000 0.727027 0.047207 0.166216
0 0.338018 0.711149 0.076396 0.184459
0 0.290090 0.703716 0.057658 0.139865
0 0.254054 0.631419 0.029550 0.088514