0 0.492432 0.477027 0.034955 0.250000
0 0.474234 0.470270 0.038198 0.244595
0 0.440360 0.450338 0.037477 0.287162
0 0.418378 0.493243 0.040360 0.201351
0 0.397838 0.495270 0.043964 0.201351
0 0.355495 0.495946 0.058018 0.181081
0 0.312432 0.471959 0.056216 0.191216
0 0.288649 0.396959 0.052613 0.160135
0 0.523964 0.471284 0.031712 0.266892
0 0.552432 0.489865 0.025225 0.209459
0 0.577297 0.469595 0.032432 0.275676
0 0.600721 0.485135 0.034595 0.233784
0 0.629910 0.488176 0.032432 0.215541
0 0.661622 0.500676 0.046847 0.177027
0 0.697117 0.479392 0.052973 0.179054
0 0.721622 0.409122 0.049369 0.143919
0 0.529009 0.680743 0.023063 0.179054
0 0.549910 0.695270 0.025225 0.204054
0 0.575676 0.709122 0.030631 0.235811
0 0.601261 0.693243 0.039279 0.198649
0 0.633514 0.693919 0.051892 0.201351
0 0.675315 0.675338 0.085045 0.191216
0 0.717477 0.642568 0.086486 0.183784
0 0.765946 0.633784 0.067387 0.145946
0 0.507387 0.685811 0.027387 0.189189
0 0.485586 0.707770 0.032072 0.237162
0 0.460901 0.701014 0.043243 0.229054
0 0.430991 0.688851 0.034595 0.200676
0 0.399459 0.702027 0.062342 0.222973
0 0.350090 0.676014 0.093333 0.196622
0 0.296396 0.654392 0.095495 0.192568
0 0.243964 0.655405 0.070631 0.147297