0 0.489910 0.555068 0.030631 0.225000
0 0.464144 0.549324 0.030991 0.201351
0 0.451892 0.466892 0.033874 0.155405
0 0.423423 0.502703 0.038919 0.133784
0 0.396577 0.500676 0.039279 0.101351
0 0.352793 0.537500 0.054775 0.166892
0 0.327568 0.469257 0.050450 0.103378
0 0.521441 0.564865 0.030991 0.206757
0 0.549730 0.577365 0.029910 0.150676
0 0.560901 0.465878 0.040721 0.143919
0 0.585225 0.501689 0.040360 0.131757
0 0.609550 0.491892 0.041441 0.106757
0 0.655315 0.534797 0.058018 0.172297
0 0.679820 0.471959 0.054414 0.099324
0 0.507387 0.766216 0.022342 0.172973
0 0.524685 0.771284 0.027387 0.200676
0 0.545045 0.840878 0.034955 0.157432
0 0.574775 0.813851 0.036036 0.107432
0 0.613333 0.808784 0.036757 0.087838
0 0.648829 0.723986 0.075315 0.176351
0 0.700000 0.712162 0.053694 0.102703
0 0.488288 0.764189 0.020901 0.170270
0 0.471712 0.768243 0.024505 0.179730
0 0.449009 0.850338 0.037477 0.156081
0 0.423063 0.817568 0.035315 0.106757
0 0.385946 0.807770 0.041081 0.089865
0 0.344865 0.725000 0.077838 0.179730
0 0.296036 0.714865 0.049369 0.100000
0 0.438919 0.569257 0.027387 0.164189
0 0.416216 0.593919 0.035315 0.101351
0 0.389369 0.586824 0.045045 0.102027
0 0.574775 0.586149 0.025225 0.129054
0 0.594054 0.591216 0.037117 0.105405
0 0.620000 0.573986 0.042162 0.120946
0 0.547027 0.755405 0.024505 0.144595
0 0.567387 0.730405 0.034955 0.110811
0 0.603423 0.732095 0.060180 0.139865
0 0.450090 0.754054 0.021622 0.132432
0 0.427387 0.736486 0.037477 0.122973
0 0.391532 0.735811 0.058018 0.143243