0 0.470811 0.523311 0.036396 0.272297
0 0.447387 0.494595 0.035676 0.163514
0 0.419459 0.457095 0.038919 0.149324
0 0.401261 0.513176 0.042883 0.103378
0 0.372973 0.478716 0.041802 0.083108
0 0.324324 0.490203 0.060541 0.193919
0 0.303063 0.416216 0.058378 0.109459
0 0.514955 0.531419 0.036036 0.257432
0 0.542883 0.476014 0.037117 0.218243
0 0.570270 0.439189 0.040000 0.151351
0 0.589369 0.494932 0.042883 0.118243
0 0.616937 0.465878 0.043964 0.088514
0 0.670450 0.484797 0.062342 0.196622
0 0.696937 0.415203 0.061261 0.112838
0 0.503423 0.765203 0.025225 0.189865
0 0.524505 0.761149 0.031351 0.173649
0 0.556757 0.843581 0.049009 0.120946
0 0.592793 0.783446 0.035315 0.088514
0 0.641441 0.775338 0.036757 0.073649
0 0.679640 0.687838 0.090090 0.182432
0 0.733514 0.679392 0.058739 0.114189
0 0.483604 0.759459 0.023063 0.179730
0 0.459459 0.756419 0.024505 0.172297
0 0.426126 0.838514 0.045766 0.125676
0 0.396396 0.768243 0.033874 0.091892
0 0.347928 0.771284 0.033514 0.073649
0 0.312252 0.689189 0.085405 0.182432
0 0.261081 0.675338 0.058739 0.103378
0 0.421982 0.551689 0.030270 0.166892
0 0.391171 0.576351 0.034955 0.094595
0 0.365045 0.546622 0.052613 0.124324
0 0.546306 0.607432 0.021622 0.048649
0 0.572973 0.550676 0.030991 0.160811
0 0.599459 0.567905 0.038559 0.077703
0 0.631171 0.534122 0.044324 0.139865
0 0.551712 0.723649 0.023784 0.114865
0 0.586486 0.698311 0.039279 0.100676
0 0.623063 0.677365 0.059820 0.096622
0 0.434054 0.715878 0.024144 0.099324
0 0.398919 0.691554 0.035315 0.069595
0 0.364144 0.680068 0.060180 0.093919