0 0.474955 0.535135 0.052613 0.158108
0 0.438559 0.527027 0.036757 0.135135
0 0.419279 0.464189 0.040000 0.116216
0 0.397838 0.507770 0.041081 0.125000
0 0.370450 0.488514 0.046126 0.094595
0 0.327928 0.488176 0.071351 0.169595
0 0.296937 0.412838 0.059820 0.116216
0 0.528829 0.531757 0.056577 0.162162
0 0.563243 0.512838 0.046126 0.167568
0 0.581982 0.469595 0.041081 0.128378
0 0.609369 0.514189 0.038919 0.124324
0 0.635315 0.499324 0.047568 0.089189
0 0.680360 0.498311 0.065586 0.166892
0 0.704144 0.419257 0.062703 0.115541
0 0.522523 0.766554 0.025225 0.134459
0 0.551712 0.794595 0.028829 0.125676
0 0.588468 0.859459 0.040360 0.110811
0 0.617297 0.810473 0.041802 0.083108
0 0.667027 0.791216 0.040360 0.077027
0 0.704685 0.691554 0.070991 0.168243
0 0.763243 0.665541 0.056937 0.108108
0 0.495135 0.761486 0.025946 0.129730
0 0.466486 0.799324 0.037838 0.132432
0 0.422523 0.852027 0.047928 0.110811
0 0.392072 0.800338 0.041802 0.077703
0 0.340901 0.790541 0.041081 0.068919
0 0.299099 0.701014 0.072793 0.166892
0 0.242162 0.673986 0.056937 0.111486
0 0.481802 0.622635 0.030270 0.126351
0 0.451351 0.597297 0.025586 0.152703
0 0.416396 0.573649 0.030631 0.178378
0 0.387207 0.594595 0.037117 0.114865
0 0.355856 0.572297 0.047928 0.118919
0 0.518018 0.622297 0.032072 0.118919
0 0.549730 0.570270 0.027748 0.213514
0 0.585225 0.580405 0.036036 0.178378
0 0.615315 0.604054 0.042162 0.109459
0 0.648829 0.571959 0.047207 0.129054
0 0.550991 0.750000 0.019459 0.109459
0 0.574414 0.753041 0.026667 0.126351
0 0.607748 0.738514 0.045766 0.144595
0 0.654414 0.720608 0.073514 0.173649
0 0.465766 0.743919 0.021982 0.110811
0 0.436757 0.747973 0.030991 0.132432
0 0.401081 0.728716 0.048288 0.134459
0 0.355135 0.714865 0.075315 0.163514