0 0.492973 0.533784 0.029550 0.250000
0 0.465045 0.507095 0.027027 0.254730
0 0.440721 0.451689 0.041802 0.141216
0 0.429189 0.528041 0.049009 0.116892
0 0.401261 0.529730 0.044324 0.121622
0 0.368108 0.530405 0.055856 0.178378
0 0.332793 0.466216 0.055856 0.120270
0 0.522883 0.518581 0.030270 0.264189
0 0.541441 0.488851 0.032793 0.204730
0 0.562523 0.434122 0.040360 0.143919
0 0.579279 0.491554 0.038559 0.115541
0 0.605225 0.477703 0.037838 0.104054
0 0.647027 0.490878 0.050811 0.188514
0 0.668829 0.427027 0.048288 0.105405
0 0.508649 0.768243 0.021261 0.194595
0 0.527748 0.772973 0.022703 0.213514
0 0.555856 0.825676 0.041441 0.155405
0 0.583784 0.776351 0.033153 0.098649
0 0.620721 0.771959 0.032793 0.092568
0 0.654414 0.687162 0.077838 0.177027
0 0.703243 0.664189 0.047928 0.083784
0 0.491171 0.772297 0.020180 0.191892
0 0.474234 0.769257 0.022342 0.183108
0 0.452072 0.830743 0.043604 0.130405
0 0.423243 0.799662 0.038559 0.099324
0 0.385586 0.797635 0.041802 0.085811
0 0.344865 0.719257 0.082162 0.179054
0 0.292973 0.705068 0.053333 0.096622
0 0.447387 0.563851 0.031351 0.176351
0 0.428288 0.600676 0.033514 0.086486
0 0.567748 0.545270 0.027027 0.160811
0 0.587568 0.568581 0.033514 0.091216
0 0.613514 0.554054 0.042883 0.100000
0 0.547027 0.722297 0.023784 0.140541
0 0.571892 0.698649 0.041081 0.104054
0 0.612973 0.704392 0.069910 0.161486
0 0.451892 0.735135 0.022342 0.139189
0 0.428649 0.720946 0.044324 0.101351
0 0.391712 0.725676 0.065586 0.131081