0 0.482703 0.526014 0.035676 0.169595
0 0.456757 0.513851 0.031351 0.170946
0 0.428468 0.517905 0.034595 0.169595
0 0.397838 0.501689 0.045405 0.193919
0 0.365045 0.520270 0.041081 0.164865
0 0.327027 0.504730 0.050811 0.158108
0 0.283784 0.496622 0.056577 0.141892
0 0.285405 0.412838 0.049009 0.112162
0 0.516577 0.524662 0.032072 0.172297
0 0.545405 0.526014 0.027027 0.154730
0 0.573333 0.521284 0.031712 0.166892
0 0.599640 0.498986 0.038198 0.197973
0 0.630991 0.516892 0.034595 0.151351
0 0.664685 0.495270 0.045766 0.167568
0 0.706486 0.490203 0.045766 0.149324
0 0.496937 0.693243 0.021622 0.136486
0 0.516757 0.695270 0.023784 0.143243
0 0.538739 0.704054 0.026667 0.150000
0 0.567928 0.713514 0.033874 0.144595
0 0.598739 0.714189 0.038559 0.168919
0 0.640000 0.698311 0.063423 0.170946
0 0.690991 0.665203 0.070991 0.146622
0 0.727387 0.648649 0.045045 0.098649
0 0.475676 0.689527 0.022342 0.138514
0 0.456577 0.695608 0.026667 0.150676
0 0.436036 0.717905 0.029550 0.170946
0 0.405946 0.721959 0.037117 0.165541
0 0.374955 0.719932 0.037838 0.168243
0 0.333694 0.698986 0.071351 0.164189
0 0.279279 0.654054 0.083604 0.121622
0 0.238739 0.627027 0.050090 0.118919