0 0.478559 0.552365 0.032432 0.181757
0 0.451892 0.536824 0.026667 0.195270
0 0.428829 0.512500 0.033153 0.230405
0 0.408108 0.521622 0.037117 0.204054
0 0.383243 0.526014 0.034955 0.196622
0 0.350270 0.533108 0.044685 0.181081
0 0.324144 0.482432 0.058739 0.144595
0 0.296937 0.443919 0.045405 0.072973
0 0.507387 0.540878 0.030991 0.195270
0 0.528288 0.534122 0.028108 0.166892
0 0.550991 0.509122 0.031712 0.225000
0 0.571712 0.521284 0.036396 0.199324
0 0.596937 0.523649 0.035676 0.182432
0 0.631712 0.509797 0.044685 0.187162
0 0.663604 0.500000 0.052973 0.150000
0 0.685586 0.447297 0.040000 0.079730
0 0.502162 0.736149 0.019820 0.165541
0 0.519640 0.740541 0.022342 0.178378
0 0.542523 0.747297 0.025586 0.193243
0 0.569009 0.740203 0.037477 0.169595
0 0.596577 0.735135 0.044324 0.174324
0 0.634234 0.712500 0.066306 0.177703
0 0.675315 0.706757 0.051892 0.156757
0 0.725405 0.682095 0.053333 0.107432
0 0.482162 0.732432 0.020180 0.155405
0 0.462883 0.736824 0.023423 0.170946
0 0.441982 0.745946 0.025586 0.193243
0 0.415856 0.748986 0.031712 0.181757
0 0.387387 0.745946 0.041802 0.181081
0 0.348468 0.730068 0.066306 0.181757
0 0.303423 0.712162 0.057658 0.152703
0 0.260901 0.685811 0.043964 0.110811