0 0.480000 0.498649 0.038198 0.209459
0 0.449009 0.491554 0.026667 0.200676
0 0.417838 0.484459 0.036396 0.216216
0 0.384505 0.497297 0.033153 0.185135
0 0.356577 0.500676 0.029189 0.164865
0 0.701622 0.924324 0.001441 0.002703
0 0.321261 0.497297 0.047207 0.166216
0 0.279279 0.484122 0.046126 0.147973
0 0.263243 0.400676 0.050811 0.083784
0 0.517658 0.493919 0.037838 0.216216
0 0.550991 0.497297 0.029550 0.190541
0 0.579820 0.487162 0.036036 0.205405
0 0.609730 0.486486 0.039640 0.195946
0 0.638198 0.495608 0.031712 0.169595
0 0.672793 0.494257 0.044685 0.162838
0 0.712793 0.475676 0.047568 0.156757
0 0.731351 0.406757 0.045045 0.081081
0 0.501081 0.693919 0.022703 0.162162
0 0.525225 0.699662 0.023423 0.175000
0 0.553333 0.704730 0.030631 0.189189
0 0.586667 0.699662 0.030991 0.183108
0 0.620541 0.695946 0.041081 0.185135
0 0.665946 0.681757 0.074234 0.183784
0 0.707928 0.651351 0.063784 0.171622
0 0.761261 0.621284 0.037838 0.083108
0 0.478739 0.700676 0.023423 0.172973
0 0.450811 0.700676 0.028108 0.183784
0 0.406486 0.703716 0.030991 0.195270
0 0.373514 0.704392 0.036396 0.193919
0 0.327928 0.687162 0.074234 0.178378
0 0.281261 0.652703 0.076036 0.171622
0 0.234054 0.611149 0.034955 0.097973