0 0.470811 0.497297 0.037838 0.247297
0 0.445946 0.481081 0.038559 0.247297
0 0.418018 0.435135 0.037477 0.309459
0 0.401802 0.487500 0.045405 0.204730
0 0.374775 0.472635 0.043243 0.225000
0 0.334414 0.466892 0.055495 0.206757
0 0.292432 0.454730 0.054414 0.178378
0 0.270270 0.391216 0.047568 0.091892
0 0.506486 0.503716 0.041441 0.243919
0 0.533153 0.490878 0.034955 0.252027
0 0.566486 0.464527 0.038919 0.314189
0 0.589009 0.502703 0.047207 0.217568
0 0.617297 0.493581 0.045405 0.223649
0 0.654054 0.481419 0.059099 0.214189
0 0.694955 0.467230 0.060901 0.180405
0 0.716216 0.406081 0.048649 0.087838
0 0.502162 0.720608 0.029189 0.176351
0 0.521081 0.719932 0.033874 0.199324
0 0.545045 0.748649 0.033514 0.224324
0 0.569910 0.720946 0.040721 0.205405
0 0.598919 0.711486 0.039640 0.185135
0 0.641802 0.702027 0.080000 0.210811
0 0.694955 0.655743 0.079640 0.180405
0 0.742523 0.630405 0.052252 0.116216
0 0.483063 0.714189 0.027027 0.174324
0 0.461982 0.719932 0.028108 0.219595
0 0.430450 0.742905 0.043604 0.260135
0 0.405946 0.699662 0.042162 0.193919
0 0.376757 0.699324 0.040721 0.195946
0 0.332252 0.671622 0.084324 0.197297
0 0.282703 0.628378 0.078919 0.177027
0 0.232613 0.613851 0.054414 0.104730