0 0.477297 0.465203 0.034234 0.218243
0 0.460541 0.523311 0.024505 0.061486
0 0.447568 0.440541 0.037477 0.132432
0 0.428468 0.519257 0.036757 0.093919
0 0.406486 0.505743 0.023063 0.062838
0 0.367568 0.506419 0.052613 0.177703
0 0.342342 0.438851 0.042523 0.089865
0 0.503964 0.534122 0.028468 0.220946
0 0.529550 0.509797 0.026306 0.207432
0 0.543964 0.439865 0.032793 0.125676
0 0.558378 0.509459 0.037117 0.113514
0 0.579099 0.502027 0.023784 0.074324
0 0.613874 0.498649 0.053694 0.186486
0 0.641081 0.444932 0.041802 0.087162
0 0.506306 0.756081 0.020901 0.200000
0 0.522883 0.770608 0.022342 0.208784
0 0.539820 0.829730 0.027387 0.127027
0 0.563063 0.790878 0.032793 0.085811
0 0.594414 0.775676 0.042162 0.077027
0 0.624865 0.686486 0.074955 0.174324
0 0.674054 0.651014 0.043604 0.084459
0 0.486667 0.759459 0.021982 0.200000
0 0.470090 0.762838 0.031351 0.200000
0 0.457117 0.827703 0.030631 0.129730
0 0.433514 0.778378 0.027387 0.091892
0 0.401441 0.766554 0.039640 0.080405
0 0.365766 0.683108 0.074955 0.167568
0 0.312613 0.655405 0.047207 0.094595
0 0.449009 0.561149 0.024505 0.152027
0 0.427748 0.588851 0.032432 0.083108
0 0.403063 0.571622 0.040721 0.100000
0 0.543063 0.569257 0.020901 0.141216
0 0.564505 0.588514 0.032072 0.097297
0 0.585045 0.572973 0.042883 0.097297
0 0.538198 0.724662 0.019820 0.100676
0 0.556577 0.727365 0.031351 0.104730
0 0.589189 0.700000 0.056937 0.127027
0 0.453153 0.725676 0.016937 0.128378
0 0.433514 0.718581 0.033874 0.089865
0 0.406486 0.693581 0.055495 0.120946