0 0.485225 0.450338 0.030631 0.197973
0 0.458739 0.452703 0.024505 0.189189
0 0.436396 0.442568 0.028829 0.218919
0 0.419820 0.442905 0.037477 0.204730
0 0.393333 0.441892 0.034955 0.194595
0 0.361441 0.440878 0.048288 0.202027
0 0.316577 0.431757 0.047207 0.210811
0 0.293333 0.379730 0.048288 0.160811
0 0.511171 0.446284 0.027748 0.200676
0 0.533514 0.444257 0.024865 0.185811
0 0.556937 0.422973 0.025586 0.217568
0 0.575856 0.426689 0.023063 0.231757
0 0.589189 0.430405 0.031712 0.214865
0 0.719640 0.437838 0.001441 0.002703
0 0.620901 0.442568 0.049009 0.201351
0 0.667027 0.444595 0.048288 0.189189
0 0.693333 0.366892 0.054775 0.120270
0 0.514595 0.651351 0.020901 0.150000
0 0.527928 0.664865 0.020180 0.195946
0 0.547568 0.666554 0.024865 0.188514
0 0.564324 0.669932 0.030991 0.184459
0 0.589910 0.683108 0.032432 0.194595
0 0.625766 0.670946 0.070270 0.194595
0 0.668108 0.657770 0.063423 0.195270
0 0.724505 0.644257 0.062342 0.134459
0 0.494775 0.656081 0.020180 0.152703
0 0.477838 0.651351 0.021622 0.158108
0 0.456036 0.670270 0.027748 0.201351
0 0.436216 0.659797 0.029910 0.170946
0 0.410631 0.671622 0.033514 0.185135
0 0.375495 0.671622 0.067027 0.195946
0 0.327568 0.653716 0.068468 0.196622
0 0.275856 0.650338 0.063063 0.126351