0 0.487928 0.511486 0.033874 0.287838
0 0.460000 0.507770 0.032793 0.265541
0 0.432072 0.402027 0.056937 0.152703
0 0.414595 0.468581 0.045045 0.169595
0 0.378198 0.487500 0.038559 0.158784
0 0.338018 0.503041 0.059099 0.199324
0 0.317838 0.411824 0.059099 0.154730
0 0.291712 0.347297 0.053694 0.102703
0 0.520901 0.515541 0.032793 0.266216
0 0.547387 0.508784 0.030270 0.250000
0 0.574414 0.411486 0.043243 0.168919
0 0.596577 0.511149 0.042883 0.207432
0 0.625405 0.516554 0.042162 0.177703
0 0.658919 0.490541 0.061622 0.201351
0 0.677838 0.413851 0.069189 0.141216
0 0.708468 0.346622 0.049009 0.094595
0 0.523964 0.751689 0.023063 0.179054
0 0.546306 0.750338 0.024505 0.172297
0 0.571351 0.816892 0.038559 0.168919
0 0.599279 0.800000 0.035315 0.124324
0 0.637477 0.781757 0.041802 0.131081
0 0.689009 0.667230 0.085045 0.153378
0 0.741982 0.621959 0.049730 0.111486
0 0.503784 0.755068 0.023063 0.179054
0 0.485225 0.757770 0.031351 0.184459
0 0.457658 0.834122 0.049730 0.164189
0 0.429369 0.799662 0.040721 0.120946
0 0.375135 0.769595 0.041802 0.128378
0 0.316216 0.670270 0.086847 0.155405
0 0.265045 0.619932 0.054414 0.114189
0 0.435495 0.551351 0.027027 0.151351
0 0.410811 0.576351 0.038919 0.102703
0 0.380000 0.582095 0.045045 0.095270
0 0.570991 0.554730 0.027027 0.133784
0 0.568829 0.704392 0.022703 0.088514
0 0.593153 0.717568 0.036036 0.094595
0 0.461441 0.736486 0.023423 0.141892
0 0.437117 0.716892 0.041081 0.089189