0 0.490450 0.493243 0.030991 0.252703
0 0.464685 0.494595 0.029910 0.245946
0 0.470450 0.474324 0.001081 0.002703
0 0.439099 0.421959 0.067387 0.237162
0 0.413694 0.513851 0.033874 0.208784
0 0.389189 0.481419 0.036036 0.253378
0 0.356396 0.494257 0.049009 0.199324
0 0.318018 0.477027 0.042883 0.201351
0 0.290090 0.422973 0.051171 0.093243
0 0.523604 0.504392 0.030270 0.245270
0 0.546306 0.503716 0.031712 0.230405
0 0.561802 0.410473 0.054054 0.252027
0 0.597838 0.506757 0.037477 0.195946
0 0.621802 0.482095 0.034234 0.203378
0 0.650450 0.478716 0.043964 0.211486
0 0.687027 0.463176 0.044324 0.191216
0 0.512613 0.717568 0.018378 0.163514
0 0.532613 0.726689 0.019459 0.189865
0 0.554414 0.743581 0.024144 0.235811
0 0.587568 0.720946 0.024865 0.229730
0 0.615495 0.714189 0.031712 0.216216
0 0.664685 0.702365 0.081802 0.230405
0 0.699279 0.659122 0.076757 0.206081
0 0.745586 0.641216 0.041802 0.093243
0 0.494234 0.718581 0.019099 0.169595
0 0.474775 0.723986 0.027027 0.185811
0 0.451532 0.732432 0.025946 0.225676
0 0.419279 0.713176 0.029189 0.202027
0 0.389910 0.717905 0.036757 0.222297
0 0.348108 0.704392 0.074955 0.222297
0 0.303423 0.673986 0.074234 0.206081
0 0.254955 0.653378 0.053694 0.109459
0 0.440721 0.552703 0.027387 0.118919
0 0.571171 0.534459 0.024505 0.160811
0 0.612432 0.563514 0.035676 0.075676