0 0.526807 0.781348 0.030652 0.190372
0 0.506373 0.792723 0.022987 0.179595
0 0.548521 0.772966 0.035759 0.180797
0 0.255416 0.680774 0.072800 0.120926
0 0.413461 0.843608 0.037676 0.161635
0 0.290537 0.763389 0.076627 0.152061
0 0.423679 0.749020 0.041506 0.116135
0 0.343220 0.735851 0.079823 0.180797
0 0.390793 0.747824 0.057470 0.144878
0 0.377065 0.830439 0.050447 0.125716
0 0.446029 0.780747 0.032569 0.160439
0 0.568634 0.738243 0.050450 0.104162
0 0.470614 0.781946 0.022987 0.167622
0 0.446348 0.881922 0.040868 0.156845
0 0.487854 0.808287 0.021712 0.208331
0 0.626425 0.811882 0.061305 0.100574
0 0.589068 0.840615 0.058108 0.129311
0 0.559056 0.862166 0.067049 0.150858
0 0.627703 0.541885 0.060025 0.183189
0 0.748391 0.671193 0.045978 0.118534
0 0.656117 0.732858 0.093870 0.174811
0 0.541495 0.465257 0.049809 0.161635
0 0.702416 0.738841 0.060025 0.160439
0 0.654204 0.482020 0.061942 0.123324
0 0.588431 0.481419 0.055557 0.155649
0 0.572148 0.507760 0.043423 0.174804
0 0.595454 0.610730 0.056832 0.093392
0 0.572148 0.626297 0.044699 0.095784
0 0.552351 0.602348 0.028097 0.134101
0 0.425595 0.607736 0.038951 0.149662
0 0.507333 0.587980 0.035121 0.196365
0 0.528085 0.592770 0.031932 0.153257
0 0.449546 0.586196 0.031935 0.180770
0 0.475083 0.589777 0.035759 0.178405
0 0.387600 0.506564 0.035762 0.124520
0 0.429106 0.503571 0.051085 0.116142
0 0.405160 0.584389 0.037679 0.134101
0 0.320550 0.477230 0.058750 0.147270
0 0.357268 0.545476 0.049168 0.197561