0 0.481261 0.504054 0.038559 0.182432
0 0.449009 0.491554 0.030270 0.191216
0 0.419820 0.506081 0.040360 0.213514
0 0.390631 0.509459 0.041081 0.220270
0 0.320901 0.494257 0.060901 0.179054
0 0.526667 0.490541 0.034234 0.197297
0 0.557117 0.475000 0.029550 0.179730
0 0.586126 0.455068 0.031351 0.238514
0 0.614595 0.478041 0.031351 0.193919
0 0.527027 0.681757 0.032072 0.158108
0 0.550450 0.679730 0.031351 0.182432
0 0.574775 0.684459 0.034595 0.208108
0 0.604324 0.681757 0.040360 0.197297
0 0.652432 0.681757 0.034234 0.225676
0 0.704865 0.633108 0.082162 0.179730
0 0.501441 0.685135 0.021982 0.164865
0 0.475315 0.692230 0.034595 0.176351
0 0.448108 0.699662 0.036396 0.208784
0 0.419279 0.708784 0.031351 0.191892
0 0.385405 0.715203 0.047928 0.166892
0 0.312613 0.657432 0.094054 0.140541
0 0.277477 0.605743 0.062703 0.141216