0 0.476216 0.476689 0.029910 0.226351
0 0.450631 0.473986 0.028468 0.215541
0 0.420000 0.471959 0.037117 0.243919
0 0.396036 0.483784 0.037477 0.206757
0 0.374234 0.490203 0.035676 0.173649
0 0.344144 0.463514 0.047568 0.204054
0 0.299820 0.446959 0.046847 0.195270
0 0.506306 0.470270 0.030270 0.235135
0 0.533333 0.461486 0.025225 0.220270
0 0.558739 0.443919 0.034234 0.259459
0 0.586667 0.443581 0.041802 0.237162
0 0.613694 0.460811 0.031712 0.185135
0 0.647748 0.451351 0.048649 0.185135
0 0.684865 0.427703 0.055856 0.172973
0 0.700901 0.349662 0.050450 0.097973
0 0.502703 0.696622 0.020180 0.186486
0 0.521622 0.701689 0.021261 0.206081
0 0.543063 0.713514 0.028829 0.258108
0 0.566126 0.697973 0.036757 0.200000
0 0.602523 0.659122 0.056937 0.116892
0 0.647748 0.676689 0.074595 0.185811
0 0.696757 0.636149 0.083243 0.181757
0 0.740360 0.607095 0.040000 0.102027
0 0.484324 0.700338 0.022342 0.197973
0 0.464685 0.706419 0.027027 0.204730
0 0.445225 0.712838 0.029910 0.232432
0 0.423063 0.726014 0.033874 0.218243
0 0.387387 0.677365 0.050450 0.129054
0 0.343604 0.701014 0.075315 0.210135
0 0.294955 0.655743 0.079640 0.183108
0 0.244324 0.644932 0.046847 0.104730