0 0.490991 0.504730 0.023423 0.225676
0 0.472072 0.503041 0.028108 0.212838
0 0.452793 0.421622 0.042883 0.124324
0 0.437117 0.501689 0.042523 0.100676
0 0.409009 0.497297 0.038198 0.098649
0 0.370450 0.533108 0.056937 0.193243
0 0.329189 0.491216 0.054414 0.105405
0 0.516757 0.508784 0.023784 0.227027
0 0.538739 0.512500 0.023784 0.220946
0 0.556577 0.448649 0.037838 0.127027
0 0.578739 0.491216 0.036036 0.128378
0 0.605766 0.501351 0.031712 0.090541
0 0.640721 0.535811 0.049009 0.193243
0 0.676036 0.489865 0.049009 0.101351
0 0.514234 0.722635 0.016577 0.170946
0 0.531532 0.726351 0.019459 0.174324
0 0.553694 0.816554 0.033514 0.133108
0 0.571532 0.769932 0.030270 0.099324
0 0.605225 0.783108 0.030631 0.083784
0 0.639640 0.699662 0.059099 0.183108
0 0.693153 0.705068 0.055135 0.099324
0 0.499099 0.724324 0.015856 0.179730
0 0.482523 0.730743 0.023784 0.185811
0 0.467027 0.817230 0.030270 0.129054
0 0.445586 0.771959 0.030631 0.106081
0 0.412072 0.787838 0.035676 0.083784
0 0.372252 0.702365 0.067027 0.179054
0 0.314414 0.713851 0.059459 0.104730
0 0.449369 0.543581 0.025946 0.179054
0 0.433153 0.578378 0.035315 0.094595
0 0.409189 0.576689 0.047928 0.106081
0 0.560721 0.571284 0.024505 0.126351
0 0.579820 0.581419 0.030270 0.095270
0 0.605405 0.572973 0.037477 0.113514
0 0.550991 0.694257 0.017297 0.141216
0 0.572973 0.679392 0.033153 0.116892
0 0.602703 0.694257 0.050090 0.146622
0 0.461261 0.688851 0.020180 0.142568
0 0.440721 0.672297 0.030991 0.106757
0 0.412613 0.690878 0.051171 0.152027