0 0.476937 0.505743 0.034955 0.252027
0 0.449550 0.497973 0.030631 0.241892
0 0.421261 0.476689 0.035315 0.261486
0 0.397838 0.481757 0.046847 0.208108
0 0.399640 0.453716 0.052613 0.172297
0 0.354234 0.469932 0.049730 0.196622
0 0.318378 0.453378 0.059459 0.171622
0 0.295676 0.370270 0.051532 0.081081
0 0.507568 0.501689 0.031351 0.261486
0 0.523243 0.489865 0.047568 0.243243
0 0.557297 0.435135 0.037838 0.267568
0 0.575856 0.449662 0.044685 0.273649
0 0.603423 0.464865 0.045766 0.210811
0 0.638739 0.452027 0.056577 0.198649
0 0.676577 0.415878 0.060901 0.162838
0 0.698198 0.345608 0.053694 0.087162
0 0.505045 0.748649 0.021261 0.186486
0 0.523604 0.758108 0.028108 0.218919
0 0.551351 0.770270 0.036036 0.195946
0 0.579099 0.741892 0.046847 0.206757
0 0.609550 0.727027 0.060901 0.205405
0 0.660360 0.695608 0.101982 0.212838
0 0.700000 0.635811 0.081802 0.182432
0 0.743423 0.602365 0.049730 0.099324
0 0.486847 0.747297 0.022342 0.195946
0 0.465586 0.751351 0.026667 0.224324
0 0.437658 0.755743 0.034234 0.195270
0 0.410090 0.736149 0.037477 0.202027
0 0.380000 0.723311 0.052973 0.207432
0 0.332252 0.700676 0.080000 0.214865
0 0.287387 0.657770 0.065225 0.183108
0 0.247748 0.612838 0.046486 0.089189