0 0.480721 0.484122 0.041081 0.170946
0 0.443964 0.466892 0.032432 0.140541
0 0.431532 0.407770 0.039279 0.137162
0 0.407568 0.485473 0.041802 0.120946
0 0.381261 0.450000 0.050450 0.117568
0 0.336757 0.485473 0.065946 0.192568
0 0.311171 0.413514 0.063784 0.112162
0 0.523604 0.483446 0.044685 0.160135
0 0.543423 0.472635 0.050450 0.141216
0 0.568288 0.414527 0.039640 0.142568
0 0.589730 0.491216 0.046486 0.124324
0 0.614595 0.465203 0.048649 0.122297
0 0.657477 0.494257 0.065225 0.191216
0 0.685586 0.432432 0.065946 0.108108
0 0.504505 0.750000 0.025225 0.177027
0 0.526306 0.777365 0.037117 0.127703
0 0.538919 0.856081 0.044324 0.129730
0 0.570811 0.782770 0.040360 0.104730
0 0.612072 0.786149 0.045766 0.087162
0 0.651171 0.694932 0.082162 0.193919
0 0.712793 0.692905 0.062703 0.112838
0 0.481982 0.729392 0.023423 0.165541
0 0.455135 0.787162 0.033153 0.163514
0 0.432973 0.851351 0.037838 0.121622
0 0.404505 0.788514 0.037838 0.093243
0 0.367207 0.769595 0.044685 0.094595
0 0.331712 0.686486 0.078919 0.185135
0 0.275315 0.686824 0.054775 0.110135
0 0.483964 0.583446 0.028829 0.095270
0 0.459099 0.547297 0.025225 0.144595
0 0.431712 0.522635 0.030270 0.195270
0 0.401802 0.565203 0.036036 0.104730
0 0.370450 0.544257 0.046847 0.135811
0 0.513514 0.580743 0.028108 0.099324
0 0.540360 0.569932 0.023423 0.115541
0 0.569730 0.536149 0.031712 0.187162
0 0.595315 0.578716 0.035315 0.093919
0 0.624505 0.555743 0.046126 0.118243
0 0.525045 0.711824 0.021622 0.134459
0 0.545045 0.732432 0.023423 0.177027
0 0.568829 0.700338 0.040000 0.108784
0 0.605766 0.700000 0.061982 0.125676
0 0.462883 0.711149 0.020541 0.130405
0 0.442523 0.721622 0.023784 0.158108
0 0.415495 0.701014 0.041802 0.110135
0 0.380180 0.690878 0.059099 0.131757