0 0.320600 0.432375 0.057510 0.231926
0 0.754076 0.607078 0.102148 0.120709
0 0.707724 0.353510 0.057510 0.186858
0 0.646780 0.425132 0.062663 0.265723
0 0.679398 0.442838 0.060944 0.194905
0 0.477681 0.699622 0.023175 0.209230
0 0.692703 0.664216 0.096137 0.212446
0 0.576393 0.698818 0.050645 0.210838
0 0.554935 0.693186 0.048926 0.218885
0 0.639914 0.676287 0.074681 0.207615
0 0.608584 0.702841 0.068670 0.238196
0 0.531330 0.680307 0.027467 0.186696
0 0.494420 0.681919 0.024032 0.186689
0 0.512445 0.679507 0.024032 0.178649
0 0.245494 0.652142 0.090987 0.162554
0 0.399569 0.679503 0.050641 0.188304
0 0.457081 0.695598 0.031762 0.223709
0 0.427038 0.709280 0.036908 0.225318
0 0.315450 0.672264 0.076393 0.212446
0 0.363090 0.685139 0.063521 0.215669
0 0.296566 0.359145 0.066097 0.217439
0 0.422317 0.433179 0.046350 0.252845
0 0.367811 0.434791 0.057510 0.249622
0 0.563517 0.429155 0.024894 0.273770
0 0.393560 0.436399 0.036908 0.233527
0 0.442919 0.433179 0.042919 0.265723
0 0.491845 0.445250 0.037766 0.251230
0 0.472103 0.444446 0.029186 0.249622
0 0.515879 0.442838 0.037769 0.259284
0 0.539483 0.449274 0.038627 0.220655
0 0.588840 0.429959 0.042919 0.246405
0 0.611157 0.421916 0.053218 0.239966