0 0.479820 0.544932 0.031351 0.166892
0 0.454595 0.518581 0.027748 0.103378
0 0.438018 0.437162 0.037838 0.128378
0 0.415676 0.502703 0.033514 0.105405
0 0.391532 0.498649 0.034955 0.098649
0 0.353694 0.532095 0.047928 0.157432
0 0.327928 0.463851 0.051171 0.104730
0 0.512072 0.547297 0.031712 0.166216
0 0.539820 0.527365 0.031712 0.122297
0 0.560721 0.459122 0.036036 0.114189
0 0.576937 0.530068 0.036757 0.110135
0 0.601261 0.520946 0.037838 0.091892
0 0.638739 0.548311 0.053694 0.170946
0 0.666306 0.486824 0.056216 0.107432
0 0.506667 0.742905 0.023784 0.158784
0 0.522883 0.767568 0.028108 0.143243
0 0.545405 0.834122 0.038559 0.110135
0 0.568829 0.773311 0.036396 0.085811
0 0.606126 0.762838 0.038198 0.071622
0 0.644505 0.704054 0.075315 0.171622
0 0.705766 0.687500 0.059459 0.100676
0 0.487928 0.738514 0.020901 0.163514
0 0.467928 0.761486 0.024865 0.144595
0 0.438919 0.832095 0.040360 0.107432
0 0.420180 0.757770 0.032432 0.081757
0 0.384324 0.747297 0.035676 0.071622
0 0.348288 0.682095 0.074595 0.179054
0 0.294595 0.663851 0.050811 0.102027
0 0.459459 0.603378 0.023784 0.067568
0 0.436577 0.558784 0.025586 0.171622
0 0.411351 0.583108 0.032793 0.093243
0 0.389369 0.572297 0.038559 0.105405
0 0.533694 0.616554 0.020180 0.077703
0 0.556216 0.571284 0.029910 0.175000
0 0.580541 0.605068 0.031712 0.089865
0 0.604324 0.586824 0.036757 0.102027
0 0.541802 0.729054 0.029189 0.151351
0 0.568288 0.705405 0.038919 0.105405
0 0.600901 0.692905 0.055135 0.118243
0 0.467568 0.674324 0.024865 0.066216
0 0.445045 0.716554 0.031712 0.161486
0 0.425405 0.682432 0.037117 0.094595
0 0.393153 0.682095 0.061982 0.127703