0 0.482883 0.530068 0.030270 0.249324
0 0.460541 0.526351 0.036036 0.206757
0 0.437117 0.439527 0.055495 0.173649
0 0.407928 0.492905 0.038919 0.166892
0 0.381802 0.474324 0.040000 0.159459
0 0.336577 0.505405 0.056937 0.198649
0 0.314054 0.440203 0.057297 0.146622
0 0.290631 0.381081 0.048649 0.081081
0 0.520901 0.530405 0.032793 0.250000
0 0.545045 0.536486 0.035676 0.198649
0 0.565405 0.438176 0.043964 0.211486
0 0.592072 0.506081 0.035315 0.177027
0 0.618198 0.493581 0.044324 0.164189
0 0.660721 0.512500 0.059459 0.187162
0 0.680721 0.451689 0.061982 0.118243
0 0.705766 0.373311 0.045045 0.076351
0 0.499459 0.756419 0.020180 0.181757
0 0.517658 0.760135 0.032072 0.187838
0 0.542342 0.809797 0.046126 0.180405
0 0.572973 0.760473 0.041802 0.160135
0 0.610270 0.741892 0.058739 0.156757
0 0.658559 0.720946 0.083243 0.190541
0 0.715856 0.705743 0.075315 0.147973
0 0.742162 0.621622 0.047928 0.095946
0 0.479279 0.754392 0.021622 0.172297
0 0.457117 0.762500 0.020541 0.189865
0 0.430631 0.784122 0.039640 0.210135
0 0.403604 0.765541 0.040360 0.183784
0 0.370631 0.767905 0.050811 0.152027
0 0.326667 0.720608 0.083243 0.191216
0 0.275676 0.721959 0.061982 0.147973
0 0.248288 0.627365 0.039640 0.095270
0 0.431712 0.567568 0.032432 0.122973
0 0.405045 0.591554 0.030991 0.057432
0 0.373514 0.569932 0.039279 0.087162
0 0.570450 0.579730 0.030270 0.106757
0 0.598559 0.593243 0.029550 0.067568
0 0.624324 0.584797 0.040721 0.057432
0 0.543063 0.713176 0.028108 0.114189
0 0.572252 0.683446 0.032432 0.042568
0 0.380721 0.683446 0.044324 0.070946