0 0.480721 0.465541 0.030270 0.205405
0 0.462342 0.472973 0.031712 0.197297
0 0.434595 0.448649 0.031712 0.182432
0 0.403063 0.455743 0.046486 0.176351
0 0.384865 0.437162 0.039640 0.177027
0 0.345766 0.479730 0.053694 0.155405
0 0.319820 0.397973 0.058018 0.137838
0 0.296396 0.345946 0.032072 0.094595
0 0.510090 0.471622 0.028468 0.201351
0 0.530811 0.476014 0.028829 0.191216
0 0.555495 0.444257 0.032072 0.188514
0 0.585225 0.437838 0.041802 0.191892
0 0.598559 0.389189 0.039640 0.154054
0 0.641982 0.466216 0.052973 0.151351
0 0.667387 0.385811 0.064144 0.143243
0 0.687387 0.329054 0.047928 0.095946
0 0.506306 0.670270 0.021622 0.156757
0 0.520180 0.672973 0.029189 0.162162
0 0.542703 0.684797 0.030991 0.181757
0 0.565766 0.680405 0.036036 0.187838
0 0.607748 0.714527 0.058018 0.164189
0 0.644324 0.631757 0.082162 0.174324
0 0.696577 0.653378 0.068468 0.155405
0 0.734955 0.595946 0.046486 0.097297
0 0.485946 0.667568 0.021982 0.152703
0 0.466126 0.674324 0.022703 0.163514
0 0.444144 0.676351 0.027027 0.175676
0 0.417297 0.678378 0.035315 0.172973
0 0.374414 0.729730 0.050450 0.159459
0 0.338919 0.653378 0.071712 0.172973
0 0.283964 0.667230 0.063423 0.154730
0 0.254775 0.586486 0.038919 0.101351
0 0.436937 0.539189 0.026306 0.066216
0 0.410450 0.546284 0.044685 0.054730
0 0.384685 0.541892 0.042162 0.066216
0 0.556036 0.535811 0.027387 0.060811
0 0.573874 0.536824 0.028468 0.064189
0 0.605045 0.497973 0.041081 0.118919
0 0.595676 0.614527 0.051892 0.096622
0 0.387748 0.629392 0.046847 0.083108