0 0.473333 0.504054 0.045045 0.239189
0 0.458739 0.511149 0.023784 0.220946
0 0.434775 0.463851 0.037117 0.197973
0 0.416757 0.554730 0.036396 0.118919
0 0.394054 0.483446 0.035676 0.143919
0 0.357117 0.519595 0.047568 0.195946
0 0.328829 0.478041 0.049369 0.129054
0 0.511712 0.507095 0.031712 0.230405
0 0.529550 0.502703 0.021261 0.233784
0 0.555495 0.458108 0.033514 0.217568
0 0.577838 0.529392 0.047207 0.179054
0 0.602703 0.505743 0.041441 0.153378
0 0.634595 0.514189 0.047568 0.222973
0 0.660360 0.478716 0.058018 0.122297
0 0.506486 0.704392 0.016937 0.172297
0 0.523243 0.707095 0.024505 0.176351
0 0.541802 0.727365 0.026306 0.215541
0 0.569369 0.720608 0.030270 0.183108
0 0.596216 0.733446 0.040721 0.188514
0 0.637838 0.720270 0.067027 0.190541
0 0.685225 0.710473 0.060901 0.153378
0 0.721802 0.660473 0.026667 0.083108
0 0.490631 0.707432 0.016216 0.175676
0 0.473153 0.711824 0.022342 0.176351
0 0.452432 0.724662 0.026306 0.208784
0 0.429009 0.724324 0.031351 0.200000
0 0.399459 0.748649 0.047207 0.152703
0 0.357838 0.713176 0.060541 0.187162
0 0.309910 0.696284 0.063423 0.139865
0 0.273514 0.658784 0.036757 0.089189
0 0.438559 0.573311 0.027387 0.075000
0 0.393153 0.579054 0.038198 0.086486
0 0.549730 0.585135 0.024144 0.055405
0 0.596757 0.591892 0.036036 0.075676
0 0.401441 0.656419 0.043964 0.066892