0 0.438196 0.368804 0.045495 0.265716
0 0.403004 0.348686 0.062663 0.302736
0 0.382831 0.378459 0.090987 0.265716
0 0.359656 0.387311 0.063521 0.251230
0 0.319312 0.387311 0.072101 0.241581
0 0.240773 0.302010 0.066094 0.193291
0 0.577252 0.358341 0.038627 0.293074
0 0.546780 0.379264 0.032616 0.251230
0 0.666094 0.346270 0.058371 0.288257
0 0.708584 0.383287 0.067813 0.198128
0 0.742059 0.285916 0.076393 0.145007
0 0.777681 0.574892 0.072105 0.159338
0 0.729184 0.587767 0.084977 0.207615
0 0.681975 0.619956 0.096995 0.223709
0 0.636050 0.624784 0.060086 0.226932
0 0.596137 0.623176 0.036908 0.259122
0 0.563090 0.619956 0.037769 0.265561
0 0.533045 0.606274 0.027467 0.238196
0 0.514162 0.615128 0.027467 0.239811
0 0.488840 0.585355 0.024894 0.186696
0 0.467811 0.595814 0.030901 0.194736
0 0.447209 0.619956 0.058368 0.275209
0 0.411159 0.629615 0.049784 0.243027
0 0.373818 0.636855 0.047211 0.238196
0 0.326180 0.638463 0.080685 0.251074
0 0.277252 0.634443 0.053222 0.255899
0 0.215449 0.615929 0.070386 0.138412
0 0.510730 0.391334 0.054937 0.243182
0 0.477252 0.388922 0.051499 0.254453
0 0.629184 0.376047 0.044638 0.264108
0 0.277681 0.391334 0.057510 0.227088
0 0.595279 0.358341 0.045492 0.283426