0 0.488649 0.462838 0.027387 0.217568
0 0.467027 0.455068 0.022342 0.206081
0 0.446126 0.447297 0.033153 0.228378
0 0.425586 0.448311 0.039640 0.202027
0 0.399640 0.458446 0.036036 0.185811
0 0.363784 0.447635 0.047207 0.191216
0 0.325405 0.431081 0.058378 0.194595
0 0.298198 0.360811 0.047207 0.151351
0 0.516577 0.474324 0.026306 0.201351
0 0.538378 0.470270 0.020180 0.191892
0 0.559820 0.446959 0.026306 0.242568
0 0.579820 0.459122 0.033874 0.199324
0 0.603423 0.454730 0.034234 0.208108
0 0.636216 0.446622 0.045766 0.202703
0 0.669009 0.417905 0.057297 0.204730
0 0.692973 0.364865 0.046847 0.140541
0 0.506126 0.676351 0.018378 0.187838
0 0.523604 0.684459 0.020901 0.200000
0 0.541081 0.717905 0.027027 0.258784
0 0.566306 0.701014 0.029910 0.202027
0 0.592252 0.688851 0.035676 0.184459
0 0.632793 0.679730 0.069189 0.191892
0 0.676577 0.633784 0.081802 0.166216
0 0.723964 0.604392 0.072072 0.131757
0 0.489189 0.689865 0.016937 0.210811
0 0.470991 0.688514 0.020901 0.204054
0 0.452072 0.705743 0.026306 0.245270
0 0.427748 0.685811 0.029550 0.198649
0 0.403063 0.680068 0.031351 0.191216
0 0.359279 0.676014 0.068468 0.200676
0 0.316216 0.646959 0.072432 0.181757
0 0.266306 0.613514 0.072793 0.137838