0 0.480901 0.566554 0.033514 0.189865
0 0.450631 0.559797 0.028468 0.200676
0 0.419459 0.534122 0.035315 0.215541
0 0.385946 0.548311 0.046126 0.187162
0 0.361081 0.539865 0.045405 0.155405
0 0.320180 0.520608 0.050811 0.184459
0 0.300721 0.461149 0.062342 0.133108
0 0.277838 0.396284 0.046847 0.087162
0 0.515315 0.567568 0.030991 0.179730
0 0.543063 0.558784 0.030991 0.186486
0 0.569910 0.518243 0.033514 0.213514
0 0.601081 0.496959 0.041802 0.214189
0 0.624685 0.479730 0.051532 0.168919
0 0.674234 0.513176 0.049009 0.214189
0 0.694775 0.465878 0.063423 0.130405
0 0.721261 0.405405 0.051532 0.093243
0 0.513874 0.755405 0.023784 0.163514
0 0.534054 0.753716 0.023784 0.162838
0 0.561081 0.755743 0.033153 0.192568
0 0.593153 0.782770 0.034595 0.156081
0 0.630270 0.783108 0.036036 0.151351
0 0.662162 0.719257 0.081802 0.176351
0 0.708288 0.678716 0.075315 0.156081
0 0.754775 0.650000 0.051532 0.108108
0 0.492072 0.753378 0.021261 0.158108
0 0.469369 0.760473 0.023423 0.170946
0 0.442342 0.767230 0.033514 0.199324
0 0.409369 0.738851 0.035315 0.177703
0 0.373694 0.730068 0.042523 0.173649
0 0.332973 0.712838 0.068468 0.183784
0 0.287748 0.686149 0.050811 0.145270
0 0.240360 0.649324 0.051171 0.102703
0 0.612613 0.614189 0.034595 0.064865
0 0.638919 0.574324 0.038919 0.122973
0 0.592072 0.691892 0.034595 0.068919