0 0.483784 0.413851 0.025586 0.210135
0 0.461802 0.405743 0.022703 0.202027
0 0.439459 0.385811 0.030631 0.240541
0 0.417477 0.414189 0.037838 0.163514
0 0.391892 0.393243 0.037117 0.191892
0 0.359459 0.395270 0.055856 0.185135
0 0.314595 0.386824 0.049009 0.180405
0 0.282342 0.333108 0.049369 0.131081
0 0.509550 0.408446 0.023063 0.220946
0 0.532252 0.408446 0.022342 0.203378
0 0.554234 0.385135 0.030991 0.254054
0 0.577117 0.407432 0.037838 0.204054
0 0.602162 0.395608 0.037477 0.208784
0 0.632613 0.408446 0.050090 0.185811
0 0.680180 0.411824 0.049369 0.172297
0 0.711532 0.349324 0.045766 0.141892
0 0.515676 0.636824 0.019459 0.179054
0 0.534414 0.635473 0.020901 0.173649
0 0.555315 0.641892 0.025225 0.187838
0 0.578378 0.641216 0.031712 0.193243
0 0.610090 0.636486 0.048288 0.201351
0 0.648829 0.619595 0.082523 0.191892
0 0.694234 0.601351 0.076036 0.186486
0 0.747928 0.570608 0.073153 0.127703
0 0.501081 0.640541 0.019099 0.167568
0 0.484505 0.636824 0.021982 0.183108
0 0.462523 0.652027 0.024144 0.213514
0 0.442162 0.621622 0.032432 0.183784
0 0.416757 0.621284 0.036396 0.193919
0 0.365405 0.617905 0.094414 0.211486
0 0.321081 0.594595 0.085766 0.190541
0 0.267568 0.567568 0.071712 0.136486