0 0.333369 0.701622 0.086465 0.216811
0 0.496099 0.719895 0.026050 0.158345
0 0.449002 0.686395 0.029297 0.115709
0 0.473688 0.732074 0.031895 0.180270
0 0.728987 0.685118 0.068274 0.130453
0 0.526306 0.523122 0.044886 0.232770
0 0.515587 0.727199 0.028645 0.175399
0 0.535402 0.730855 0.038393 0.168088
0 0.562359 0.693034 0.026050 0.136541
0 0.436011 0.560270 0.033196 0.143851
0 0.553589 0.826409 0.043589 0.135318
0 0.635441 0.768554 0.059178 0.119486
0 0.629270 0.554791 0.046836 0.125581
0 0.624396 0.680243 0.063077 0.118270
0 0.586070 0.779514 0.044890 0.119486
0 0.555214 0.527993 0.037744 0.184041
0 0.629303 0.445777 0.057164 0.112176
0 0.581555 0.398882 0.065611 0.149939
0 0.584447 0.676595 0.037744 0.098784
0 0.673476 0.693716 0.085748 0.198514
0 0.693582 0.439686 0.066328 0.134101
0 0.582497 0.592551 0.033845 0.096345
0 0.490252 0.522510 0.037744 0.231547
0 0.415222 0.553571 0.034494 0.123142
0 0.441207 0.394622 0.059178 0.156027
0 0.599095 0.479882 0.059114 0.141412
0 0.417495 0.482318 0.052036 0.107311
0 0.385341 0.454912 0.048786 0.101216
0 0.382742 0.556615 0.048786 0.109743
0 0.342141 0.504851 0.057232 0.179176
0 0.460695 0.532257 0.039690 0.136541
0 0.384040 0.690054 0.068274 0.154689
0 0.422368 0.680307 0.050083 0.110845
0 0.271007 0.694922 0.070872 0.140074
0 0.367800 0.781402 0.066973 0.142507
0 0.451600 0.826473 0.056584 0.164432
0 0.600038 0.580368 0.037741 0.101223
0 0.421068 0.775922 0.050086 0.131547
0 0.664674 0.534084 0.057881 0.132885
0 0.304139 0.443338 0.059182 0.136541