0 0.478739 0.537838 0.036396 0.214865
0 0.447748 0.533446 0.025586 0.203378
0 0.422523 0.429730 0.038559 0.168919
0 0.399459 0.464527 0.034234 0.204730
0 0.366667 0.478041 0.033514 0.150676
0 0.332793 0.522297 0.052252 0.177027
0 0.309910 0.458108 0.048288 0.104054
0 0.510090 0.530743 0.035676 0.230405
0 0.538559 0.525338 0.027027 0.208784
0 0.565405 0.419257 0.044685 0.176351
0 0.582342 0.485473 0.041081 0.137162
0 0.612613 0.459459 0.038919 0.155405
0 0.654775 0.506081 0.051892 0.175676
0 0.679279 0.444257 0.046847 0.118243
0 0.509730 0.754730 0.024865 0.187838
0 0.528288 0.755068 0.032432 0.180405
0 0.555856 0.848986 0.063063 0.139865
0 0.558018 0.750676 0.030631 0.172973
0 0.584324 0.784459 0.033514 0.135135
0 0.628829 0.785811 0.046126 0.117568
0 0.666126 0.707770 0.085405 0.187162
0 0.804324 0.275676 0.001441 0.002703
0 0.717117 0.690878 0.061261 0.115541
0 0.486126 0.754392 0.024505 0.183108
0 0.467027 0.758784 0.033874 0.187838
0 0.442342 0.851351 0.047207 0.182432
0 0.414234 0.814865 0.034234 0.131081
0 0.367748 0.804392 0.045045 0.131757
0 0.331712 0.718243 0.077477 0.183784
0 0.282342 0.705068 0.057297 0.110135
0 0.425766 0.567568 0.028468 0.120270
0 0.398378 0.587500 0.029910 0.066892
0 0.369009 0.576689 0.038198 0.102027
0 0.561081 0.557095 0.029550 0.120946
0 0.585946 0.574662 0.030991 0.064189
0 0.615135 0.569595 0.040360 0.101351
0 0.581261 0.699662 0.040360 0.087162
0 0.617838 0.723649 0.063063 0.151351
0 0.440541 0.725000 0.023423 0.102703
0 0.416396 0.729392 0.036396 0.087162
0 0.380541 0.728378 0.067748 0.136486