0 0.488829 0.570270 0.031351 0.190541
0 0.461441 0.547973 0.029189 0.197297
0 0.436577 0.535811 0.033514 0.200000
0 0.414955 0.546959 0.040000 0.176351
0 0.385766 0.541892 0.035676 0.179730
0 0.356036 0.534122 0.045405 0.189865
0 0.323964 0.521622 0.064865 0.175676
0 0.304324 0.456419 0.050090 0.097973
0 0.520360 0.567905 0.030991 0.192568
0 0.545766 0.553041 0.032793 0.185811
0 0.572432 0.530068 0.032072 0.206081
0 0.595676 0.535811 0.035315 0.189189
0 0.621982 0.533784 0.033153 0.183784
0 0.649369 0.535811 0.044685 0.175676
0 0.681622 0.520608 0.054414 0.150676
0 0.698378 0.440541 0.048288 0.108108
0 0.506306 0.765203 0.018739 0.166892
0 0.522883 0.772635 0.026667 0.179054
0 0.544324 0.777365 0.035676 0.199324
0 0.573333 0.759459 0.030270 0.166216
0 0.600000 0.760811 0.040360 0.175676
0 0.642342 0.741216 0.063063 0.171622
0 0.688288 0.710811 0.066306 0.172973
0 0.730450 0.698649 0.048288 0.106757
0 0.487387 0.763851 0.019099 0.173649
0 0.467027 0.771622 0.023784 0.182432
0 0.442523 0.769932 0.028108 0.191216
0 0.417297 0.766216 0.031712 0.178378
0 0.387207 0.762162 0.040000 0.172973
0 0.345405 0.747297 0.073153 0.175676
0 0.296036 0.710135 0.081081 0.159459
0 0.254414 0.688514 0.047568 0.097297