0 0.479099 0.518243 0.028468 0.175676
0 0.445045 0.447635 0.051892 0.137162
0 0.438018 0.562500 0.035676 0.131757
0 0.405766 0.514865 0.040360 0.097297
0 0.378919 0.569932 0.048649 0.180405
0 0.332432 0.539189 0.047207 0.109459
0 0.518198 0.520608 0.033153 0.206081
0 0.537297 0.505405 0.020901 0.202703
0 0.568468 0.435135 0.042162 0.135135
0 0.579820 0.507432 0.036036 0.106757
0 0.603063 0.512838 0.036396 0.094595
0 0.633874 0.557095 0.043243 0.177703
0 0.673874 0.520608 0.050450 0.107432
0 0.509550 0.696284 0.017297 0.175000
0 0.522703 0.706081 0.021982 0.182432
0 0.532793 0.809797 0.026306 0.138514
0 0.560000 0.713514 0.027387 0.141892
0 0.586486 0.795946 0.029910 0.110811
0 0.621441 0.741216 0.060180 0.189189
0 0.677838 0.760135 0.052613 0.101351
0 0.490631 0.702027 0.014054 0.190541
0 0.476577 0.703378 0.024865 0.194595
0 0.466667 0.816892 0.025946 0.144595
0 0.441441 0.764189 0.028108 0.093243
0 0.412432 0.794257 0.029910 0.108784
0 0.372613 0.755405 0.059820 0.197297
0 0.322703 0.768243 0.058018 0.129730
0 0.456577 0.555068 0.024505 0.130405
0 0.410991 0.591892 0.045766 0.112162
0 0.558378 0.553041 0.022703 0.147973
0 0.576937 0.583108 0.028829 0.086486
0 0.601982 0.586486 0.039279 0.105405
0 0.540000 0.687838 0.017658 0.125676
0 0.582703 0.708446 0.043964 0.114189
0 0.458198 0.694932 0.019820 0.154730
0 0.440000 0.680068 0.029550 0.097973
0 0.411351 0.706081 0.045766 0.116216