0 0.483964 0.486824 0.030270 0.219595
0 0.450991 0.471284 0.029189 0.220946
0 0.419279 0.456419 0.037838 0.262838
0 0.385586 0.484797 0.044685 0.189865
0 0.353874 0.459459 0.042523 0.227027
0 0.318919 0.448986 0.051892 0.225000
0 0.272793 0.439527 0.052613 0.196622
0 0.253874 0.360473 0.056577 0.093919
0 0.517477 0.486149 0.030270 0.218243
0 0.549730 0.470270 0.027027 0.221622
0 0.579640 0.437838 0.032793 0.278378
0 0.609369 0.473649 0.038198 0.193243
0 0.638739 0.458446 0.037117 0.206081
0 0.674595 0.441892 0.050450 0.228378
0 0.717477 0.440878 0.047568 0.193919
0 0.739820 0.370608 0.049009 0.096622
0 0.519279 0.690878 0.028108 0.156081
0 0.540000 0.686824 0.027027 0.149324
0 0.571171 0.701351 0.033874 0.202703
0 0.607928 0.682432 0.033874 0.185135
0 0.638378 0.675338 0.040721 0.185811
0 0.685946 0.658108 0.078919 0.194595
0 0.737658 0.616216 0.078559 0.168919
0 0.784505 0.591892 0.049009 0.109459
0 0.494595 0.683784 0.023423 0.141892
0 0.470090 0.687838 0.024144 0.155405
0 0.438919 0.700338 0.030270 0.219595
0 0.401982 0.689189 0.032793 0.183784
0 0.369550 0.682095 0.041441 0.181757
0 0.319640 0.664865 0.077117 0.185135
0 0.265225 0.629730 0.085766 0.167568
0 0.214234 0.606419 0.037838 0.097973