0 0.490811 0.520270 0.030270 0.245946
0 0.463784 0.512162 0.025946 0.239189
0 0.436757 0.460473 0.038198 0.226351
0 0.411351 0.509459 0.032793 0.213514
0 0.388468 0.509797 0.036757 0.202027
0 0.351532 0.509459 0.051532 0.190541
0 0.320721 0.453041 0.053333 0.141216
0 0.290631 0.407770 0.040000 0.056081
0 0.520721 0.519932 0.030270 0.226351
0 0.544144 0.510135 0.036036 0.231081
0 0.564144 0.395608 0.042162 0.254730
0 0.565405 0.426689 0.098739 0.079054
0 0.596036 0.495270 0.050450 0.198649
0 0.647027 0.483784 0.064505 0.195946
0 0.689550 0.418243 0.060180 0.133784
0 0.723063 0.403378 0.041441 0.077027
0 0.500360 0.743919 0.026306 0.216216
0 0.510450 0.760473 0.042162 0.215541
0 0.542883 0.787162 0.032793 0.239189
0 0.576757 0.751014 0.033514 0.204730
0 0.612613 0.751351 0.050450 0.170270
0 0.651892 0.715203 0.081441 0.214189
0 0.701802 0.715541 0.066667 0.154054
0 0.741622 0.663851 0.035315 0.092568
0 0.484324 0.738851 0.020180 0.203378
0 0.462883 0.752365 0.021261 0.207432
0 0.436396 0.783108 0.034595 0.243243
0 0.413333 0.732095 0.038198 0.187162
0 0.367387 0.752703 0.063784 0.133784
0 0.339459 0.717905 0.074955 0.204730
0 0.292072 0.701689 0.063784 0.147973
0 0.246306 0.644257 0.042162 0.089865
0 0.437297 0.596284 0.027748 0.068243
0 0.572072 0.567230 0.030631 0.108784
0 0.619820 0.446284 0.047568 0.146622
0 0.392793 0.660473 0.044685 0.079054