0 0.478198 0.398311 0.030270 0.222297
0 0.454775 0.382770 0.029550 0.243919
0 0.427207 0.382095 0.033514 0.250676
0 0.399820 0.395270 0.031351 0.225676
0 0.374414 0.393919 0.033874 0.213514
0 0.336757 0.415878 0.050811 0.175000
0 0.289369 0.407432 0.049009 0.187838
0 0.512793 0.399324 0.031712 0.227027
0 0.540901 0.384797 0.027387 0.229054
0 0.568468 0.376351 0.033514 0.248649
0 0.590991 0.366216 0.033153 0.247297
0 0.618018 0.376689 0.034595 0.222297
0 0.656577 0.388851 0.056216 0.191216
0 0.699640 0.381757 0.046486 0.195946
0 0.733514 0.327027 0.034234 0.058108
0 0.504324 0.617230 0.016937 0.181757
0 0.519279 0.629730 0.025946 0.206757
0 0.542162 0.642568 0.029189 0.248649
0 0.576757 0.639865 0.040721 0.217568
0 0.607027 0.644257 0.035676 0.219595
0 0.657658 0.630405 0.076396 0.218919
0 0.706847 0.599324 0.074595 0.197297
0 0.488468 0.630405 0.020541 0.206757
0 0.468829 0.631419 0.025225 0.200676
0 0.444865 0.645608 0.031351 0.238514
0 0.413333 0.649324 0.033153 0.232432
0 0.380360 0.645946 0.034955 0.202703
0 0.333514 0.650338 0.071712 0.222297
0 0.282342 0.616892 0.073874 0.198649