0 0.486847 0.491216 0.035315 0.229730
0 0.456937 0.481081 0.028829 0.228378
0 0.428288 0.423986 0.032793 0.245270
0 0.409009 0.474324 0.044685 0.228378
0 0.385045 0.475000 0.040721 0.202703
0 0.348108 0.453041 0.056937 0.253378
0 0.309369 0.415203 0.056577 0.150676
0 0.518739 0.482095 0.033514 0.253378
0 0.543243 0.477027 0.032793 0.229730
0 0.566486 0.379054 0.046126 0.224324
0 0.591171 0.446284 0.038559 0.202027
0 0.620000 0.437162 0.038559 0.174324
0 0.653153 0.451689 0.052252 0.227703
0 0.690811 0.397973 0.051171 0.148649
0 0.516396 0.720946 0.022342 0.210811
0 0.538559 0.715203 0.023423 0.207432
0 0.562342 0.778378 0.027027 0.245946
0 0.591351 0.761824 0.033153 0.211486
0 0.634414 0.752703 0.052252 0.159459
0 0.664505 0.676689 0.075676 0.161486
0 0.719820 0.668243 0.078198 0.174324
0 0.758018 0.618581 0.050090 0.100676
0 0.496036 0.728041 0.025586 0.225000
0 0.479640 0.742230 0.036757 0.245270
0 0.453694 0.767230 0.034595 0.242568
0 0.426847 0.742905 0.042162 0.230405
0 0.399820 0.734797 0.042162 0.214189
0 0.345045 0.708446 0.093333 0.197973
0 0.287568 0.706757 0.080000 0.167568
0 0.247928 0.657432 0.048288 0.105405
0 0.433694 0.554054 0.027027 0.058108
0 0.568468 0.510135 0.030631 0.167568
0 0.589189 0.539527 0.033874 0.061486
0 0.615856 0.531081 0.041081 0.074324
0 0.581441 0.654730 0.037838 0.060811
0 0.613333 0.659122 0.051892 0.096622