0 0.470811 0.491216 0.060180 0.235135
0 0.444505 0.468581 0.076757 0.216892
0 0.417117 0.396284 0.044324 0.184459
0 0.389730 0.469595 0.040721 0.190541
0 0.354775 0.463514 0.037117 0.178378
0 0.321081 0.447635 0.063423 0.170946
0 0.298198 0.372297 0.063784 0.141892
0 0.280541 0.301351 0.038559 0.090541
0 0.515676 0.493581 0.048288 0.231757
0 0.550450 0.478041 0.047928 0.219595
0 0.582523 0.429392 0.040721 0.192568
0 0.617838 0.467905 0.039279 0.192568
0 0.647928 0.456757 0.042523 0.170270
0 0.680721 0.453041 0.061261 0.157432
0 0.699459 0.370946 0.072072 0.147297
0 0.719099 0.295608 0.042162 0.075000
0 0.539459 0.713851 0.033153 0.170946
0 0.581802 0.725338 0.048649 0.196622
0 0.609910 0.698311 0.036396 0.156081
0 0.644865 0.634459 0.048649 0.093243
0 0.661802 0.718243 0.045045 0.141892
0 0.702342 0.635811 0.084324 0.198649
0 0.750270 0.586149 0.071351 0.146622
0 0.785586 0.512500 0.041802 0.093919
0 0.510090 0.710473 0.030631 0.162838
0 0.481802 0.702703 0.028829 0.158108
0 0.449189 0.703716 0.038559 0.175000
0 0.409730 0.732432 0.050450 0.185135
0 0.383423 0.674662 0.047568 0.152027
0 0.331712 0.690203 0.053694 0.133108
0 0.352432 0.626014 0.058378 0.123649
0 0.300541 0.626689 0.074234 0.193919
0 0.248288 0.578041 0.073514 0.143919
0 0.214414 0.510811 0.043964 0.102703
0 0.585045 0.541892 0.034234 0.081081