0 0.425405 0.403716 0.127207 0.145270
0 0.421261 0.411824 0.064865 0.219595
0 0.400000 0.408446 0.052613 0.287162
0 0.374955 0.463176 0.037117 0.195270
0 0.333874 0.452027 0.047207 0.210811
0 0.320541 0.238176 0.062342 0.119595
0 0.507568 0.451014 0.041441 0.235811
0 0.539279 0.445270 0.037838 0.227027
0 0.577297 0.432432 0.043243 0.264865
0 0.610631 0.457770 0.041441 0.185811
0 0.633333 0.387162 0.036396 0.168919
0 0.666126 0.452703 0.055135 0.209459
0 0.682162 0.208446 0.082162 0.161486
0 0.509550 0.677027 0.038198 0.201351
0 0.532793 0.670946 0.031351 0.202703
0 0.563964 0.695946 0.038198 0.228378
0 0.598198 0.697973 0.046847 0.202703
0 0.677477 0.703378 0.051892 0.209459
0 0.794775 0.703716 0.073153 0.126351
0 0.484685 0.680068 0.034595 0.202027
0 0.467568 0.776351 0.042883 0.209459
0 0.433694 0.801351 0.037117 0.237838
0 0.388288 0.702365 0.053694 0.199324
0 0.318559 0.706081 0.067748 0.197297
0 0.271532 0.705405 0.051532 0.155405
0 0.632072 0.667230 0.053333 0.116892
0 0.438739 0.668581 0.029189 0.138514