0 0.478198 0.555405 0.033153 0.216216
0 0.446306 0.543243 0.028468 0.240541
0 0.427387 0.461824 0.035315 0.197973
0 0.403604 0.494257 0.037477 0.166892
0 0.376577 0.486486 0.036036 0.127027
0 0.332072 0.522973 0.048649 0.202703
0 0.304505 0.464865 0.055495 0.116216
0 0.279640 0.408784 0.028829 0.071622
0 0.511712 0.545608 0.029550 0.227703
0 0.537117 0.534459 0.034234 0.245946
0 0.553514 0.460811 0.036757 0.197297
0 0.589009 0.515878 0.037117 0.243919
0 0.600360 0.476351 0.038198 0.132432
0 0.649550 0.500676 0.053694 0.217568
0 0.675495 0.453716 0.058018 0.129054
0 0.705405 0.405068 0.028468 0.085811
0 0.502703 0.770946 0.023784 0.174324
0 0.521261 0.768919 0.030631 0.171622
0 0.542162 0.795608 0.032793 0.184459
0 0.576396 0.793919 0.035676 0.145946
0 0.622523 0.792230 0.047207 0.131757
0 0.664144 0.724662 0.092252 0.207432
0 0.716396 0.714189 0.074234 0.151351
0 0.746486 0.638514 0.042883 0.094595
0 0.481081 0.768243 0.020901 0.168919
0 0.458559 0.768581 0.023423 0.175000
0 0.434234 0.783446 0.027387 0.214189
0 0.405225 0.788851 0.033514 0.143919
0 0.360000 0.794932 0.042523 0.129054
0 0.319099 0.737162 0.079640 0.194595
0 0.267387 0.714189 0.070631 0.155405
0 0.239820 0.641554 0.037117 0.093919
0 0.420180 0.593581 0.028108 0.104730
0 0.395856 0.590203 0.033514 0.093919
0 0.366667 0.575000 0.040000 0.118919
0 0.563784 0.581081 0.029910 0.125676
0 0.614955 0.568581 0.047207 0.104730
0 0.554234 0.712162 0.023784 0.058108
0 0.577658 0.703041 0.036757 0.077703
0 0.614414 0.710473 0.061261 0.138514
0 0.403784 0.699662 0.034234 0.072297
0 0.368649 0.703378 0.054775 0.110811