0 0.467748 0.533784 0.032432 0.185135
0 0.438739 0.543919 0.030631 0.143243
0 0.417658 0.420946 0.037477 0.143243
0 0.392973 0.463851 0.035676 0.131757
0 0.368829 0.447973 0.037117 0.122973
0 0.323784 0.485811 0.054414 0.186486
0 0.297117 0.426351 0.055856 0.098649
0 0.502342 0.526351 0.039640 0.191892
0 0.527207 0.528041 0.033874 0.150676
0 0.553874 0.415541 0.046847 0.148649
0 0.571892 0.455068 0.047568 0.147973
0 0.601081 0.430405 0.048288 0.145946
0 0.651892 0.490203 0.060541 0.184459
0 0.686126 0.427703 0.056937 0.128378
0 0.494054 0.723311 0.026667 0.173649
0 0.512252 0.726351 0.035676 0.166216
0 0.531892 0.826014 0.038198 0.134459
0 0.564144 0.775000 0.043604 0.105405
0 0.605045 0.777365 0.047568 0.087162
0 0.644865 0.691216 0.083964 0.186486
0 0.710450 0.695270 0.060901 0.108108
0 0.474414 0.720946 0.024865 0.178378
0 0.452973 0.728716 0.026667 0.173649
0 0.426486 0.834122 0.041441 0.150676
0 0.400000 0.773311 0.035315 0.107432
0 0.366847 0.773311 0.038198 0.089865
0 0.329550 0.688176 0.069550 0.184459
0 0.277658 0.684797 0.052252 0.108784
0 0.409730 0.540203 0.030270 0.143919
0 0.388829 0.554392 0.031712 0.106081
0 0.358739 0.538176 0.040000 0.116892
0 0.557297 0.532770 0.029910 0.156081
0 0.572432 0.552365 0.041441 0.103378
0 0.607568 0.533784 0.058378 0.125676
0 0.537297 0.709122 0.025946 0.141216
0 0.561622 0.686824 0.038559 0.106081
0 0.597297 0.688176 0.064505 0.135811
0 0.432252 0.709459 0.027748 0.141892
0 0.404505 0.691892 0.041441 0.114865
0 0.371892 0.694932 0.055495 0.125000