0 0.501081 0.471284 0.027748 0.175000
0 0.483604 0.481081 0.026667 0.212162
0 0.467748 0.504054 0.007928 0.022973
0 0.458198 0.415541 0.040721 0.181081
0 0.441622 0.442568 0.050811 0.186486
0 0.409009 0.438514 0.053333 0.171622
0 0.372252 0.476689 0.062703 0.212838
0 0.327207 0.438514 0.057658 0.117568
0 0.530631 0.490541 0.027748 0.214865
0 0.555495 0.489189 0.024865 0.195946
0 0.508468 0.466892 0.001441 0.002703
0 0.583063 0.390541 0.032432 0.158108
0 0.598739 0.439189 0.045766 0.190541
0 0.625586 0.455405 0.035315 0.147297
0 0.659279 0.472973 0.046486 0.187838
0 0.689369 0.407770 0.051171 0.139865
0 0.529730 0.689189 0.025946 0.172973
0 0.545766 0.698311 0.034955 0.189865
0 0.559640 0.757095 0.032432 0.173649
0 0.577297 0.694257 0.028829 0.154730
0 0.611892 0.753378 0.038919 0.121622
0 0.650631 0.675676 0.081081 0.187838
0 0.700541 0.674324 0.056216 0.121622
0 0.512432 0.684122 0.019459 0.160135
0 0.496577 0.688851 0.022342 0.165541
0 0.476216 0.765203 0.041441 0.170946
0 0.453694 0.689189 0.035315 0.163514
0 0.423784 0.677365 0.039640 0.134459
0 0.371351 0.676351 0.104144 0.182432
0 0.315495 0.683784 0.065946 0.127027
0 0.451532 0.544932 0.041802 0.107432
0 0.421622 0.544595 0.055495 0.104054
0 0.578198 0.527365 0.022703 0.139865
0 0.593514 0.542230 0.036036 0.110135
0 0.618739 0.550338 0.040360 0.085811
0 0.606306 0.689527 0.052252 0.147973
0 0.476577 0.670270 0.021261 0.140541