0 0.468649 0.384459 0.040000 0.264865
0 0.434595 0.432095 0.033153 0.199324
0 0.401982 0.406757 0.042162 0.305405
0 0.370270 0.451351 0.046486 0.224324
0 0.341081 0.419595 0.051532 0.250000
0 0.290090 0.425338 0.053333 0.210135
0 0.505946 0.430405 0.038919 0.205405
0 0.538198 0.432770 0.029910 0.207432
0 0.575135 0.423986 0.051171 0.283108
0 0.603964 0.469932 0.056937 0.216892
0 0.629730 0.464527 0.042162 0.230405
0 0.671712 0.468243 0.055495 0.224324
0 0.719820 0.455405 0.055135 0.201351
0 0.745045 0.384797 0.054414 0.118243
0 0.509550 0.656419 0.034595 0.219595
0 0.538739 0.658108 0.037477 0.224324
0 0.564324 0.695946 0.041802 0.298649
0 0.598378 0.671284 0.042883 0.225000
0 0.635495 0.662500 0.043604 0.191216
0 0.705045 0.650676 0.081802 0.197297
0 0.761261 0.640203 0.060180 0.112838
0 0.486306 0.654730 0.031351 0.221622
0 0.466667 0.651351 0.028108 0.212162
0 0.436036 0.659797 0.033153 0.264189
0 0.407387 0.652027 0.038559 0.218919
0 0.375856 0.649662 0.045405 0.203378
0 0.323423 0.628378 0.078919 0.197297
0 0.269550 0.609122 0.077838 0.200676
0 0.217117 0.610135 0.055856 0.127027