0 0.706607 0.606010 0.080551 0.176615
0 0.488627 0.449429 0.038393 0.248601
0 0.465892 0.441514 0.039690 0.252257
0 0.518834 0.451868 0.040342 0.231547
0 0.411324 0.660209 0.038389 0.207068
0 0.504577 0.662037 0.029881 0.174182
0 0.710795 0.403145 0.065676 0.197439
0 0.549074 0.674216 0.034429 0.200973
0 0.605591 0.660209 0.061712 0.199757
0 0.653987 0.650466 0.090944 0.197324
0 0.542872 0.451257 0.039041 0.237635
0 0.599712 0.446389 0.043589 0.223020
0 0.412980 0.440294 0.054566 0.223020
0 0.435036 0.436642 0.045539 0.279054
0 0.523741 0.671780 0.027935 0.183926
0 0.483789 0.657166 0.029885 0.166872
0 0.340548 0.442730 0.068209 0.208405
0 0.465568 0.662037 0.032548 0.176615
0 0.437632 0.677872 0.033845 0.208284
0 0.380793 0.658382 0.043589 0.205845
0 0.294393 0.613314 0.087762 0.166872
0 0.305795 0.407409 0.088346 0.198655
0 0.383099 0.444561 0.051971 0.236419
0 0.629921 0.448821 0.053333 0.208399
0 0.661101 0.434814 0.071521 0.214493
0 0.571454 0.436642 0.048133 0.244946
0 0.573760 0.672389 0.040926 0.231426