0 0.475856 0.517568 0.030631 0.222973
0 0.449730 0.503041 0.030991 0.218243
0 0.425045 0.498986 0.033514 0.241216
0 0.401441 0.516216 0.043243 0.217568
0 0.372793 0.521959 0.036396 0.211486
0 0.336577 0.542568 0.051171 0.175676
0 0.290811 0.530743 0.049009 0.176351
0 0.275135 0.449662 0.056577 0.088514
0 0.507207 0.501014 0.030631 0.241216
0 0.531532 0.503378 0.031712 0.213514
0 0.557477 0.498311 0.037477 0.235811
0 0.578739 0.517568 0.047568 0.194595
0 0.610631 0.504392 0.037117 0.226351
0 0.650631 0.516216 0.050811 0.189189
0 0.688288 0.505068 0.061982 0.176351
0 0.712252 0.428041 0.052252 0.087162
0 0.490991 0.713176 0.021982 0.210135
0 0.509189 0.705405 0.027387 0.197297
0 0.529550 0.720946 0.031351 0.217568
0 0.554775 0.734459 0.035676 0.218919
0 0.584505 0.745270 0.049009 0.227027
0 0.634414 0.734459 0.078919 0.216216
0 0.683964 0.692568 0.072072 0.186486
0 0.737838 0.670608 0.047928 0.092568
0 0.470991 0.715203 0.021622 0.203378
0 0.451171 0.711824 0.029550 0.192568
0 0.432613 0.727365 0.030631 0.222297
0 0.402342 0.737162 0.036396 0.213514
0 0.374955 0.755068 0.039279 0.233108
0 0.330270 0.747635 0.073153 0.212838
0 0.283604 0.717568 0.066306 0.185135
0 0.232973 0.699662 0.045766 0.096622