0 0.496937 0.487500 0.025225 0.227703
0 0.476396 0.491892 0.028108 0.222973
0 0.451892 0.473649 0.036036 0.260811
0 0.433333 0.501351 0.042162 0.239189
0 0.411171 0.504392 0.048288 0.242568
0 0.375135 0.542230 0.067748 0.175000
0 0.320721 0.526689 0.064865 0.192568
0 0.282703 0.475338 0.061622 0.112838
0 0.521982 0.488851 0.026306 0.210135
0 0.547748 0.478716 0.023784 0.215541
0 0.572973 0.470608 0.024505 0.231757
0 0.599279 0.476689 0.031712 0.226351
0 0.622523 0.475338 0.027027 0.227703
0 0.652793 0.484797 0.047207 0.227703
0 0.689369 0.481419 0.051171 0.206081
0 0.717297 0.427027 0.047207 0.132432
0 0.510090 0.709122 0.037838 0.168243
0 0.542703 0.706081 0.023063 0.185135
0 0.563964 0.724662 0.027387 0.233108
0 0.590991 0.719257 0.030270 0.204730
0 0.620721 0.720608 0.043604 0.202027
0 0.662703 0.716554 0.073514 0.200676
0 0.703063 0.690878 0.061982 0.188514
0 0.757297 0.680068 0.050090 0.116892
0 0.511171 0.712500 0.039279 0.179054
0 0.497838 0.721959 0.050090 0.185811
0 0.481441 0.742230 0.059099 0.225000
0 0.452973 0.741554 0.054054 0.191216
0 0.423784 0.762162 0.056937 0.236486
0 0.379099 0.755068 0.077838 0.225000
0 0.316396 0.735473 0.091532 0.212838
0 0.245946 0.730743 0.076036 0.115541