0 0.472613 0.508108 0.033514 0.197297
0 0.442523 0.507095 0.028108 0.169595
0 0.414775 0.489189 0.031712 0.222973
0 0.388649 0.501351 0.034955 0.190541
0 0.358739 0.490203 0.033514 0.195270
0 0.320360 0.492905 0.049009 0.176351
0 0.277477 0.472635 0.054054 0.170946
0 0.255495 0.409459 0.047568 0.106757
0 0.506306 0.507432 0.034595 0.195946
0 0.532613 0.500676 0.031712 0.182432
0 0.562883 0.476351 0.033874 0.229730
0 0.585946 0.483784 0.043243 0.205405
0 0.618559 0.479392 0.039279 0.196622
0 0.658919 0.485135 0.053694 0.182432
0 0.706306 0.464527 0.055495 0.181757
0 0.723063 0.393919 0.055856 0.104054
0 0.498018 0.682770 0.020901 0.145270
0 0.520000 0.687162 0.026667 0.150000
0 0.545586 0.694595 0.030991 0.190541
0 0.574234 0.677365 0.036396 0.168243
0 0.603784 0.681419 0.041441 0.196622
0 0.651712 0.670946 0.077477 0.195946
0 0.704685 0.642230 0.069550 0.181757
0 0.758018 0.623311 0.053694 0.111486
0 0.477117 0.679730 0.019459 0.131081
0 0.452793 0.686824 0.024865 0.146622
0 0.428288 0.698311 0.026306 0.184459
0 0.401261 0.685473 0.032072 0.168243
0 0.371712 0.691216 0.043604 0.193243
0 0.328649 0.674662 0.069189 0.192568
0 0.278378 0.638176 0.070270 0.177703
0 0.223604 0.627365 0.059459 0.118243