0 0.482162 0.521959 0.039640 0.239865
0 0.447568 0.500676 0.032432 0.251351
0 0.418018 0.495946 0.042523 0.248649
0 0.390450 0.510135 0.054414 0.170270
0 0.367748 0.468243 0.042883 0.110811
0 0.316757 0.493243 0.057658 0.197297
0 0.295315 0.434459 0.055135 0.110811
0 0.520180 0.526014 0.037117 0.227703
0 0.547928 0.495270 0.037838 0.236486
0 0.575856 0.435473 0.040360 0.292568
0 0.592072 0.479054 0.046126 0.237838
0 0.622162 0.442230 0.046486 0.143919
0 0.670450 0.478378 0.058739 0.195946
0 0.696216 0.418243 0.057658 0.120270
0 0.518559 0.759797 0.023784 0.215541
0 0.538378 0.731419 0.030270 0.189865
0 0.564144 0.752027 0.033514 0.181081
0 0.594054 0.765203 0.037117 0.142568
0 0.636216 0.767230 0.046486 0.107432
0 0.676396 0.695270 0.085766 0.197297
0 0.735676 0.662838 0.053694 0.102703
0 0.495315 0.745946 0.024144 0.193243
0 0.471171 0.750000 0.029189 0.204054
0 0.444505 0.774662 0.032072 0.242568
0 0.410811 0.769595 0.037477 0.155405
0 0.365946 0.786824 0.052252 0.118243
0 0.318378 0.715203 0.081802 0.196622
0 0.254775 0.686824 0.054775 0.103378
0 0.360901 0.552027 0.042162 0.113514
0 0.630631 0.535473 0.046126 0.116892
0 0.621441 0.689527 0.060901 0.122297
0 0.414414 0.675000 0.038198 0.052703
0 0.375315 0.696622 0.060901 0.109459