0 0.489189 0.521622 0.034955 0.247297
0 0.459279 0.545270 0.024865 0.183784
0 0.436757 0.456419 0.041081 0.150676
0 0.416757 0.527365 0.043604 0.116892
0 0.391171 0.505068 0.047207 0.115541
0 0.350811 0.539189 0.052252 0.181081
0 0.313874 0.488851 0.052613 0.118243
0 0.516577 0.514189 0.029189 0.243243
0 0.544865 0.509797 0.030270 0.229054
0 0.566126 0.422635 0.040360 0.145270
0 0.585045 0.522973 0.033514 0.114865
0 0.610090 0.492568 0.039640 0.118919
0 0.647568 0.507095 0.049009 0.206081
0 0.679279 0.467230 0.044685 0.119595
0 0.510811 0.757432 0.019820 0.191892
0 0.527928 0.755743 0.020901 0.212838
0 0.553514 0.789527 0.031712 0.161486
0 0.583423 0.721622 0.030270 0.121622
0 0.614955 0.754054 0.035676 0.105405
0 0.649910 0.718581 0.083243 0.199324
0 0.701622 0.696284 0.058378 0.116892
0 0.493694 0.767230 0.022342 0.197973
0 0.478559 0.765878 0.028829 0.211486
0 0.459459 0.822973 0.031712 0.164865
0 0.425405 0.776014 0.033514 0.116892
0 0.398559 0.758108 0.038919 0.105405
0 0.350090 0.730743 0.076036 0.203378
0 0.293514 0.729054 0.062342 0.120270
0 0.437297 0.564865 0.035676 0.182432
0 0.418559 0.606757 0.038559 0.105405
0 0.392252 0.591892 0.044324 0.109459
0 0.565946 0.546959 0.024144 0.175000
0 0.612793 0.576351 0.032793 0.113514
0 0.554054 0.694595 0.029910 0.109459
0 0.564505 0.661824 0.032793 0.058784
0 0.451892 0.721284 0.020901 0.150676