0 0.474234 0.495270 0.036757 0.181081
0 0.440360 0.478378 0.037477 0.166216
0 0.405045 0.387162 0.041081 0.129730
0 0.394414 0.499662 0.037117 0.115541
0 0.379820 0.425000 0.043243 0.116216
0 0.334595 0.471959 0.052252 0.189865
0 0.305766 0.405743 0.059459 0.112838
0 0.508288 0.492230 0.037117 0.183108
0 0.537297 0.469257 0.033153 0.145270
0 0.563243 0.358108 0.044685 0.133784
0 0.595856 0.400676 0.052973 0.120270
0 0.645946 0.436149 0.059459 0.180405
0 0.679099 0.375676 0.054414 0.097297
0 0.516216 0.695270 0.026306 0.179730
0 0.541982 0.718243 0.028829 0.145946
0 0.587207 0.790878 0.056577 0.119595
0 0.604865 0.720946 0.043604 0.097297
0 0.647387 0.710135 0.046486 0.095946
0 0.673694 0.619257 0.075315 0.173649
0 0.729189 0.613514 0.059459 0.106757
0 0.493694 0.695608 0.034595 0.179054
0 0.472252 0.718581 0.040000 0.133108
0 0.444685 0.810135 0.052613 0.116216
0 0.418018 0.744932 0.041802 0.103378
0 0.375135 0.743919 0.050450 0.100000
0 0.330991 0.661486 0.081802 0.179730
0 0.272072 0.650676 0.056937 0.106757
0 0.416937 0.514865 0.027387 0.181081
0 0.567568 0.485135 0.029550 0.171622
0 0.593514 0.486486 0.056216 0.112162
0 0.564865 0.666554 0.034955 0.162838
0 0.593514 0.642905 0.053333 0.114189
0 0.625946 0.621622 0.065586 0.129730
0 0.465405 0.634122 0.031351 0.064189
0 0.449009 0.685473 0.035315 0.168243
0 0.418919 0.662162 0.041441 0.113514
0 0.381982 0.654054 0.061261 0.132432