0 0.479099 0.521284 0.032072 0.143919
0 0.456036 0.525338 0.026306 0.141216
0 0.431892 0.516216 0.028468 0.197297
0 0.409550 0.533108 0.034955 0.163514
0 0.388108 0.539865 0.032432 0.155405
0 0.360360 0.543581 0.044685 0.153378
0 0.322162 0.535473 0.042523 0.147973
0 0.297838 0.476689 0.034234 0.114189
0 0.504505 0.521959 0.025946 0.157432
0 0.527387 0.527027 0.027748 0.150000
0 0.549189 0.516554 0.031712 0.191216
0 0.567387 0.520946 0.044324 0.185135
0 0.594595 0.527365 0.040360 0.157432
0 0.641982 0.529054 0.064505 0.156757
0 0.492432 0.691554 0.019820 0.162838
0 0.508288 0.706081 0.031351 0.178378
0 0.531532 0.713851 0.030991 0.176351
0 0.561441 0.707095 0.033874 0.173649
0 0.591171 0.710473 0.043604 0.176351
0 0.663964 0.684122 0.082523 0.158784
0 0.702342 0.670946 0.072072 0.162162
0 0.471712 0.692568 0.021622 0.159459
0 0.450811 0.700676 0.021622 0.156757
0 0.428108 0.717568 0.028108 0.195946
0 0.402523 0.710135 0.030270 0.164865
0 0.375135 0.716216 0.034595 0.168919
0 0.312613 0.697297 0.068108 0.168919
0 0.279099 0.667230 0.068108 0.150676