0 0.489189 0.492230 0.030631 0.227703
0 0.465225 0.489527 0.028829 0.207432
0 0.437477 0.446284 0.032432 0.230405
0 0.410631 0.481757 0.038559 0.202703
0 0.381081 0.475676 0.037117 0.183784
0 0.347027 0.458784 0.049009 0.213514
0 0.317477 0.412500 0.056937 0.143919
0 0.295315 0.355743 0.042162 0.076351
0 0.515676 0.489527 0.028829 0.234459
0 0.534595 0.479054 0.037117 0.229730
0 0.552793 0.402365 0.036036 0.231757
0 0.582703 0.485811 0.041802 0.206757
0 0.610631 0.457432 0.044324 0.213514
0 0.647027 0.466892 0.054414 0.200000
0 0.681441 0.414189 0.054775 0.145946
0 0.709730 0.364189 0.042162 0.082432
0 0.505946 0.704054 0.021622 0.178378
0 0.521982 0.708446 0.026306 0.179054
0 0.543243 0.720608 0.027027 0.216892
0 0.566126 0.711149 0.031712 0.188514
0 0.604685 0.756757 0.050450 0.145946
0 0.637838 0.690878 0.072072 0.207432
0 0.695856 0.681081 0.069910 0.151351
0 0.731351 0.628716 0.001081 0.002027
0 0.729910 0.597297 0.027027 0.064865
0 0.489910 0.702703 0.019099 0.194595
0 0.471892 0.711486 0.020541 0.195946
0 0.450811 0.720946 0.024505 0.225676
0 0.427027 0.708784 0.030991 0.190541
0 0.379820 0.745270 0.056216 0.147297
0 0.350450 0.685135 0.070270 0.193243
0 0.296216 0.678041 0.060541 0.154730
0 0.262703 0.592568 0.026667 0.070270
0 0.593874 0.665203 0.054054 0.114189
0 0.396036 0.658108 0.054054 0.101351