0 0.474955 0.415203 0.032432 0.256081
0 0.452072 0.407770 0.024865 0.243919
0 0.415676 0.395946 0.031351 0.262162
0 0.391892 0.394932 0.037117 0.237162
0 0.369189 0.394595 0.040000 0.202703
0 0.337658 0.380405 0.053333 0.217568
0 0.288288 0.384122 0.049730 0.196622
0 0.504685 0.409459 0.032793 0.277027
0 0.528829 0.434122 0.020541 0.199324
0 0.556396 0.419595 0.033874 0.228378
0 0.581261 0.412162 0.034595 0.222973
0 0.605586 0.397973 0.040000 0.228378
0 0.637297 0.402365 0.061622 0.214189
0 0.686847 0.382770 0.063423 0.225000
0 0.712613 0.335473 0.041441 0.120946
0 0.506486 0.663176 0.014775 0.165541
0 0.525225 0.666216 0.020541 0.170270
0 0.543423 0.675338 0.024505 0.200676
0 0.561622 0.659459 0.025586 0.195946
0 0.583784 0.633108 0.038198 0.186486
0 0.616757 0.615541 0.076036 0.195946
0 0.661802 0.586486 0.076757 0.187838
0 0.709369 0.545270 0.063063 0.140541
0 0.490631 0.652703 0.014775 0.141892
0 0.472973 0.658784 0.016937 0.160811
0 0.453694 0.671284 0.024505 0.197973
0 0.435495 0.649662 0.024865 0.185811
0 0.414234 0.635473 0.031351 0.208784
0 0.379099 0.607432 0.077838 0.187838
0 0.329009 0.581081 0.078559 0.182432
0 0.284144 0.559459 0.049369 0.108108