0 0.481982 0.577027 0.031351 0.217568
0 0.456577 0.566892 0.028108 0.214865
0 0.435676 0.502027 0.036757 0.193243
0 0.411892 0.546284 0.039640 0.206081
0 0.384685 0.492905 0.041441 0.152027
0 0.346126 0.535135 0.052252 0.189189
0 0.310090 0.497635 0.052252 0.150676
0 0.291351 0.423311 0.055135 0.095270
0 0.514414 0.578378 0.031351 0.216216
0 0.540360 0.561149 0.024144 0.237162
0 0.564865 0.492568 0.036396 0.174324
0 0.583243 0.565203 0.044324 0.166892
0 0.610631 0.497635 0.041441 0.133108
0 0.645225 0.535811 0.060901 0.191892
0 0.683243 0.511486 0.061261 0.145946
0 0.702883 0.419595 0.050811 0.094595
0 0.515135 0.783446 0.021982 0.183108
0 0.529910 0.787500 0.027748 0.199324
0 0.546847 0.845608 0.032072 0.188514
0 0.578198 0.827027 0.030631 0.132432
0 0.615135 0.825676 0.043964 0.118919
0 0.647928 0.752703 0.084324 0.194595
0 0.698378 0.743919 0.067027 0.135135
0 0.727928 0.663176 0.042523 0.095270
0 0.495315 0.791216 0.019820 0.194595
0 0.475315 0.798986 0.021622 0.208784
0 0.449910 0.838514 0.035676 0.178378
0 0.424865 0.823649 0.038198 0.131081
0 0.387387 0.827027 0.047568 0.127027
0 0.351532 0.753378 0.076757 0.190541
0 0.302703 0.739189 0.073514 0.140541
0 0.272613 0.670608 0.040000 0.092568
0 0.434234 0.607770 0.029550 0.089865
0 0.380180 0.595946 0.041081 0.095946
0 0.563604 0.614189 0.029550 0.089189
0 0.613514 0.594932 0.041441 0.103378
0 0.551892 0.762838 0.020541 0.117568
0 0.573514 0.733446 0.037838 0.081757
0 0.602703 0.735473 0.052252 0.110135
0 0.454595 0.780405 0.019099 0.160811
0 0.430450 0.738514 0.041441 0.091892
0 0.402523 0.734797 0.058378 0.110135