0 0.489369 0.550000 0.028108 0.171622
0 0.464144 0.534459 0.025946 0.136486
0 0.442523 0.447297 0.037477 0.144595
0 0.424865 0.498311 0.037477 0.134459
0 0.396757 0.489865 0.041802 0.110811
0 0.356396 0.526689 0.049009 0.161486
0 0.336577 0.458784 0.057658 0.112162
0 0.518378 0.546959 0.028468 0.179054
0 0.541802 0.515878 0.027748 0.141216
0 0.560180 0.439527 0.035676 0.138514
0 0.575315 0.505405 0.035676 0.125676
0 0.600721 0.505068 0.038198 0.112838
0 0.636577 0.521959 0.051532 0.169595
0 0.658919 0.457095 0.057297 0.107432
0 0.512252 0.725338 0.019099 0.157432
0 0.528288 0.735811 0.024505 0.159459
0 0.552252 0.809797 0.036396 0.133108
0 0.580541 0.759459 0.030270 0.110811
0 0.615315 0.757095 0.041441 0.092568
0 0.648288 0.703716 0.074955 0.177703
0 0.706486 0.674662 0.050090 0.095270
0 0.492613 0.720946 0.020180 0.154054
0 0.477838 0.722635 0.032432 0.156081
0 0.454955 0.801689 0.034234 0.134459
0 0.427928 0.726351 0.032793 0.104054
0 0.386486 0.762500 0.037838 0.085811
0 0.353514 0.698986 0.077838 0.175000
0 0.295135 0.668581 0.039640 0.085811
0 0.442523 0.560473 0.026667 0.141216
0 0.421261 0.586824 0.030991 0.096622
0 0.394054 0.570946 0.045766 0.110811
0 0.542523 0.601014 0.022703 0.053378
0 0.561982 0.572297 0.022703 0.109459
0 0.578378 0.591554 0.031712 0.097973
0 0.605045 0.581419 0.043964 0.118243
0 0.549730 0.715203 0.021261 0.115541
0 0.572793 0.705068 0.037838 0.061486
0 0.452072 0.712838 0.024144 0.133784
0 0.391532 0.689527 0.047928 0.093919