0 0.477658 0.550338 0.034955 0.234459
0 0.452432 0.553378 0.036396 0.193243
0 0.432252 0.502365 0.034955 0.170946
0 0.411351 0.530743 0.032793 0.206081
0 0.386126 0.531757 0.038559 0.151351
0 0.350811 0.522973 0.050811 0.206757
0 0.322883 0.482770 0.051171 0.110135
0 0.509910 0.553716 0.033153 0.225000
0 0.537117 0.546622 0.029910 0.205405
0 0.561081 0.527703 0.030270 0.187838
0 0.580541 0.544595 0.036757 0.178378
0 0.605405 0.536486 0.037477 0.155405
0 0.637658 0.531081 0.049369 0.178378
0 0.660360 0.478378 0.054414 0.110811
0 0.503964 0.759797 0.021261 0.169595
0 0.522883 0.763514 0.024505 0.163514
0 0.544505 0.770270 0.028829 0.193243
0 0.569009 0.750338 0.031712 0.175000
0 0.594054 0.727027 0.038559 0.150000
0 0.636036 0.708108 0.071351 0.143243
0 0.683604 0.671959 0.067748 0.145270
0 0.726306 0.621622 0.042162 0.081081
0 0.484505 0.759459 0.020541 0.166216
0 0.464685 0.762162 0.023423 0.168919
0 0.440180 0.766892 0.026306 0.179730
0 0.417117 0.748311 0.033514 0.170946
0 0.389550 0.740878 0.041081 0.145270
0 0.349730 0.724662 0.078198 0.152027
0 0.299279 0.688514 0.065946 0.135135
0 0.264505 0.620608 0.034595 0.076351