0 0.489550 0.421622 0.030631 0.270270
0 0.468108 0.423311 0.033874 0.237162
0 0.443784 0.393919 0.037838 0.263514
0 0.423604 0.409459 0.038559 0.213514
0 0.397477 0.399662 0.034595 0.199324
0 0.362883 0.389189 0.048288 0.190541
0 0.325405 0.361486 0.051892 0.183784
0 0.312973 0.294595 0.031351 0.070270
0 0.519099 0.426014 0.031351 0.266892
0 0.541622 0.436824 0.030270 0.204730
0 0.561261 0.399324 0.045766 0.243243
0 0.585405 0.395270 0.037117 0.233784
0 0.606486 0.400000 0.034595 0.189189
0 0.639640 0.380068 0.048288 0.208784
0 0.677838 0.364527 0.048288 0.175000
0 0.689550 0.278378 0.036396 0.070270
0 0.496216 0.669595 0.018018 0.228378
0 0.515135 0.663851 0.021261 0.195270
0 0.534414 0.687500 0.028108 0.253378
0 0.558018 0.676351 0.031351 0.229730
0 0.588108 0.670608 0.040360 0.215541
0 0.636757 0.620270 0.086486 0.189189
0 0.678018 0.565878 0.074595 0.172297
0 0.717838 0.540203 0.042523 0.093919
0 0.476757 0.666554 0.022342 0.206081
0 0.453874 0.684459 0.026306 0.227027
0 0.424144 0.673986 0.046126 0.191216
0 0.394955 0.664189 0.056937 0.193243
0 0.350811 0.629392 0.097658 0.199324
0 0.310811 0.566216 0.082523 0.164865
0 0.267027 0.536824 0.038198 0.088514