0 0.375596 0.447605 0.044886 0.205966
0 0.342141 0.446997 0.052036 0.195007
0 0.294719 0.421416 0.054634 0.199872
0 0.273932 0.328905 0.054631 0.102311
0 0.237551 0.603571 0.061128 0.125453
0 0.755620 0.587740 0.060479 0.132764
0 0.711121 0.313679 0.062429 0.086480
0 0.687085 0.412280 0.054631 0.184047
0 0.641288 0.426899 0.056580 0.201095
0 0.287249 0.633416 0.083867 0.204628
0 0.340841 0.670564 0.085813 0.225331
0 0.384690 0.681524 0.052681 0.213155
0 0.415223 0.699186 0.037092 0.221682
0 0.441856 0.690662 0.028000 0.209500
0 0.467515 0.691270 0.026050 0.183919
0 0.489277 0.694922 0.025402 0.176615
0 0.709856 0.621233 0.092245 0.202196
0 0.660809 0.657774 0.109784 0.228993
0 0.614036 0.671780 0.064310 0.205845
0 0.579607 0.677264 0.048721 0.197324
0 0.550697 0.683355 0.036378 0.204628
0 0.526339 0.688834 0.031834 0.196101
0 0.508474 0.693706 0.025986 0.186358
0 0.606207 0.438466 0.040991 0.216932
0 0.581198 0.444557 0.033841 0.231547
0 0.559760 0.440294 0.035146 0.240074
0 0.532804 0.461000 0.039690 0.225459
0 0.510391 0.462220 0.032544 0.249818
0 0.476286 0.469527 0.035795 0.235203
0 0.450627 0.465875 0.033845 0.230331
0 0.423342 0.437250 0.036443 0.268081
0 0.405802 0.454909 0.044238 0.213277