0 0.651389 0.515206 0.048068 0.114615
0 0.645867 0.406801 0.047423 0.143845
0 0.616310 0.509115 0.041578 0.126797
0 0.590324 0.538956 0.028584 0.086601
0 0.589351 0.420807 0.043524 0.184047
0 0.554566 0.456740 0.042941 0.248601
0 0.529879 0.464655 0.040342 0.240068
0 0.494800 0.468919 0.046840 0.241297
0 0.456796 0.465872 0.052685 0.227892
0 0.426265 0.466483 0.060479 0.212061
0 0.403204 0.484757 0.053333 0.199878
0 0.372998 0.528605 0.053982 0.114615
0 0.365526 0.422635 0.066324 0.146284
0 0.324800 0.500118 0.057232 0.177953
0 0.285623 0.425071 0.057229 0.160899
0 0.260939 0.715024 0.080616 0.168088
0 0.321679 0.726595 0.077369 0.208284
0 0.371049 0.781405 0.057881 0.137635
0 0.377544 0.679088 0.066973 0.118149
0 0.419119 0.734510 0.040991 0.224115
0 0.451276 0.727811 0.037744 0.203405
0 0.480541 0.697970 0.035077 0.165655
0 0.507499 0.698578 0.038328 0.166872
0 0.527638 0.705277 0.033128 0.185135
0 0.549692 0.713801 0.026699 0.194885
0 0.576034 0.723547 0.041575 0.202189
0 0.608515 0.727203 0.051971 0.209500
0 0.641611 0.656554 0.053333 0.092568
0 0.647458 0.775926 0.055932 0.172959
0 0.699786 0.700405 0.085099 0.207068
0 0.783879 0.602963 0.046836 0.082831
0 0.746202 0.694314 0.062429 0.170520
0 0.721841 0.409845 0.052685 0.181608
0 0.691991 0.475618 0.050022 0.198655