0 0.560515 0.677091 0.042919 0.251074
0 0.272960 0.297986 0.058368 0.227095
0 0.375966 0.432375 0.029186 0.270547
0 0.351930 0.415476 0.041200 0.288250
0 0.327467 0.392946 0.036908 0.227095
0 0.512445 0.646510 0.030901 0.173818
0 0.684978 0.313277 0.084119 0.141797
0 0.472532 0.694794 0.033474 0.254291
0 0.494420 0.665824 0.027470 0.212446
0 0.531330 0.662605 0.027467 0.183480
0 0.440342 0.690770 0.037766 0.249459
0 0.409013 0.678699 0.036908 0.222101
0 0.290557 0.383284 0.066094 0.230311
0 0.383261 0.679020 0.033477 0.209230
0 0.620171 0.661801 0.042058 0.214061
0 0.538627 0.405014 0.060944 0.280203
0 0.341631 0.650858 0.101286 0.226932
0 0.424892 0.425132 0.046353 0.304345
0 0.293991 0.630740 0.088414 0.225318
0 0.595708 0.667436 0.060086 0.231764
0 0.589270 0.414669 0.055795 0.244797
0 0.508582 0.420304 0.055795 0.249622
0 0.245923 0.587284 0.091845 0.164162
0 0.564805 0.376047 0.046353 0.196514
0 0.629184 0.476635 0.037769 0.079027
0 0.709441 0.599838 0.103863 0.225324
0 0.658798 0.633635 0.102144 0.234973
0 0.620169 0.377652 0.052360 0.154669
0 0.759225 0.570061 0.086695 0.165770
0 0.485405 0.444446 0.052360 0.262500
0 0.452789 0.461345 0.047207 0.257676
0 0.650643 0.374436 0.077250 0.231926
0 0.400429 0.434791 0.035193 0.281811