0 0.495838 0.525118 0.038955 0.235872
0 0.696987 0.656828 0.096425 0.190372
0 0.382490 0.764584 0.049809 0.154453
0 0.571508 0.748422 0.040868 0.217912
0 0.627063 0.477230 0.084288 0.204743
0 0.748391 0.631084 0.052364 0.119736
0 0.653564 0.702922 0.101535 0.208331
0 0.606310 0.740639 0.068324 0.183196
0 0.665697 0.455679 0.084930 0.166426
0 0.702095 0.379645 0.059384 0.098182
0 0.568634 0.471243 0.054277 0.252635
0 0.598009 0.488007 0.063218 0.219108
0 0.548521 0.473635 0.034483 0.243054
0 0.514357 0.516142 0.047892 0.215514
0 0.467422 0.529314 0.044703 0.217912
0 0.444751 0.519135 0.037676 0.235878
0 0.546605 0.741838 0.031928 0.207135
0 0.295964 0.672990 0.072159 0.193966
0 0.331086 0.471841 0.054281 0.227493
0 0.412823 0.498780 0.045337 0.250236
0 0.385366 0.494591 0.047892 0.253831
0 0.366847 0.496385 0.032569 0.231081
0 0.269784 0.367074 0.060663 0.144878
0 0.300755 0.437115 0.061301 0.177203
0 0.386643 0.683166 0.044061 0.082615
0 0.336834 0.711902 0.075989 0.199953
0 0.485622 0.740041 0.027459 0.184392
0 0.418890 0.747226 0.033204 0.205939
0 0.241049 0.638865 0.064497 0.111351
0 0.440602 0.744230 0.035762 0.197554
0 0.466146 0.742436 0.021712 0.179601
0 0.504778 0.730459 0.021074 0.179595
0 0.526488 0.739439 0.031290 0.192770