0 0.368375 0.754966 0.067128 0.201689
0 0.539623 0.539564 0.018252 0.146291
0 0.568532 0.425068 0.046187 0.136541
0 0.576326 0.501807 0.037092 0.124358
0 0.559438 0.551135 0.024101 0.130446
0 0.412623 0.698578 0.047488 0.096223
0 0.506168 0.693098 0.035795 0.168088
0 0.329798 0.533537 0.061132 0.114493
0 0.377577 0.566361 0.050022 0.185264
0 0.405834 0.499368 0.042876 0.138980
0 0.439544 0.777139 0.040991 0.121804
0 0.462319 0.823426 0.044241 0.163216
0 0.437310 0.685524 0.042288 0.104223
0 0.459883 0.682057 0.037092 0.126669
0 0.488011 0.676655 0.025333 0.154689
0 0.524784 0.699186 0.031045 0.148601
0 0.530854 0.806983 0.047488 0.152250
0 0.583472 0.814291 0.050086 0.154689
0 0.583796 0.699186 0.042937 0.102318
0 0.623778 0.744145 0.067038 0.206845
0 0.678640 0.771659 0.061128 0.125453
0 0.476198 0.682959 0.035726 0.151514
0 0.632843 0.561490 0.050083 0.170642
0 0.669870 0.512155 0.063077 0.118270
0 0.321027 0.768615 0.064375 0.129108
0 0.413598 0.799068 0.039045 0.116932
0 0.601986 0.506068 0.037744 0.115838
0 0.458422 0.565750 0.024750 0.101216
0 0.477259 0.515206 0.035146 0.151155
0 0.513962 0.544436 0.030598 0.160899
0 0.602636 0.605949 0.042937 0.093912
0 0.438609 0.582196 0.044886 0.100000
0 0.576328 0.589503 0.029297 0.097561
0 0.445431 0.446385 0.053333 0.145068
0 0.556189 0.709541 0.039694 0.142514
0 0.413598 0.606557 0.042937 0.087818