0 0.423991 0.522510 0.041640 0.195007
0 0.563984 0.540780 0.044890 0.212061
0 0.315832 0.677264 0.094259 0.170527
0 0.504544 0.688166 0.028649 0.177953
0 0.451276 0.707652 0.027351 0.158466
0 0.326582 0.512767 0.055867 0.165777
0 0.475312 0.687557 0.029946 0.166993
0 0.267110 0.655946 0.066977 0.115716
0 0.660126 0.537128 0.043589 0.102432
0 0.534751 0.537736 0.039694 0.188919
0 0.589643 0.518858 0.074119 0.255905
0 0.515912 0.542000 0.030598 0.160905
0 0.395409 0.711365 0.033845 0.190014
0 0.485056 0.528601 0.040339 0.182824
0 0.421717 0.712524 0.026699 0.177953
0 0.377577 0.479882 0.046123 0.170642
0 0.696505 0.439139 0.057881 0.098655
0 0.455173 0.523122 0.037741 0.196230
0 0.634467 0.592547 0.037741 0.084162
0 0.359679 0.695534 0.048137 0.136419
0 0.610755 0.521902 0.046187 0.096345
0 0.626672 0.697909 0.050735 0.165777
0 0.671202 0.693098 0.083802 0.185142
0 0.363252 0.574277 0.047485 0.081730
0 0.401905 0.535301 0.037741 0.169426
0 0.594191 0.709480 0.053333 0.164554
0 0.306411 0.443402 0.062429 0.112061
0 0.526631 0.694861 0.028649 0.169426
0 0.562359 0.715568 0.036443 0.181608
0 0.723497 0.679088 0.070159 0.125459