0 0.486355 0.526166 0.050735 0.219372
0 0.423699 0.596811 0.030533 0.065892
0 0.450982 0.515203 0.037027 0.190135
0 0.425649 0.484145 0.038324 0.198655
0 0.401256 0.404365 0.046836 0.153595
0 0.272957 0.405581 0.052681 0.143851
0 0.299915 0.498152 0.050735 0.182831
0 0.349611 0.447605 0.043589 0.130453
0 0.378519 0.475615 0.046840 0.118270
0 0.337268 0.548699 0.044886 0.123142
0 0.365202 0.562706 0.035795 0.114615
0 0.393784 0.553557 0.033196 0.147480
0 0.463618 0.741209 0.037744 0.188797
0 0.437959 0.745473 0.040991 0.175392
0 0.413923 0.694314 0.035795 0.119372
0 0.393459 0.830125 0.058530 0.140074
0 0.358705 0.800284 0.042288 0.129108
0 0.631220 0.543828 0.066324 0.135318
0 0.677991 0.515814 0.072825 0.147507
0 0.712746 0.421416 0.086465 0.112182
0 0.759517 0.670561 0.061780 0.137635
0 0.698162 0.686399 0.096144 0.215595
0 0.658535 0.792365 0.061063 0.154689
0 0.628978 0.648639 0.074706 0.113277
0 0.334670 0.682743 0.073470 0.127892
0 0.578957 0.649858 0.059117 0.081608
0 0.594548 0.749733 0.061715 0.105966
0 0.283350 0.685787 0.076068 0.194885
0 0.541930 0.665084 0.047420 0.141291
0 0.316481 0.789321 0.055283 0.129115
0 0.227483 0.674828 0.064378 0.133980
0 0.536733 0.800280 0.066908 0.158345
0 0.507793 0.727216 0.035146 0.187541
0 0.482456 0.730247 0.041640 0.198534
0 0.511040 0.516422 0.052032 0.192574
0 0.577301 0.440905 0.065023 0.190135
0 0.543521 0.389747 0.058530 0.168209
0 0.620177 0.449429 0.058530 0.124358
0 0.552290 0.546264 0.050086 0.152378
0 0.587045 0.556007 0.052036 0.118270