0 0.624510 0.450287 0.029373 0.197561
0 0.661227 0.429932 0.049171 0.228689
0 0.708160 0.420953 0.048530 0.215514
0 0.469656 0.455676 0.050447 0.251432
0 0.736578 0.590375 0.095146 0.156845
0 0.629935 0.663409 0.065773 0.178399
0 0.444114 0.450889 0.031290 0.203547
0 0.421930 0.450253 0.053640 0.269399
0 0.397178 0.452682 0.051085 0.226297
0 0.511162 0.456274 0.049171 0.250236
0 0.539259 0.443105 0.044061 0.231088
0 0.596094 0.663412 0.040231 0.197554
0 0.565123 0.667003 0.039593 0.209534
0 0.321189 0.655030 0.094508 0.216709
0 0.530002 0.661615 0.040868 0.210730
0 0.502542 0.674189 0.031932 0.204743
0 0.476043 0.672392 0.035121 0.196365
0 0.449859 0.668199 0.038955 0.214318
0 0.418571 0.669399 0.042786 0.207135
0 0.370996 0.661615 0.079182 0.181986
0 0.273295 0.604743 0.084292 0.190378
0 0.370996 0.449084 0.037034 0.216696
0 0.332683 0.444301 0.058750 0.214318
0 0.680065 0.643057 0.093232 0.199953
0 0.287663 0.407784 0.055557 0.213122
0 0.570550 0.435919 0.047895 0.267000
0 0.594177 0.452084 0.033845 0.222696