0 0.300429 0.444446 0.054933 0.146622
0 0.334762 0.511236 0.063521 0.196514
0 0.372532 0.444443 0.056652 0.140182
0 0.403432 0.460541 0.056652 0.165932
0 0.432189 0.425132 0.048926 0.162709
0 0.373818 0.565152 0.045495 0.140182
0 0.399141 0.578030 0.030901 0.117655
0 0.423604 0.584466 0.035193 0.143405
0 0.446351 0.549061 0.032616 0.201338
0 0.478539 0.549061 0.038627 0.214216
0 0.511159 0.545037 0.055795 0.225480
0 0.541631 0.560328 0.039485 0.159493
0 0.564805 0.433179 0.046353 0.159493
0 0.570386 0.592517 0.031762 0.124088
0 0.588411 0.495946 0.057514 0.162716
0 0.613733 0.466980 0.051503 0.101554
0 0.621029 0.559520 0.050641 0.132135
0 0.653218 0.511240 0.072101 0.206169
0 0.690128 0.437206 0.078973 0.154669
0 0.714591 0.703645 0.071243 0.123926
0 0.663948 0.692382 0.083261 0.185088
0 0.621029 0.685135 0.055795 0.112662
0 0.628755 0.798605 0.050641 0.107831
0 0.590987 0.777679 0.036908 0.104615
0 0.560944 0.847693 0.059229 0.154507
0 0.585838 0.704449 0.043777 0.106223
0 0.564377 0.695601 0.038627 0.111054
0 0.537768 0.743885 0.026613 0.178649
0 0.516737 0.740662 0.027470 0.162554
0 0.495279 0.741470 0.027467 0.167385
0 0.470814 0.731010 0.031762 0.156115
0 0.448068 0.698010 0.027467 0.122318
0 0.439485 0.850105 0.066955 0.156115
0 0.417168 0.795385 0.042919 0.130365
0 0.374249 0.785730 0.054933 0.117486
0 0.423175 0.691574 0.042919 0.099784
0 0.390557 0.678699 0.058368 0.109439
0 0.335622 0.726983 0.094422 0.251074
0 0.286695 0.710084 0.061802 0.123926