0 0.379223 0.757733 0.037445 0.083736
0 0.445105 0.422632 0.042288 0.112182
0 0.581324 0.681186 0.033834 0.115034
0 0.514784 0.728128 0.021654 0.153095
0 0.560573 0.694720 0.024814 0.130264
0 0.535762 0.731088 0.022105 0.157324
0 0.409701 0.484142 0.037744 0.098784
0 0.348312 0.439074 0.059182 0.118270
0 0.372348 0.529213 0.056580 0.140196
0 0.449823 0.700216 0.037895 0.134486
0 0.448695 0.818209 0.036541 0.109959
0 0.420049 0.695142 0.049625 0.124338
0 0.387344 0.676530 0.060901 0.115885
0 0.342683 0.682030 0.077142 0.169169
0 0.289899 0.671456 0.055488 0.110804
0 0.418695 0.780993 0.036995 0.099811
0 0.432112 0.588287 0.033196 0.075642
0 0.473056 0.735740 0.030227 0.164939
0 0.618768 0.664689 0.048267 0.124338
0 0.558137 0.581584 0.021499 0.096345
0 0.660948 0.687105 0.059546 0.186088
0 0.494483 0.724747 0.024360 0.146331
0 0.712825 0.664267 0.053232 0.089655
0 0.468814 0.498760 0.037744 0.130453
0 0.577301 0.576105 0.027351 0.082953
0 0.599063 0.563314 0.044886 0.086601
0 0.631544 0.530429 0.053986 0.115831
0 0.627339 0.772115 0.039247 0.102351
0 0.557641 0.819057 0.036991 0.125182
0 0.407751 0.570017 0.039041 0.114615
0 0.587416 0.774652 0.038796 0.090507
0 0.599063 0.484145 0.038393 0.093912
0 0.519160 0.529818 0.024101 0.153595
0 0.437942 0.493851 0.033845 0.106095
0 0.472387 0.588287 0.026699 0.085385
0 0.488629 0.532257 0.027996 0.146284
0 0.544171 0.501196 0.026050 0.115838
0 0.562685 0.420199 0.033196 0.102439
0 0.578924 0.492061 0.044890 0.109743
0 0.650384 0.426287 0.065676 0.117047
0 0.453225 0.608993 0.019553 0.063459