0 0.408153 0.598145 0.042058 0.157885
0 0.269955 0.706061 0.064378 0.128757
0 0.329614 0.716520 0.087553 0.210838
0 0.379398 0.694797 0.054933 0.128757
0 0.415449 0.711696 0.053218 0.114270
0 0.365236 0.794578 0.052360 0.106223
0 0.413733 0.797801 0.032620 0.119101
0 0.427038 0.862983 0.059229 0.123926
0 0.439914 0.725375 0.024894 0.154507
0 0.463519 0.711693 0.022317 0.056331
0 0.460944 0.801017 0.024036 0.157723
0 0.486265 0.763196 0.021459 0.165770
0 0.530043 0.726179 0.016310 0.098182
0 0.552359 0.733422 0.031759 0.144845
0 0.526607 0.828378 0.038627 0.148068
0 0.565234 0.872639 0.055795 0.123926
0 0.596995 0.807456 0.079827 0.125534
0 0.590986 0.709280 0.064378 0.086912
0 0.620600 0.716520 0.075535 0.146459
0 0.627467 0.792166 0.054933 0.104615
0 0.670814 0.712497 0.112447 0.222101
0 0.721029 0.702034 0.080688 0.130365
0 0.556223 0.574007 0.034335 0.161108
0 0.584978 0.580446 0.038627 0.132135
0 0.612874 0.565155 0.049784 0.130527
0 0.651501 0.505605 0.054937 0.233534
0 0.669528 0.424328 0.072101 0.167547
0 0.599569 0.478243 0.064378 0.133743
0 0.564377 0.466976 0.040342 0.188466
0 0.551072 0.409841 0.051499 0.186858
0 0.528326 0.557912 0.040342 0.154662
0 0.501286 0.572395 0.044634 0.193291
0 0.466523 0.568375 0.033477 0.220655
0 0.441202 0.574007 0.039485 0.186851
0 0.382404 0.583662 0.036908 0.128919
0 0.354505 0.558716 0.051503 0.165932
0 0.413305 0.418696 0.071243 0.175595
0 0.403004 0.529747 0.043780 0.062926
0 0.359656 0.455709 0.061805 0.149838
0 0.326609 0.527334 0.052360 0.190074
0 0.302144 0.421108 0.060086 0.183635
0 0.505150 0.769635 0.031762 0.181865