0 0.495277 0.681115 0.037769 0.168986
0 0.440773 0.470199 0.040342 0.252845
0 0.414591 0.506412 0.034335 0.180419
0 0.391843 0.527331 0.048926 0.145014
0 0.358368 0.516068 0.045492 0.148230
0 0.411587 0.376044 0.054079 0.177196
0 0.395277 0.471807 0.042058 0.095115
0 0.363948 0.437203 0.053222 0.145014
0 0.327467 0.472611 0.067813 0.206169
0 0.309870 0.404209 0.072101 0.143405
0 0.466094 0.466980 0.037766 0.246405
0 0.493562 0.465368 0.048068 0.249628
0 0.521888 0.483878 0.042919 0.199730
0 0.548492 0.380865 0.061813 0.177189
0 0.547638 0.515260 0.041200 0.136966
0 0.570386 0.512845 0.064375 0.116041
0 0.601715 0.436399 0.051503 0.211000
0 0.638625 0.444446 0.066951 0.223878
0 0.674249 0.395358 0.071243 0.138568
0 0.715450 0.657777 0.076393 0.125541
0 0.672960 0.658581 0.118454 0.214054
0 0.619314 0.738250 0.066094 0.151284
0 0.609441 0.615932 0.060086 0.115878
0 0.575106 0.665824 0.046350 0.141635
0 0.541629 0.786530 0.053218 0.170601
0 0.547209 0.674676 0.036912 0.146459
0 0.519312 0.673068 0.041204 0.207622
0 0.477681 0.685139 0.031759 0.170601
0 0.455364 0.690770 0.038627 0.214054
0 0.428326 0.740666 0.046353 0.236588
0 0.411587 0.661801 0.031759 0.101399
0 0.390987 0.686747 0.052360 0.138412
0 0.354505 0.689162 0.051503 0.146459
0 0.313733 0.664216 0.079827 0.173824
0 0.272103 0.637662 0.058368 0.130365