0 0.494849 0.744689 0.030043 0.193135
0 0.533476 0.509628 0.057510 0.215824
0 0.281115 0.351098 0.081546 0.107993
0 0.323604 0.417088 0.058371 0.165932
0 0.341629 0.508020 0.060086 0.219041
0 0.376823 0.475024 0.049784 0.124088
0 0.380685 0.583662 0.042061 0.099946
0 0.409441 0.477439 0.037766 0.183635
0 0.414591 0.585270 0.034335 0.080635
0 0.433476 0.591709 0.030901 0.067757
0 0.434333 0.450078 0.049784 0.202953
0 0.464377 0.509642 0.048068 0.215851
0 0.484977 0.529747 0.044634 0.230318
0 0.512874 0.541818 0.048926 0.212608
0 0.562232 0.459736 0.048068 0.209392
0 0.618885 0.473416 0.048068 0.169155
0 0.617596 0.595733 0.042061 0.095115
0 0.727895 0.720547 0.087553 0.164162
0 0.643346 0.494341 0.081546 0.236750
0 0.634762 0.782510 0.064378 0.143236
0 0.669097 0.726179 0.084977 0.217277
0 0.674249 0.438811 0.071243 0.148230
0 0.700000 0.376044 0.062659 0.106385
0 0.447209 0.756757 0.037769 0.194743
0 0.417166 0.751929 0.048068 0.191520
0 0.618023 0.684334 0.056652 0.107831
0 0.392274 0.652145 0.058371 0.053115
0 0.249786 0.601446 0.056652 0.144851
0 0.372960 0.755149 0.074677 0.149676
0 0.330901 0.703645 0.093564 0.201182
0 0.281973 0.696405 0.066094 0.148068
0 0.512445 0.735030 0.030901 0.160939
0 0.472103 0.735834 0.032616 0.172209
0 0.533047 0.751125 0.037769 0.189912
0 0.595277 0.774459 0.050641 0.162554
0 0.552787 0.769635 0.048068 0.194743
0 0.584119 0.671456 0.033477 0.056331
0 0.570386 0.599757 0.023178 0.096730
0 0.590559 0.596537 0.034335 0.090291
0 0.591416 0.470199 0.044634 0.175588