0 0.407427 0.441514 0.042292 0.130446
0 0.378519 0.440294 0.044238 0.130453
0 0.343114 0.481098 0.052685 0.187696
0 0.307061 0.414105 0.067622 0.131669
0 0.378843 0.760699 0.048786 0.113277
0 0.416847 0.747297 0.039041 0.142514
0 0.440557 0.823426 0.042288 0.155905
0 0.463294 0.721720 0.028000 0.159561
0 0.478560 0.691270 0.027348 0.181486
0 0.499348 0.681524 0.027351 0.166872
0 0.519160 0.687007 0.029297 0.158338
0 0.541573 0.679091 0.026050 0.176615
0 0.549400 0.819774 0.057164 0.148601
0 0.572461 0.752780 0.052620 0.119372
0 0.568890 0.646203 0.053268 0.098662
0 0.619308 0.751757 0.053917 0.118149
0 0.603968 0.658990 0.059762 0.141291
0 0.654962 0.668736 0.091596 0.187581
0 0.706281 0.679699 0.073405 0.131547
0 0.732232 0.585301 0.046187 0.074304
0 0.717294 0.338591 0.048786 0.075642
0 0.677991 0.383047 0.061128 0.130446
0 0.651357 0.454304 0.058533 0.182824
0 0.614978 0.512159 0.042937 0.096345
0 0.604261 0.406193 0.051384 0.132885
0 0.585095 0.490233 0.044238 0.142628
0 0.561061 0.493889 0.031247 0.147507
0 0.565283 0.348334 0.043589 0.182831
0 0.535726 0.434203 0.033845 0.145068
0 0.510715 0.482318 0.040991 0.221797
0 0.483108 0.484753 0.031247 0.224236
0 0.454524 0.457345 0.035146 0.181608
0 0.430164 0.512159 0.027996 0.154818
0 0.409377 0.536517 0.025398 0.086601
0 0.384364 0.533473 0.048137 0.080514
0 0.428214 0.361122 0.046187 0.174297
0 0.282377 0.691267 0.065027 0.123020
0 0.340193 0.690659 0.075420 0.202196
0 0.391836 0.656554 0.064378 0.116932
0 0.423993 0.651074 0.033845 0.098662
0 0.447377 0.654122 0.024750 0.090135