0 0.338600 0.499980 0.065611 0.174297
0 0.273932 0.655338 0.068923 0.119365
0 0.460077 0.598699 0.031831 0.064561
0 0.543553 0.590172 0.028584 0.062115
0 0.547126 0.482318 0.029236 0.126797
0 0.571162 0.397115 0.044825 0.160784
0 0.586429 0.498152 0.049369 0.124358
0 0.559144 0.584024 0.038980 0.093912
0 0.615305 0.564534 0.057881 0.096351
0 0.621800 0.481709 0.039694 0.101216
0 0.652982 0.501804 0.070872 0.182824
0 0.685137 0.445169 0.067622 0.137757
0 0.737105 0.655946 0.061128 0.137635
0 0.685517 0.667236 0.081650 0.197149
0 0.626996 0.652902 0.051384 0.085264
0 0.644211 0.740868 0.045539 0.110155
0 0.609456 0.740730 0.044886 0.114757
0 0.571195 0.673608 0.029431 0.126676
0 0.576326 0.795426 0.055283 0.136446
0 0.546769 0.714412 0.032544 0.196108
0 0.522733 0.705885 0.035146 0.188797
0 0.498373 0.711976 0.031895 0.198534
0 0.474013 0.710149 0.026050 0.187581
0 0.442506 0.796439 0.046187 0.140905
0 0.447378 0.702841 0.037741 0.180264
0 0.417171 0.654118 0.042292 0.095007
0 0.381443 0.645595 0.051384 0.065770
0 0.410676 0.733291 0.050086 0.097446
0 0.368126 0.730855 0.048137 0.109628
0 0.325250 0.672389 0.083214 0.185142
0 0.310991 0.444557 0.057168 0.131669
0 0.382449 0.462828 0.042872 0.134101
0 0.425324 0.412280 0.051968 0.159682
0 0.414281 0.496936 0.042876 0.104872
0 0.385373 0.551135 0.048721 0.091473
0 0.414930 0.562709 0.045470 0.109743
0 0.434247 0.563878 0.025986 0.133432
0 0.486712 0.519470 0.035730 0.223020
0 0.519843 0.517642 0.031831 0.190135
0 0.458130 0.490841 0.038328 0.148723
0 0.581847 0.577932 0.026050 0.054932