0 0.259640 0.661426 0.059827 0.109622
0 0.483431 0.557834 0.029297 0.229115
0 0.655286 0.714412 0.090948 0.169311
0 0.704301 0.377568 0.061777 0.102432
0 0.697836 0.676652 0.079903 0.174182
0 0.677667 0.460395 0.073474 0.148723
0 0.625697 0.524949 0.051387 0.195007
0 0.426589 0.758260 0.045539 0.193669
0 0.308717 0.465267 0.066912 0.168209
0 0.454847 0.755216 0.043589 0.190014
0 0.428865 0.524341 0.033196 0.242507
0 0.339575 0.503632 0.051971 0.188912
0 0.405836 0.520686 0.050670 0.215709
0 0.311933 0.678483 0.070872 0.168088
0 0.498047 0.765571 0.023452 0.149818
0 0.374980 0.512770 0.043524 0.216932
0 0.482782 0.769831 0.022804 0.165649
0 0.590294 0.540176 0.065027 0.208405
0 0.648110 0.519466 0.070223 0.181608
0 0.350910 0.721111 0.086461 0.190007
0 0.399632 0.745473 0.038393 0.190014
0 0.286924 0.378176 0.045539 0.101216
0 0.532151 0.753389 0.029297 0.161993
0 0.614360 0.746689 0.072757 0.165649
0 0.538324 0.562706 0.037744 0.224236
0 0.512665 0.757041 0.022800 0.127892
0 0.748182 0.665081 0.063665 0.109622
0 0.550342 0.765571 0.034494 0.203412
0 0.563984 0.546264 0.042288 0.247378
0 0.455823 0.557834 0.032548 0.221804
0 0.574378 0.766791 0.043589 0.208284
0 0.513640 0.561490 0.039041 0.229115