0 0.347987 0.671780 0.084515 0.215588
0 0.294395 0.646203 0.083867 0.191230
0 0.395409 0.677872 0.042941 0.218027
0 0.390211 0.440905 0.036443 0.233986
0 0.245348 0.632804 0.053333 0.130324
0 0.414573 0.428115 0.039690 0.274176
0 0.566256 0.368432 0.039041 0.279054
0 0.659151 0.425071 0.049438 0.219372
0 0.696180 0.373912 0.052036 0.163338
0 0.623099 0.440294 0.043589 0.225453
0 0.594191 0.436034 0.041643 0.236419
0 0.513314 0.432378 0.035795 0.272959
0 0.536375 0.433598 0.048137 0.251034
0 0.480508 0.446993 0.035142 0.243730
0 0.449652 0.429334 0.037092 0.288791
0 0.550018 0.675436 0.033845 0.203412
0 0.247295 0.337372 0.046836 0.112176
0 0.360654 0.441510 0.037092 0.223020
0 0.422692 0.669345 0.033845 0.200973
0 0.321029 0.432986 0.056580 0.225459
0 0.282701 0.376959 0.057877 0.198662
0 0.579932 0.676044 0.053268 0.204628
0 0.653013 0.669348 0.086400 0.213155
0 0.748150 0.623669 0.057229 0.121797
0 0.701085 0.659601 0.078602 0.188797
0 0.614036 0.687615 0.061715 0.220459
0 0.449326 0.677872 0.028649 0.200973
0 0.507791 0.672389 0.024750 0.185142
0 0.529553 0.673000 0.025398 0.193662
0 0.471739 0.665693 0.026699 0.183926
0 0.490577 0.673000 0.020202 0.181486