0 0.474247 0.663412 0.038627 0.178649
0 0.714162 0.714108 0.087553 0.167378
0 0.424892 0.383284 0.054937 0.230311
0 0.391845 0.467784 0.047207 0.145014
0 0.313733 0.449274 0.062659 0.175588
0 0.278541 0.408233 0.069528 0.145007
0 0.359656 0.529747 0.054937 0.194899
0 0.599571 0.467784 0.060944 0.177203
0 0.476823 0.473416 0.042058 0.194899
0 0.420171 0.545037 0.042058 0.141791
0 0.397852 0.557108 0.042061 0.098338
0 0.458368 0.491926 0.034335 0.202946
0 0.445492 0.536186 0.034335 0.127304
0 0.533905 0.475024 0.024032 0.175588
0 0.509870 0.466176 0.034335 0.196514
0 0.554506 0.368804 0.054937 0.227095
0 0.572532 0.479051 0.053222 0.161101
0 0.757081 0.689162 0.070386 0.175432
0 0.579827 0.571591 0.040346 0.101561
0 0.724034 0.409845 0.066094 0.180419
0 0.672532 0.469392 0.072962 0.151446
0 0.597852 0.565959 0.043777 0.112824
0 0.641195 0.543412 0.066966 0.186824
0 0.508582 0.564351 0.030043 0.051662
0 0.557939 0.574811 0.032620 0.114432
0 0.537768 0.587686 0.026613 0.062926
0 0.481114 0.569983 0.035193 0.062926
0 0.448926 0.750321 0.030905 0.149682
0 0.551932 0.710889 0.044634 0.241412
0 0.614162 0.706061 0.054076 0.193135
0 0.665663 0.718936 0.100429 0.222101
0 0.581544 0.705253 0.038627 0.220493
0 0.489270 0.679503 0.029186 0.223709
0 0.449784 0.621564 0.034335 0.094953
0 0.528326 0.674676 0.040342 0.207622
0 0.512445 0.664216 0.037769 0.196351
0 0.291416 0.722959 0.067813 0.185081
0 0.377681 0.751932 0.053222 0.162554
0 0.426609 0.702037 0.046350 0.152899
0 0.404292 0.643294 0.061802 0.119101
0 0.335193 0.707669 0.103863 0.228541
0 0.243777 0.662608 0.066955 0.164162