0 0.557867 0.697544 0.057384 0.169507
0 0.523220 0.713784 0.027067 0.189811
0 0.229000 0.595024 0.069834 0.132966
0 0.360005 0.674196 0.056840 0.181689
0 0.284757 0.638166 0.101232 0.168493
0 0.333209 0.477791 0.056299 0.188797
0 0.719187 0.412828 0.059550 0.142101
0 0.710796 0.590456 0.099063 0.158345
0 0.374892 0.485402 0.043305 0.204020
0 0.682106 0.448355 0.051427 0.178642
0 0.405750 0.482358 0.046555 0.224324
0 0.586829 0.471699 0.051431 0.211128
0 0.620348 0.467639 0.050259 0.203007
0 0.453387 0.472209 0.038977 0.244622
0 0.555160 0.486926 0.054133 0.200973
0 0.609566 0.658463 0.041683 0.166466
0 0.395463 0.701095 0.046559 0.211122
0 0.531341 0.486419 0.037895 0.220257
0 0.491281 0.465105 0.042223 0.258831
0 0.498319 0.705666 0.031398 0.177628
0 0.587099 0.683841 0.059546 0.176615
0 0.432816 0.472206 0.035730 0.238534
0 0.467962 0.710453 0.040141 0.183149
0 0.259856 0.405723 0.072000 0.154284
0 0.769649 0.548686 0.062043 0.108507
0 0.644072 0.459199 0.062638 0.177858
0 0.430380 0.702111 0.050346 0.211128
0 0.649895 0.656939 0.058465 0.171541
0 0.288276 0.459014 0.069294 0.181689