0 0.450532 0.527331 0.021351 0.174959
0 0.432382 0.722905 0.046263 0.216189
0 0.460141 0.736916 0.032029 0.225534
0 0.483984 0.724240 0.025625 0.221534
0 0.505337 0.737584 0.019928 0.218858
0 0.519571 0.722240 0.031315 0.198845
0 0.549820 0.719568 0.037723 0.177486
0 0.574375 0.730247 0.031315 0.198845
0 0.611386 0.711561 0.054094 0.166811
0 0.642703 0.683534 0.069751 0.212189
0 0.693948 0.701551 0.061207 0.160142
0 0.735941 0.640166 0.046973 0.112101
0 0.671885 0.428578 0.066905 0.180291
0 0.639144 0.512652 0.049820 0.164277
0 0.602133 0.504645 0.037009 0.174953
0 0.578645 0.509983 0.031315 0.198980
0 0.550177 0.493966 0.025622 0.212324
0 0.530247 0.518655 0.025625 0.178959
0 0.503912 0.523328 0.029892 0.185628
0 0.477222 0.509328 0.037723 0.205669
0 0.424908 0.509318 0.028468 0.216324
0 0.401422 0.509983 0.025625 0.198980
0 0.377222 0.497304 0.034162 0.200311
0 0.341989 0.492632 0.046263 0.198980
0 0.311742 0.451264 0.054094 0.161608
0 0.286831 0.397885 0.031319 0.113568
0 0.256580 0.634159 0.046263 0.105426
0 0.294305 0.685537 0.071888 0.144128
0 0.336297 0.676196 0.083276 0.205514
0 0.373663 0.719568 0.055514 0.174824
0 0.407115 0.705557 0.052667 0.197507