0 0.672795 0.400709 0.066324 0.143851
0 0.615335 0.680916 0.074706 0.112061
0 0.329472 0.397057 0.055283 0.141412
0 0.360654 0.464047 0.053986 0.192568
0 0.408726 0.425071 0.046187 0.129236
0 0.393137 0.520686 0.040991 0.132885
0 0.420095 0.543824 0.041640 0.118270
0 0.446728 0.412280 0.049434 0.235196
0 0.438283 0.563318 0.032544 0.089041
0 0.468523 0.513375 0.038328 0.205966
0 0.488337 0.524946 0.037676 0.216932
0 0.516919 0.510943 0.027286 0.249818
0 0.538000 0.510328 0.043589 0.212047
0 0.560735 0.484247 0.037095 0.220385
0 0.604584 0.443949 0.042941 0.113399
0 0.613031 0.536520 0.039041 0.106095
0 0.643885 0.465872 0.057881 0.208405
0 0.717326 0.690051 0.073405 0.142507
0 0.670227 0.706497 0.101341 0.194885
0 0.620858 0.777750 0.054566 0.108405
0 0.582856 0.752172 0.037027 0.183926
0 0.550373 0.777142 0.040926 0.219243
0 0.530236 0.729027 0.037027 0.188797
0 0.510750 0.735118 0.029232 0.193669
0 0.489310 0.720500 0.025337 0.171743
0 0.468198 0.721111 0.027286 0.168088
0 0.442539 0.750953 0.037027 0.213149
0 0.419151 0.740601 0.042223 0.199757
0 0.385371 0.769226 0.051319 0.140074
0 0.386022 0.672392 0.042227 0.107189
0 0.336002 0.691209 0.105885 0.198662
0 0.278186 0.682743 0.073409 0.142514
0 0.585095 0.515203 0.039041 0.153595