0 0.441238 0.475618 0.046123 0.244939
0 0.773485 0.577385 0.061132 0.119365
0 0.651065 0.446993 0.052616 0.216932
0 0.688416 0.682743 0.080551 0.198541
0 0.587371 0.456736 0.055283 0.226676
0 0.566906 0.458568 0.035146 0.227892
0 0.711121 0.325193 0.072822 0.107304
0 0.537676 0.492669 0.039041 0.198662
0 0.678966 0.392186 0.063077 0.148723
0 0.386670 0.484142 0.043524 0.218149
0 0.249247 0.701014 0.081917 0.157122
0 0.435034 0.718676 0.048137 0.224122
0 0.323984 0.394618 0.071456 0.177953
0 0.467225 0.694318 0.048721 0.153473
0 0.403204 0.716236 0.046840 0.199757
0 0.364551 0.720503 0.052685 0.203412
0 0.304787 0.705885 0.095557 0.205851
0 0.217414 0.619405 0.063730 0.132770
0 0.487362 0.689443 0.034429 0.151034
0 0.510391 0.689443 0.027348 0.180264
0 0.345422 0.463439 0.059766 0.227892
0 0.462353 0.496324 0.028584 0.215716
0 0.534103 0.693098 0.037092 0.170520
0 0.487005 0.495108 0.033845 0.210838
0 0.564308 0.701622 0.042937 0.224122
0 0.521759 0.506071 0.030595 0.205966
0 0.414604 0.478662 0.050022 0.236419
0 0.595847 0.691267 0.055218 0.196101
0 0.636773 0.692486 0.052616 0.188797
0 0.282377 0.344679 0.065027 0.165777
0 0.616959 0.448209 0.038977 0.199878
0 0.737755 0.662037 0.068923 0.171736