0 0.353378 0.710230 0.067614 0.212189
0 0.440924 0.441922 0.050533 0.180291
0 0.390389 0.561361 0.053384 0.117574
0 0.300353 0.690209 0.061211 0.134784
0 0.636295 0.716233 0.095373 0.192169
0 0.628112 0.517324 0.076159 0.168284
0 0.696795 0.712895 0.088256 0.142791
0 0.386119 0.785625 0.043416 0.106764
0 0.420993 0.792297 0.039146 0.114770
0 0.595726 0.800307 0.049823 0.112101
0 0.446616 0.825662 0.040569 0.173486
0 0.474732 0.746926 0.025622 0.157473
0 0.501420 0.756267 0.034876 0.208182
0 0.642703 0.717568 0.101067 0.186838
0 0.578645 0.716899 0.049823 0.156135
0 0.529535 0.758270 0.044130 0.174824
0 0.567969 0.822328 0.055514 0.177493
0 0.553023 0.583378 0.029895 0.097554
0 0.455157 0.712230 0.034876 0.125446
0 0.569393 0.575375 0.037013 0.105561
0 0.650175 0.409892 0.070461 0.174959
0 0.595014 0.570703 0.048400 0.114905
0 0.509605 0.535338 0.037013 0.223000
0 0.415656 0.480625 0.038432 0.137588
0 0.338787 0.431247 0.055514 0.140264
0 0.536297 0.839676 0.033452 0.148135
0 0.570816 0.526666 0.048400 0.072196
0 0.430957 0.704220 0.036299 0.101426
0 0.354445 0.501976 0.054094 0.172291
0 0.399286 0.693544 0.055517 0.090750
0 0.398575 0.455267 0.038432 0.158939
0 0.524908 0.499307 0.054804 0.196304
0 0.482560 0.532003 0.031319 0.218993
0 0.549108 0.425909 0.041993 0.180291
0 0.460852 0.518655 0.030605 0.189635
0 0.439144 0.578041 0.024198 0.113568
0 0.594305 0.429912 0.039859 0.188297
0 0.412809 0.564699 0.046973 0.132250