0 0.532189 0.751125 0.029186 0.151291
0 0.396566 0.456517 0.041204 0.157885
0 0.469528 0.727787 0.027467 0.123926
0 0.510301 0.744689 0.030043 0.148068
0 0.422317 0.697209 0.036050 0.098176
0 0.383690 0.696405 0.075539 0.148068
0 0.638196 0.530551 0.074677 0.183642
0 0.352789 0.492730 0.061802 0.204554
0 0.727038 0.697209 0.075539 0.123932
0 0.417596 0.521699 0.035193 0.082236
0 0.411159 0.777682 0.032616 0.111054
0 0.565663 0.464568 0.048068 0.148230
0 0.485836 0.567571 0.039485 0.222264
0 0.442059 0.439618 0.048068 0.153061
0 0.413305 0.568372 0.035193 0.114432
0 0.339056 0.682723 0.077254 0.175432
0 0.490128 0.743078 0.034332 0.148074
0 0.436479 0.564351 0.036908 0.167541
0 0.671243 0.690770 0.097852 0.175432
0 0.523605 0.572395 0.039485 0.209385
0 0.578969 0.698818 0.036908 0.082081
0 0.368668 0.769632 0.047211 0.104615
0 0.444205 0.713304 0.030040 0.120703
0 0.675106 0.437203 0.079827 0.135351
0 0.319742 0.430764 0.062663 0.132135
0 0.563948 0.601365 0.030901 0.164324
0 0.607724 0.494338 0.036054 0.133743
0 0.456222 0.568375 0.036912 0.172372
0 0.586694 0.815503 0.047211 0.128750
0 0.436050 0.834818 0.046350 0.148068
0 0.606867 0.590101 0.054937 0.077419
0 0.636479 0.788946 0.050645 0.101392
0 0.546780 0.855740 0.054937 0.125534
0 0.276395 0.687554 0.072105 0.098176
0 0.583261 0.612632 0.031762 0.077412
0 0.556222 0.736642 0.030901 0.164162
0 0.618883 0.701230 0.051503 0.099784