0 0.393492 0.504851 0.040274 0.220581
0 0.418503 0.515203 0.026634 0.199878
0 0.688512 0.682726 0.067877 0.169277
0 0.642396 0.725473 0.081910 0.189324
0 0.595490 0.780794 0.039045 0.202196
0 0.575027 0.743034 0.033196 0.172959
0 0.545468 0.749125 0.031247 0.216804
0 0.522733 0.736943 0.028645 0.204628
0 0.504542 0.734507 0.022151 0.190014
0 0.483431 0.739990 0.025398 0.213155
0 0.448386 0.533473 0.025333 0.190135
0 0.475995 0.524341 0.031182 0.223020
0 0.503895 0.534084 0.028649 0.215709
0 0.530205 0.524949 0.034494 0.195007
0 0.563009 0.517639 0.029946 0.197439
0 0.438609 0.739382 0.033196 0.207061
0 0.407103 0.752169 0.035142 0.200973
0 0.376247 0.739382 0.046187 0.185142
0 0.332193 0.711520 0.088818 0.192635
0 0.276854 0.736338 0.070876 0.183919
0 0.238852 0.649855 0.044241 0.120588
0 0.588993 0.518250 0.041640 0.191351
0 0.462968 0.744861 0.026050 0.213155
0 0.620825 0.515203 0.031243 0.199878
0 0.653957 0.506676 0.053333 0.199878
0 0.684488 0.453084 0.059831 0.156034
0 0.708523 0.387314 0.053333 0.104872
0 0.738730 0.658990 0.039694 0.124236
0 0.275589 0.360514 0.063013 0.138973
0 0.296375 0.425679 0.059114 0.176736
0 0.334054 0.491453 0.063013 0.210838
0 0.366533 0.513986 0.034429 0.185257