0 0.624398 0.517030 0.030598 0.184047
0 0.302189 0.442733 0.042288 0.179169
0 0.341490 0.471963 0.040342 0.157250
0 0.398332 0.509111 0.038393 0.195007
0 0.426914 0.525557 0.046187 0.186480
0 0.451924 0.526777 0.037744 0.208405
0 0.474337 0.536520 0.031895 0.193784
0 0.499348 0.550527 0.032548 0.192568
0 0.524032 0.554179 0.032548 0.197439
0 0.551317 0.545044 0.027348 0.186480
0 0.575027 0.524338 0.033196 0.208405
0 0.600688 0.515203 0.033845 0.190135
0 0.653957 0.493280 0.048137 0.185264
0 0.685787 0.473182 0.053333 0.169432
0 0.695856 0.408628 0.061780 0.147500
0 0.750132 0.620625 0.055867 0.115709
0 0.712778 0.660821 0.066912 0.105966
0 0.675101 0.699797 0.085099 0.174176
0 0.632227 0.729027 0.063013 0.171743
0 0.602342 0.738162 0.063013 0.172959
0 0.572786 0.739382 0.050667 0.163209
0 0.543877 0.737554 0.039625 0.144946
0 0.517569 0.735726 0.031182 0.138858
0 0.497072 0.738774 0.026699 0.149818
0 0.473686 0.747905 0.033196 0.163216
0 0.443155 0.743645 0.033193 0.169304
0 0.413598 0.739993 0.045539 0.164432
0 0.373647 0.721720 0.060476 0.164439
0 0.327849 0.684571 0.087114 0.168088
0 0.282377 0.648639 0.079319 0.159561
0 0.234955 0.632804 0.053333 0.101095