0 0.294849 0.414672 0.067809 0.167547
0 0.288411 0.682726 0.061802 0.136804
0 0.346780 0.693182 0.085834 0.228541
0 0.401286 0.657777 0.054076 0.096568
0 0.477681 0.693186 0.028328 0.154507
0 0.499998 0.698014 0.021459 0.177041
0 0.521459 0.696405 0.024894 0.160946
0 0.540342 0.698818 0.030040 0.146459
0 0.560515 0.672253 0.024036 0.103020
0 0.587982 0.672260 0.046350 0.138412
0 0.571672 0.801824 0.061802 0.178649
0 0.599141 0.774463 0.049784 0.120709
0 0.631759 0.763196 0.042919 0.094959
0 0.671674 0.683527 0.090130 0.199568
0 0.722746 0.681115 0.077254 0.127149
0 0.693562 0.432375 0.065236 0.135358
0 0.651932 0.489510 0.062659 0.217439
0 0.614162 0.532162 0.055791 0.128919
0 0.584548 0.549865 0.044634 0.112824
0 0.583692 0.452497 0.056652 0.140182
0 0.566523 0.371216 0.061802 0.193297
0 0.563517 0.541818 0.035193 0.138568
0 0.530041 0.484682 0.036912 0.230311
0 0.510730 0.495949 0.041200 0.236750
0 0.479827 0.499973 0.034335 0.231919
0 0.453218 0.497557 0.036050 0.201345
0 0.432189 0.538598 0.048926 0.154669
0 0.408582 0.536186 0.039485 0.120872
0 0.376823 0.516872 0.060083 0.146622
0 0.425321 0.379264 0.055795 0.190081
0 0.406007 0.443642 0.051503 0.132135
0 0.369099 0.431571 0.053218 0.136966
0 0.329184 0.464564 0.054079 0.228696
0 0.432618 0.665020 0.032616 0.104608
0 0.455364 0.670652 0.031759 0.119101
0 0.385836 0.759172 0.062663 0.128750
0 0.425751 0.757561 0.042919 0.128757
0 0.457510 0.779291 0.046350 0.162554
0 0.612874 0.675483 0.039485 0.122318