0 0.614330 0.808142 0.040342 0.091473
0 0.554596 0.802111 0.049373 0.152250
0 0.489634 0.744865 0.041575 0.144946
0 0.460728 0.687618 0.035726 0.066993
0 0.521467 0.752172 0.038977 0.157128
0 0.345387 0.715024 0.072822 0.104750
0 0.231380 0.718068 0.059178 0.120581
0 0.393135 0.730247 0.050083 0.120588
0 0.334020 0.805767 0.056580 0.103534
0 0.429514 0.722331 0.039690 0.129108
0 0.748800 0.710757 0.049434 0.115716
0 0.706607 0.748517 0.075355 0.152250
0 0.619526 0.613865 0.042937 0.126797
0 0.592241 0.621172 0.040339 0.112182
0 0.617577 0.545655 0.041640 0.107311
0 0.279452 0.527993 0.059178 0.162122
0 0.652038 0.725314 0.071456 0.142628
0 0.657204 0.797787 0.042941 0.087818
0 0.370400 0.552963 0.038393 0.078074
0 0.383067 0.473791 0.054631 0.119486
0 0.719568 0.467091 0.053333 0.113399
0 0.686112 0.530429 0.063077 0.147507
0 0.365850 0.630307 0.040991 0.093912
0 0.645510 0.527993 0.053333 0.096351
0 0.330771 0.520686 0.057881 0.106088
0 0.400281 0.618128 0.052685 0.145068
0 0.651683 0.614473 0.053982 0.091473
0 0.389238 0.816118 0.055283 0.104750
0 0.279778 0.749733 0.075420 0.152250
0 0.462969 0.773486 0.049434 0.099878
0 0.567557 0.535301 0.049434 0.137764
0 0.559112 0.631527 0.035146 0.081730
0 0.602636 0.488409 0.045539 0.112182
0 0.425292 0.537132 0.054634 0.131669
0 0.246647 0.474399 0.052032 0.110959
0 0.528162 0.575142 0.059178 0.190135
0 0.575676 0.730189 0.029297 0.145068
0 0.608807 0.730794 0.048786 0.121926
0 0.324602 0.605338 0.062429 0.121919
0 0.427564 0.859966 0.050083 0.138851
0 0.581849 0.859905 0.039041 0.121919
0 0.543521 0.691818 0.027351 0.085378
0 0.470764 0.573669 0.061132 0.153595