0 0.461802 0.451689 0.027467 0.225486
0 0.484548 0.455709 0.033477 0.230311
0 0.514162 0.448470 0.036050 0.225480
0 0.543348 0.438814 0.034335 0.251236
0 0.565234 0.450078 0.031759 0.235142
0 0.587124 0.443639 0.032620 0.238358
0 0.611587 0.433179 0.031759 0.249628
0 0.653218 0.440422 0.053218 0.219047
0 0.687123 0.417889 0.048926 0.186858
0 0.713305 0.353510 0.061802 0.170764
0 0.657941 0.648443 0.091845 0.199574
0 0.346351 0.637980 0.090130 0.210838
0 0.504721 0.658101 0.036050 0.196351
0 0.305150 0.602574 0.090126 0.178649
0 0.691845 0.605791 0.072101 0.197959
0 0.414162 0.658905 0.052360 0.214054
0 0.522317 0.671780 0.045492 0.217277
0 0.463519 0.658098 0.039485 0.189912
0 0.393560 0.635568 0.054076 0.177041
0 0.732618 0.518078 0.066094 0.167385
0 0.252359 0.554774 0.075535 0.154507
0 0.551072 0.688679 0.037769 0.251074
0 0.603004 0.658905 0.042058 0.197959
0 0.442488 0.674193 0.040342 0.202791
0 0.573820 0.664537 0.043777 0.215669
0 0.484550 0.658905 0.036912 0.197959
0 0.320600 0.410649 0.079831 0.191689
0 0.357939 0.421111 0.070386 0.222264
0 0.302144 0.343132 0.077254 0.123926
0 0.410730 0.429159 0.040342 0.270547
0 0.386694 0.429959 0.047211 0.243189
0 0.436910 0.448470 0.037769 0.270547