0 0.558416 0.678976 0.037676 0.229885
0 0.446987 0.695139 0.033204 0.221507
0 0.385683 0.677780 0.056195 0.217912
0 0.509886 0.429338 0.036400 0.255027
0 0.345454 0.656230 0.084292 0.210730
0 0.421124 0.701128 0.041506 0.255027
0 0.469016 0.668801 0.046616 0.197561
0 0.511164 0.676581 0.027459 0.237068
0 0.532236 0.678378 0.024905 0.231081
0 0.597371 0.668801 0.075989 0.202345
0 0.668571 0.324571 0.076631 0.146074
0 0.638876 0.635875 0.102811 0.203547
0 0.687409 0.601149 0.102811 0.201149
0 0.737537 0.566429 0.061301 0.134101
0 0.571189 0.423946 0.051726 0.237068
0 0.631854 0.408382 0.087485 0.186777
0 0.600564 0.430534 0.063218 0.197554
0 0.531279 0.435324 0.037038 0.219108
0 0.552989 0.434125 0.035759 0.245453
0 0.300436 0.622105 0.086205 0.204736
0 0.401968 0.437118 0.028735 0.244250
0 0.465505 0.436520 0.047254 0.252635
0 0.491049 0.431132 0.043423 0.263412
0 0.438686 0.438916 0.040868 0.235872
0 0.421124 0.437118 0.042782 0.256223
0 0.337793 0.414372 0.066411 0.210730
0 0.374829 0.428128 0.048533 0.223878
0 0.305223 0.339537 0.061301 0.140088
0 0.254778 0.589777 0.057470 0.135297
0 0.496157 0.675385 0.020436 0.205932
0 0.482108 0.670598 0.031928 0.203547