0 0.613465 0.634645 0.089647 0.221682
0 0.422827 0.426686 0.059182 0.238858
0 0.506202 0.644983 0.038328 0.188791
0 0.513962 0.415328 0.042288 0.260777
0 0.564632 0.418980 0.042288 0.216932
0 0.436659 0.420804 0.047488 0.227892
0 0.384041 0.434206 0.055283 0.210845
0 0.264836 0.585301 0.066328 0.157128
0 0.450951 0.654118 0.029297 0.204628
0 0.566614 0.646203 0.047420 0.230203
0 0.488953 0.417760 0.045539 0.277831
0 0.732234 0.582253 0.081268 0.168088
0 0.670845 0.607834 0.063730 0.214372
0 0.315831 0.609054 0.078667 0.207068
0 0.536050 0.426895 0.055279 0.242507
0 0.546151 0.646811 0.042876 0.197324
0 0.468849 0.662645 0.032479 0.214372
0 0.488977 0.652307 0.041593 0.213128
0 0.431139 0.643767 0.033845 0.196101
0 0.284649 0.342243 0.057881 0.156027
0 0.524065 0.660821 0.029881 0.205845
0 0.636867 0.637041 0.065611 0.219243
0 0.312908 0.414108 0.057232 0.182824
0 0.402229 0.641939 0.046187 0.207068
0 0.358056 0.627932 0.081265 0.203405
0 0.714384 0.354669 0.065214 0.126811
0 0.616378 0.407351 0.061132 0.235203
0 0.684987 0.411514 0.076721 0.186541
0 0.596858 0.417949 0.062429 0.221804
0 0.644411 0.412919 0.087762 0.185257
0 0.461020 0.419588 0.053333 0.271743
0 0.349611 0.412892 0.061780 0.199878