0 0.575966 0.689966 0.037769 0.206014
0 0.487124 0.439618 0.035193 0.223872
0 0.513733 0.458125 0.033477 0.238358
0 0.290986 0.355926 0.058368 0.136959
0 0.538625 0.453301 0.030043 0.222264
0 0.608155 0.433983 0.052360 0.251236
0 0.582404 0.429159 0.042061 0.254453
0 0.675106 0.433179 0.081542 0.175588
0 0.702144 0.351902 0.061802 0.090291
0 0.383690 0.461345 0.054933 0.244797
0 0.511587 0.680311 0.027470 0.215662
0 0.751932 0.603057 0.068670 0.135196
0 0.528326 0.674676 0.023175 0.207622
0 0.249357 0.642490 0.057510 0.140020
0 0.703432 0.630416 0.093560 0.186696
0 0.352789 0.690770 0.070386 0.214054
0 0.450213 0.689159 0.024894 0.220493
0 0.352789 0.453297 0.054933 0.219041
0 0.645065 0.440422 0.048926 0.196507
0 0.438627 0.458932 0.036050 0.227095
0 0.304721 0.449287 0.061802 0.246426
0 0.563948 0.441226 0.030901 0.236750
0 0.608155 0.683527 0.052360 0.199568
0 0.461802 0.450081 0.036050 0.248014
0 0.396566 0.698014 0.037766 0.196351
0 0.493562 0.682723 0.020602 0.201176
0 0.549786 0.675483 0.030043 0.202791
0 0.472960 0.689162 0.027470 0.214054
0 0.302575 0.660997 0.074677 0.189912
0 0.426180 0.702845 0.036908 0.212446
0 0.415879 0.457321 0.054079 0.233534
0 0.652789 0.665020 0.095279 0.197959