0 0.688710 0.454912 0.069571 0.188919
0 0.437310 0.730858 0.044890 0.236297
0 0.753672 0.627932 0.064375 0.132770
0 0.349935 0.699186 0.105305 0.231426
0 0.417820 0.445777 0.061780 0.233986
0 0.563659 0.481098 0.035146 0.238858
0 0.645535 0.465872 0.067575 0.218149
0 0.446404 0.494497 0.050083 0.280264
0 0.471739 0.489625 0.047485 0.238858
0 0.491227 0.710760 0.030598 0.203412
0 0.529553 0.725986 0.038393 0.226554
0 0.373353 0.495108 0.045474 0.208405
0 0.501295 0.481709 0.054634 0.262000
0 0.714045 0.394010 0.073474 0.120709
0 0.465892 0.712584 0.031899 0.207061
0 0.699103 0.658993 0.072173 0.228986
0 0.415548 0.738774 0.054634 0.266750
0 0.651031 0.688834 0.073470 0.237520
0 0.340923 0.483017 0.061067 0.213277
0 0.579899 0.713196 0.061132 0.227770
0 0.611732 0.697970 0.050735 0.221682
0 0.555539 0.715020 0.038393 0.236297
0 0.393459 0.487797 0.054631 0.218149
0 0.509092 0.725986 0.035142 0.236297
0 0.259964 0.648030 0.070876 0.148601
0 0.304787 0.666909 0.081265 0.203412
0 0.586721 0.480490 0.048786 0.240074
0 0.279452 0.397666 0.057881 0.132885
0 0.301897 0.470747 0.059766 0.171858
0 0.532479 0.497544 0.039041 0.223020