0 0.756270 0.715020 0.068274 0.160784
0 0.495124 0.737554 0.037095 0.191230
0 0.526308 0.718064 0.026699 0.179047
0 0.552623 0.738787 0.031229 0.205818
0 0.575384 0.812466 0.040274 0.146162
0 0.579932 0.693098 0.033780 0.138858
0 0.613386 0.707713 0.040926 0.146169
0 0.621506 0.791084 0.042876 0.123142
0 0.664382 0.783777 0.044173 0.101216
0 0.658211 0.690662 0.064314 0.133986
0 0.703975 0.708946 0.066328 0.214405
0 0.721706 0.444797 0.058786 0.117162
0 0.684486 0.507287 0.071524 0.198655
0 0.649083 0.476838 0.051384 0.091473
0 0.649733 0.568797 0.056584 0.092689
0 0.624074 0.579149 0.041640 0.084162
0 0.592243 0.559662 0.036443 0.169432
0 0.620499 0.493889 0.040991 0.093912
0 0.538973 0.533473 0.045535 0.207189
0 0.611762 0.417764 0.072757 0.143851
0 0.576683 0.513986 0.055867 0.143851
0 0.490578 0.522514 0.046187 0.233986
0 0.440557 0.497544 0.046187 0.203534
0 0.352533 0.565142 0.062429 0.151162
0 0.402553 0.425071 0.080616 0.138980
0 0.348312 0.465267 0.052681 0.141412
0 0.312908 0.518858 0.067625 0.197446
0 0.270683 0.454301 0.062425 0.158466
0 0.408726 0.574889 0.050086 0.148723
0 0.236578 0.721111 0.066973 0.148601
0 0.297966 0.715632 0.085813 0.203412
0 0.347013 0.697358 0.066977 0.137635
0 0.399957 0.702838 0.059827 0.126676
0 0.384041 0.510331 0.061777 0.102432
0 0.435036 0.694926 0.041640 0.147378
0 0.341490 0.799064 0.046836 0.097439
0 0.468652 0.722328 0.032872 0.187574
0 0.388914 0.806372 0.045539 0.136419
0 0.438933 0.832561 0.049434 0.171743