0 0.386670 0.534084 0.052620 0.069547
0 0.407135 0.459172 0.053268 0.168209
0 0.434712 0.447601 0.026699 0.201095
0 0.418146 0.671780 0.032544 0.157128
0 0.373323 0.731463 0.058530 0.157128
0 0.258341 0.594436 0.049438 0.107182
0 0.436986 0.544439 0.031247 0.073203
0 0.462643 0.472571 0.020205 0.214493
0 0.528580 0.493280 0.033845 0.168209
0 0.574378 0.539564 0.028000 0.070764
0 0.603611 0.497544 0.043589 0.110966
0 0.684486 0.324584 0.058530 0.115831
0 0.652040 0.639503 0.101341 0.185142
0 0.602960 0.615142 0.044890 0.065770
0 0.525982 0.668125 0.027351 0.149818
0 0.467841 0.663865 0.024101 0.138851
0 0.446404 0.666297 0.031899 0.155905
0 0.385697 0.433598 0.037679 0.160899
0 0.282050 0.666909 0.073470 0.152250
0 0.741328 0.598091 0.051384 0.107182
0 0.660450 0.375740 0.078018 0.159682
0 0.598413 0.384267 0.042288 0.174304
0 0.386962 0.631588 0.053333 0.081608
0 0.339216 0.653510 0.074771 0.176615
0 0.700760 0.658993 0.079250 0.165649
0 0.616634 0.707105 0.077305 0.147385
0 0.571456 0.668736 0.039041 0.155905
0 0.545503 0.679696 0.044173 0.180270
0 0.508117 0.659601 0.027996 0.125459
0 0.485705 0.662037 0.027351 0.137642
0 0.325283 0.398882 0.074054 0.142628
0 0.345422 0.471963 0.051968 0.176736
0 0.557486 0.525557 0.030598 0.096345
0 0.634467 0.467703 0.068926 0.153595
0 0.555245 0.434814 0.036378 0.177953
0 0.509744 0.464047 0.027344 0.221797
0 0.483106 0.470139 0.026047 0.214493
0 0.419146 0.541159 0.028000 0.067115