0 0.647497 0.507760 0.058750 0.196358
0 0.347369 0.500574 0.049809 0.198757
0 0.485620 0.731061 0.023629 0.197554
0 0.286067 0.386233 0.048530 0.125723
0 0.311290 0.489801 0.067049 0.172412
0 0.484982 0.532905 0.033841 0.208338
0 0.408034 0.525723 0.039593 0.189176
0 0.383449 0.525723 0.032569 0.177203
0 0.437728 0.519132 0.027456 0.223899
0 0.461674 0.525122 0.031932 0.207135
0 0.555223 0.508959 0.055557 0.256230
0 0.510205 0.539490 0.039589 0.202345
0 0.536386 0.524524 0.030652 0.203547
0 0.607906 0.509557 0.061305 0.197561
0 0.588429 0.526919 0.040231 0.201149
0 0.586195 0.722078 0.051085 0.181993
0 0.715186 0.404791 0.056195 0.098176
0 0.684535 0.485608 0.077906 0.192770
0 0.470294 0.739439 0.031290 0.216716
0 0.687407 0.677182 0.095146 0.173608
0 0.626106 0.708909 0.081099 0.184385
0 0.537025 0.735250 0.029373 0.213122
0 0.561928 0.743030 0.037038 0.223899
0 0.516912 0.742436 0.027459 0.208331
0 0.502542 0.732858 0.026822 0.198757
0 0.264995 0.628091 0.048533 0.104169
0 0.399094 0.716091 0.043420 0.196358
0 0.445070 0.743034 0.039589 0.226297
0 0.425276 0.734054 0.037038 0.220311
0 0.308097 0.665807 0.070883 0.150858
0 0.355670 0.707713 0.071521 0.196358