0 0.528905 0.542000 0.029297 0.192568
0 0.581198 0.523118 0.031247 0.223020
0 0.516236 0.736334 0.022151 0.169304
0 0.452575 0.540784 0.028645 0.199878
0 0.647784 0.744253 0.070876 0.216804
0 0.497074 0.736338 0.022804 0.164432
0 0.506818 0.540780 0.033196 0.212061
0 0.609780 0.768615 0.033845 0.165649
0 0.359355 0.742426 0.073470 0.193662
0 0.426591 0.476834 0.033845 0.176736
0 0.427888 0.764351 0.039041 0.164432
0 0.534751 0.731466 0.027996 0.171743
0 0.579249 0.750345 0.032544 0.192446
0 0.382741 0.545652 0.037092 0.185264
0 0.556187 0.503635 0.034494 0.254689
0 0.476935 0.539564 0.035795 0.219372
0 0.316481 0.482926 0.047485 0.125581
0 0.664674 0.453084 0.070876 0.126791
0 0.457804 0.766787 0.032479 0.188791
0 0.397359 0.748517 0.049434 0.164439
0 0.406128 0.535301 0.039694 0.205966
0 0.636742 0.516422 0.057881 0.192574
0 0.480867 0.741818 0.035730 0.163216
0 0.346038 0.535909 0.052032 0.187696
0 0.311609 0.718676 0.065027 0.160784
0 0.697804 0.704669 0.069575 0.154689
0 0.552616 0.757652 0.024750 0.202196
0 0.604259 0.527993 0.037095 0.193784
0 0.431463 0.593159 0.030595 0.087818