0 0.600883 0.609534 0.043423 0.074230
0 0.411546 0.413770 0.088764 0.185581
0 0.399094 0.774162 0.047254 0.108959
0 0.426870 0.577203 0.050447 0.129311
0 0.407715 0.608932 0.030011 0.065851
0 0.448584 0.513149 0.046616 0.118541
0 0.399095 0.531105 0.056195 0.106561
0 0.441559 0.712500 0.038951 0.165230
0 0.409629 0.687956 0.046616 0.094588
0 0.359822 0.722679 0.093870 0.197561
0 0.546283 0.656824 0.032566 0.063459
0 0.295326 0.738243 0.061939 0.120932
0 0.563205 0.535297 0.039593 0.095784
0 0.599924 0.518534 0.040231 0.129311
0 0.573423 0.701128 0.035762 0.159243
0 0.369719 0.543081 0.057470 0.199946
0 0.586195 0.438916 0.045975 0.154453
0 0.550755 0.598159 0.026180 0.080223
0 0.576937 0.816666 0.053002 0.124520
0 0.597050 0.677179 0.034483 0.085007
0 0.522658 0.719088 0.033841 0.168824
0 0.320551 0.528713 0.067690 0.132899
0 0.545326 0.754405 0.043423 0.153257
0 0.468059 0.659818 0.034483 0.083811
0 0.496476 0.725672 0.028735 0.181993
0 0.468380 0.756203 0.044061 0.144878
0 0.625467 0.557449 0.064497 0.176007
0 0.668250 0.520932 0.074714 0.138892
0 0.700818 0.737645 0.067049 0.129304
0 0.642389 0.719088 0.077903 0.168824
0 0.608227 0.762189 0.054277 0.101770
0 0.428467 0.807689 0.047254 0.120932
0 0.578852 0.589774 0.036400 0.130507
0 0.527128 0.501176 0.040231 0.142486
0 0.482427 0.504764 0.049171 0.159243
0 0.491368 0.604743 0.036400 0.067054
0 0.468699 0.596959 0.030652 0.077824