0 0.677360 0.450517 0.056299 0.129642
0 0.427541 0.471848 0.061676 0.149020
0 0.307712 0.473784 0.056288 0.123378
0 0.409539 0.723956 0.037369 0.152534
0 0.540847 0.543919 0.025910 0.179865
0 0.485892 0.550669 0.033333 0.194581
0 0.461728 0.561446 0.032306 0.176959
0 0.443022 0.750625 0.031391 0.176642
0 0.470941 0.752274 0.027272 0.181101
0 0.490092 0.748037 0.023492 0.158534
0 0.510288 0.754182 0.017593 0.168230
0 0.528382 0.734456 0.024180 0.171466
0 0.555133 0.662696 0.023110 0.047216
0 0.581162 0.665601 0.031081 0.042689
0 0.586164 0.748358 0.041085 0.135892
0 0.624989 0.742247 0.039326 0.130007
0 0.659656 0.697622 0.072097 0.170108
0 0.702777 0.695030 0.050706 0.130007
0 0.739418 0.634419 0.040703 0.095081
0 0.371735 0.768422 0.039384 0.117507
0 0.335514 0.722348 0.071604 0.182736
0 0.280467 0.726922 0.061517 0.116426
0 0.233178 0.666821 0.048007 0.108345
0 0.342474 0.534331 0.052984 0.185500
0 0.384076 0.547135 0.036843 0.167649
0 0.406223 0.547527 0.044706 0.187054
0 0.444095 0.592926 0.045957 0.085365
0 0.516726 0.575946 0.028746 0.155946
0 0.570991 0.442601 0.041225 0.169257
0 0.564973 0.542088 0.030220 0.103230
0 0.592499 0.547514 0.034771 0.157541
0 0.619407 0.542480 0.030634 0.144365
0 0.554081 0.759389 0.023146 0.152642
0 0.654378 0.523865 0.048432 0.173892