0 0.344771 0.443338 0.061067 0.190135
0 0.662434 0.643764 0.094843 0.191230
0 0.378227 0.452476 0.039625 0.210845
0 0.483431 0.478662 0.034494 0.212054
0 0.292769 0.612706 0.076717 0.165655
0 0.456796 0.476838 0.024101 0.218149
0 0.501622 0.703453 0.028000 0.181486
0 0.512989 0.471963 0.035146 0.220588
0 0.617609 0.665693 0.085748 0.169304
0 0.482782 0.703449 0.037095 0.203412
0 0.646485 0.427507 0.061777 0.182824
0 0.383715 0.683959 0.074119 0.164432
0 0.291795 0.318493 0.061780 0.135324
0 0.581879 0.678480 0.061063 0.180270
0 0.556870 0.694314 0.042223 0.160777
0 0.677341 0.386095 0.078018 0.175514
0 0.712778 0.610274 0.081204 0.168088
0 0.610431 0.428115 0.044241 0.208405
0 0.753705 0.553024 0.066912 0.129115
0 0.582823 0.431159 0.051384 0.221804
0 0.243076 0.563983 0.069575 0.121804
0 0.335969 0.659601 0.104652 0.196108
0 0.533777 0.469527 0.040339 0.210838
0 0.427240 0.710152 0.049434 0.194885
0 0.520459 0.703449 0.026699 0.176615
0 0.429838 0.459784 0.037744 0.227892
0 0.408400 0.451865 0.039041 0.229108
0 0.699753 0.304486 0.060479 0.119486
0 0.453225 0.713804 0.044238 0.190014
0 0.311641 0.409831 0.079254 0.166959
0 0.559438 0.432378 0.048786 0.243730
0 0.534427 0.676044 0.032544 0.187574