0 0.585095 0.580980 0.035142 0.090257
0 0.581414 0.508139 0.038389 0.103655
0 0.556530 0.446497 0.037643 0.171642
0 0.562360 0.584024 0.028649 0.103655
0 0.534784 0.537189 0.037027 0.214378
0 0.512914 0.540172 0.030966 0.220588
0 0.483139 0.537736 0.028584 0.210838
0 0.460728 0.532257 0.035726 0.214500
0 0.378843 0.564534 0.033196 0.132892
0 0.606209 0.472574 0.039690 0.119486
0 0.408402 0.571233 0.023449 0.131669
0 0.560784 0.672091 0.029171 0.095426
0 0.413923 0.677260 0.046187 0.095007
0 0.382742 0.674824 0.063077 0.126676
0 0.328499 0.686399 0.094908 0.191230
0 0.277503 0.672493 0.066977 0.109622
0 0.364906 0.774368 0.053272 0.121128
0 0.407427 0.758868 0.044886 0.114493
0 0.423342 0.812463 0.066324 0.151034
0 0.437308 0.697970 0.028000 0.114493
0 0.459557 0.736338 0.029946 0.162000
0 0.479533 0.738162 0.030598 0.146162
0 0.498697 0.747301 0.026050 0.159561
0 0.519485 0.727811 0.027351 0.130324
0 0.544495 0.708321 0.031895 0.142507
0 0.587371 0.663253 0.051384 0.096223
0 0.538357 0.820382 0.042876 0.149818
0 0.565641 0.755216 0.041575 0.082824
0 0.604618 0.778358 0.050670 0.116932
0 0.639371 0.701014 0.083802 0.210716
0 0.694589 0.686399 0.069510 0.130324
0 0.670305 0.452828 0.071521 0.131669
0 0.607506 0.565142 0.043589 0.090257
0 0.428541 0.575497 0.028649 0.125574
0 0.434712 0.457959 0.051384 0.163338
0 0.407751 0.476230 0.040339 0.153595
0 0.380791 0.470747 0.046187 0.132885
0 0.343764 0.515203 0.053986 0.180392
0 0.313559 0.449432 0.066324 0.136541
0 0.641937 0.515703 0.060479 0.174514