0 0.710728 0.393747 0.061802 0.186858
0 0.525321 0.422720 0.046353 0.270547
0 0.591845 0.414672 0.045492 0.235142
0 0.650214 0.417889 0.030043 0.238358
0 0.674677 0.449274 0.049787 0.191682
0 0.681115 0.657777 0.091845 0.199568
0 0.745065 0.627199 0.090987 0.170601
0 0.507724 0.637659 0.030043 0.168993
0 0.573818 0.640071 0.047211 0.202791
0 0.601286 0.646510 0.052360 0.222101
0 0.551932 0.640074 0.051503 0.199568
0 0.529184 0.648122 0.038627 0.183473
0 0.472960 0.659389 0.039485 0.189912
0 0.492274 0.635247 0.045492 0.167385
0 0.449786 0.658581 0.039485 0.210838
0 0.421031 0.644098 0.043777 0.201182
0 0.339914 0.647314 0.080685 0.201182
0 0.568668 0.401794 0.045495 0.289858
0 0.300000 0.642486 0.079827 0.194743
0 0.391845 0.647318 0.045492 0.194743
0 0.252789 0.603057 0.078112 0.154507
0 0.504721 0.419497 0.046350 0.270547
0 0.343775 0.438007 0.048926 0.214216
0 0.273818 0.360757 0.054937 0.182027
0 0.297854 0.438010 0.054937 0.211007
0 0.470814 0.433179 0.050645 0.239966
0 0.419741 0.422720 0.042919 0.254453
0 0.366953 0.425936 0.057510 0.225480
0 0.396137 0.412257 0.045492 0.230311
0 0.446780 0.429963 0.040342 0.236750
0 0.633047 0.681115 0.045495 0.152892
0 0.624892 0.499973 0.036054 0.151446