0 0.587124 0.699622 0.046350 0.257514
0 0.611587 0.681919 0.048926 0.231757
0 0.649786 0.669044 0.073820 0.209223
0 0.695706 0.645706 0.107297 0.214061
0 0.737766 0.582939 0.095279 0.178649
0 0.777681 0.606277 0.080688 0.144851
0 0.710299 0.306838 0.079827 0.128919
0 0.678969 0.373632 0.078969 0.172372
0 0.659227 0.418693 0.061805 0.204561
0 0.618025 0.439615 0.058371 0.230311
0 0.589697 0.441226 0.061802 0.259277
0 0.566094 0.451689 0.055791 0.257676
0 0.536908 0.454105 0.052360 0.268939
0 0.510301 0.458929 0.055795 0.288250
0 0.466094 0.476632 0.024036 0.236750
0 0.488840 0.463760 0.045492 0.268939
0 0.443777 0.373628 0.051503 0.246405
0 0.442917 0.536182 0.039485 0.098338
0 0.411159 0.451686 0.048068 0.238358
0 0.371674 0.432375 0.058368 0.228696
0 0.323175 0.391334 0.059229 0.223872
0 0.242917 0.619152 0.058368 0.119101
0 0.294420 0.598226 0.084119 0.202791
0 0.341629 0.659385 0.113305 0.228541
0 0.390986 0.698818 0.066094 0.233365
0 0.430901 0.711693 0.046350 0.255899
0 0.469957 0.722155 0.054076 0.276824
0 0.502573 0.695598 0.069528 0.188304
0 0.518885 0.704453 0.038627 0.247851
0 0.536481 0.684331 0.030901 0.214054
0 0.559227 0.679503 0.031759 0.204399