0 0.403530 0.690659 0.056580 0.194885
0 0.364877 0.656554 0.075420 0.180270
0 0.322977 0.621841 0.077369 0.188791
0 0.275555 0.595655 0.048789 0.109622
0 0.493501 0.518858 0.027348 0.209622
0 0.379850 0.457348 0.058468 0.184047
0 0.344771 0.436642 0.067560 0.166986
0 0.318429 0.365997 0.043589 0.113399
0 0.475668 0.506068 0.034429 0.201095
0 0.459596 0.455402 0.033196 0.207182
0 0.430256 0.493736 0.044173 0.207189
0 0.409874 0.483534 0.048072 0.192568
0 0.516236 0.520686 0.026050 0.203534
0 0.533126 0.517030 0.026050 0.174304
0 0.553265 0.465267 0.032548 0.204750
0 0.576326 0.532865 0.031895 0.137757
0 0.592241 0.490236 0.033845 0.201095
0 0.626348 0.476230 0.050086 0.190135
0 0.654605 0.459172 0.068923 0.168209
0 0.679941 0.387311 0.055932 0.119486
0 0.722490 0.616970 0.052685 0.113277
0 0.675101 0.627932 0.070807 0.166865
0 0.636124 0.668736 0.076004 0.182703
0 0.598771 0.696142 0.044173 0.176608
0 0.567914 0.697358 0.038328 0.183919
0 0.546121 0.700405 0.027348 0.190014
0 0.525007 0.702233 0.026699 0.161993
0 0.511364 0.699794 0.027996 0.166872
0 0.497723 0.696142 0.022804 0.174176
0 0.480184 0.701622 0.020202 0.192446
0 0.460695 0.698578 0.025398 0.183926
0 0.434061 0.692490 0.035791 0.186358