0 0.528580 0.527990 0.049434 0.186480
0 0.433443 0.524338 0.042223 0.179176
0 0.467872 0.522510 0.031831 0.177953
0 0.405186 0.529213 0.033780 0.149939
0 0.509773 0.693098 0.033780 0.148601
0 0.645186 0.492064 0.042292 0.177953
0 0.318787 0.478662 0.054569 0.160905
0 0.498371 0.524949 0.038393 0.192574
0 0.370431 0.693095 0.042223 0.192446
0 0.325933 0.679091 0.079254 0.205845
0 0.226867 0.607834 0.060414 0.121804
0 0.358739 0.499980 0.044822 0.157243
0 0.280786 0.450649 0.068209 0.165770
0 0.281110 0.624889 0.076656 0.168088
0 0.463977 0.711368 0.031831 0.177831
0 0.536083 0.707716 0.035726 0.172959
0 0.596171 0.680307 0.050670 0.174182
0 0.715668 0.449429 0.066328 0.151155
0 0.556838 0.519466 0.039694 0.188919
0 0.714077 0.619405 0.078605 0.162000
0 0.261297 0.386155 0.053917 0.090135
0 0.385371 0.505459 0.042223 0.173081
0 0.616277 0.501199 0.044238 0.176736
0 0.728661 0.369652 0.061128 0.106088
0 0.623456 0.676652 0.054566 0.183926
0 0.400962 0.696750 0.038328 0.187581
0 0.435393 0.707713 0.040926 0.185142
0 0.487038 0.708932 0.029881 0.165649
0 0.564991 0.698578 0.044173 0.174182
0 0.669578 0.656557 0.081852 0.175399
0 0.756919 0.595044 0.053982 0.123020
0 0.678315 0.478662 0.051384 0.160905
0 0.588344 0.515814 0.045539 0.196223