0 0.570386 0.453301 0.043777 0.222264
0 0.672960 0.430767 0.072105 0.199736
0 0.399142 0.459736 0.053218 0.212608
0 0.378110 0.440422 0.040342 0.206169
0 0.555364 0.693990 0.041200 0.217277
0 0.521888 0.458932 0.041204 0.227095
0 0.422317 0.449274 0.042919 0.239966
0 0.446351 0.460541 0.032616 0.239973
0 0.475966 0.464564 0.038627 0.257669
0 0.500429 0.454101 0.042919 0.246405
0 0.730901 0.621564 0.086695 0.156115
0 0.545494 0.463760 0.048926 0.227088
0 0.586694 0.672260 0.081546 0.202791
0 0.626178 0.435591 0.066094 0.238358
0 0.590557 0.437203 0.058368 0.225486
0 0.701715 0.345466 0.076396 0.183635
0 0.670814 0.638463 0.086695 0.183480
0 0.531759 0.702037 0.040346 0.233372
0 0.454935 0.685139 0.029186 0.225318
0 0.626609 0.667436 0.092706 0.218885
0 0.508155 0.685943 0.025751 0.210831
0 0.291845 0.633639 0.077254 0.202791
0 0.490130 0.679507 0.025751 0.194743
0 0.471674 0.680311 0.023175 0.193135
0 0.297852 0.416280 0.060086 0.206169
0 0.267809 0.347074 0.068670 0.157892
0 0.344205 0.438007 0.060086 0.227095
0 0.340342 0.656973 0.072959 0.204405
0 0.380258 0.669848 0.048068 0.204399
0 0.427038 0.701233 0.052360 0.222101
0 0.404290 0.681919 0.039485 0.196351