0 0.456474 0.596203 0.027348 0.062243
0 0.558820 0.696142 0.035730 0.137635
0 0.583831 0.690054 0.042876 0.118149
0 0.425616 0.689443 0.047485 0.116926
0 0.323986 0.505459 0.067560 0.175514
0 0.365885 0.555399 0.038328 0.112176
0 0.370757 0.471963 0.028584 0.096345
0 0.400930 0.481098 0.044886 0.095128
0 0.415546 0.423851 0.057232 0.126797
0 0.397683 0.562706 0.034494 0.119493
0 0.424317 0.575497 0.038393 0.103655
0 0.458371 0.512767 0.026148 0.117047
0 0.559326 0.830240 0.045341 0.149601
0 0.617047 0.457003 0.050303 0.116372
0 0.589892 0.484030 0.049996 0.125155
0 0.302870 0.423851 0.070807 0.129230
0 0.533459 0.718328 0.030739 0.172264
0 0.328173 0.696622 0.076072 0.177568
0 0.270683 0.680916 0.063730 0.114493
0 0.375921 0.786885 0.044238 0.099878
0 0.414897 0.783230 0.045535 0.116932
0 0.445461 0.831345 0.042872 0.144946
0 0.473395 0.768003 0.032483 0.149818
0 0.449034 0.691878 0.021434 0.114500
0 0.476968 0.676652 0.022735 0.066993
0 0.593249 0.777142 0.047420 0.107189
0 0.634175 0.778358 0.048724 0.090135
0 0.623456 0.673000 0.068858 0.115716
0 0.677049 0.682135 0.072108 0.175392
0 0.735514 0.673608 0.066912 0.136419
0 0.689683 0.413500 0.063726 0.135324
0 0.663009 0.483993 0.071604 0.177041
0 0.627971 0.549307 0.053333 0.129236
0 0.590294 0.585216 0.050735 0.084216
0 0.568245 0.549919 0.034494 0.164554
0 0.567222 0.410459 0.048764 0.114622
0 0.531829 0.505459 0.046836 0.095122
0 0.512987 0.512159 0.033845 0.098777
0 0.539623 0.580368 0.029950 0.069547
0 0.512665 0.587676 0.035795 0.079297
0 0.480834 0.589503 0.030598 0.065899
0 0.481807 0.514595 0.032544 0.120703
0 0.514056 0.734713 0.026634 0.172966
0 0.497106 0.728422 0.030530 0.158345
0 0.385339 0.683355 0.060479 0.114493