0 0.327575 0.407784 0.058746 0.187973
0 0.584917 0.466453 0.045978 0.238270
0 0.510524 0.505963 0.047895 0.245453
0 0.487856 0.505365 0.038314 0.249041
0 0.521061 0.478426 0.065135 0.264608
0 0.542771 0.460466 0.088123 0.267000
0 0.649733 0.422152 0.077268 0.209534
0 0.611418 0.445500 0.079823 0.222703
0 0.685173 0.611926 0.116220 0.201149
0 0.669847 0.320976 0.072796 0.122128
0 0.398137 0.687358 0.073434 0.208338
0 0.511164 0.718490 0.022350 0.193966
0 0.319272 0.602348 0.093232 0.198750
0 0.360461 0.644257 0.086205 0.189176
0 0.455928 0.731659 0.038314 0.263412
0 0.266591 0.571216 0.055553 0.126919
0 0.432939 0.736449 0.033207 0.263412
0 0.492645 0.721480 0.023625 0.197554
0 0.475723 0.742432 0.019157 0.249041
0 0.460717 0.499378 0.035121 0.237068
0 0.641751 0.668199 0.113665 0.227493
0 0.545966 0.738247 0.034483 0.223899
0 0.526169 0.707713 0.029377 0.181993
0 0.580449 0.742436 0.077906 0.253831
0 0.598009 0.705314 0.079823 0.241858
0 0.393348 0.473635 0.044699 0.207135
0 0.363971 0.452682 0.051085 0.179595
0 0.441560 0.473037 0.033845 0.265804
0 0.418252 0.464659 0.038314 0.227493