0 0.723595 0.598730 0.050058 0.124284
0 0.400699 0.707615 0.053016 0.169014
0 0.653564 0.468848 0.061939 0.124520
0 0.474445 0.729264 0.028097 0.166432
0 0.689962 0.693939 0.077265 0.153257
0 0.418890 0.766980 0.044699 0.165230
0 0.435175 0.659821 0.035121 0.061061
0 0.306820 0.386831 0.061942 0.111351
0 0.442836 0.613122 0.030011 0.087405
0 0.324382 0.466453 0.062580 0.150865
0 0.643344 0.706517 0.098969 0.209534
0 0.444114 0.471243 0.042786 0.201149
0 0.505733 0.738243 0.031928 0.177203
0 0.589389 0.502970 0.040868 0.144872
0 0.485299 0.559243 0.028097 0.192770
0 0.568634 0.551463 0.045341 0.102966
0 0.357267 0.533503 0.064494 0.181993
0 0.596732 0.720284 0.067049 0.167622
0 0.466463 0.561642 0.030014 0.195162
0 0.593539 0.610730 0.049168 0.068243
0 0.567038 0.766382 0.039589 0.140088
0 0.488175 0.741236 0.021070 0.161635
0 0.532236 0.577203 0.041510 0.137689
0 0.290856 0.690946 0.077265 0.147270
0 0.390793 0.609530 0.039589 0.080223
0 0.525532 0.741236 0.031928 0.173608
0 0.420805 0.573611 0.039593 0.144872
0 0.354532 0.695514 0.087117 0.189919
0 0.451777 0.731659 0.035121 0.183196
0 0.511483 0.563436 0.034483 0.191574
0 0.545789 0.617912 0.021359 0.080216
0 0.624510 0.549061 0.067686 0.162824
0 0.396859 0.520331 0.045337 0.155649
0 0.544369 0.747821 0.031290 0.205939
0 0.545966 0.480223 0.034483 0.171216
0 0.564829 0.610784 0.025175 0.056189