0 0.596137 0.470196 0.042061 0.120865
0 0.625321 0.767220 0.057510 0.109439
0 0.578112 0.662605 0.052360 0.125534
0 0.413733 0.458206 0.054933 0.119101
0 0.609870 0.669044 0.060944 0.141628
0 0.669519 0.661814 0.075521 0.178669
0 0.278969 0.658581 0.066955 0.143243
0 0.532616 0.524122 0.054076 0.238378
0 0.364377 0.683449 0.098714 0.222264
0 0.396137 0.771243 0.064375 0.117486
0 0.695708 0.414672 0.076396 0.151453
0 0.612876 0.557912 0.036050 0.103162
0 0.480686 0.482267 0.032616 0.103169
0 0.661802 0.502385 0.068670 0.175595
0 0.628326 0.451689 0.048068 0.138568
0 0.433047 0.776074 0.045495 0.114270
0 0.715450 0.665020 0.084977 0.156122
0 0.452360 0.367997 0.054933 0.157885
0 0.469097 0.830794 0.054079 0.152899
0 0.457081 0.696405 0.036908 0.128757
0 0.438625 0.467784 0.048068 0.116041
0 0.580686 0.536986 0.028328 0.183635
0 0.479827 0.714912 0.027467 0.159338
0 0.583263 0.383291 0.060941 0.159500
0 0.497854 0.726179 0.029186 0.185088
0 0.467809 0.608689 0.034335 0.149676
0 0.517596 0.717324 0.027467 0.164162
0 0.539056 0.719740 0.034335 0.168993
0 0.448068 0.582939 0.041204 0.130365
0 0.561373 0.473416 0.034335 0.185250
0 0.557941 0.842057 0.056652 0.159331
0 0.336050 0.428432 0.072959 0.156122
0 0.498283 0.518480 0.031759 0.217432
0 0.584119 0.769635 0.043777 0.101392
0 0.416308 0.574088 0.051499 0.148068
0 0.375966 0.494419 0.073820 0.197959