0 0.394849 0.329372 0.049784 0.215824
0 0.223175 0.542703 0.058371 0.111054
0 0.274247 0.557990 0.072962 0.170601
0 0.317168 0.603054 0.069528 0.228541
0 0.358369 0.620764 0.047211 0.228541
0 0.394849 0.613517 0.048068 0.217277
0 0.431330 0.615128 0.036908 0.217270
0 0.456650 0.604666 0.030901 0.199574
0 0.484121 0.587767 0.039485 0.175426
0 0.518454 0.597422 0.041204 0.191520
0 0.549355 0.609493 0.036050 0.231757
0 0.575106 0.615932 0.032620 0.218878
0 0.610299 0.618348 0.036050 0.204399
0 0.645494 0.610297 0.049784 0.181865
0 0.689270 0.606274 0.075535 0.186696
0 0.725321 0.566041 0.072105 0.164162
0 0.762659 0.554774 0.052360 0.119101
0 0.700858 0.367189 0.055791 0.198122
0 0.666523 0.372828 0.050645 0.202953
0 0.626609 0.359145 0.042919 0.220655
0 0.575964 0.358341 0.044634 0.244791
0 0.547209 0.366389 0.045495 0.231926
0 0.517168 0.376851 0.043777 0.230311
0 0.474677 0.362365 0.051503 0.256068
0 0.450641 0.348686 0.034335 0.257669
0 0.422317 0.328568 0.034335 0.275378
0 0.363090 0.333395 0.049784 0.233534
0 0.321458 0.355122 0.054079 0.212608
0 0.282404 0.353510 0.051503 0.190074
0 0.604721 0.359953 0.043777 0.228703