0 0.629178 0.776953 0.042703 0.110770
0 0.416013 0.602733 0.030605 0.096223
0 0.433450 0.449929 0.042706 0.116236
0 0.416723 0.522659 0.039146 0.101561
0 0.388966 0.499304 0.049110 0.108230
0 0.390389 0.596723 0.034876 0.108230
0 0.343058 0.527331 0.058360 0.182959
0 0.320993 0.449929 0.074022 0.148264
0 0.557649 0.718233 0.027759 0.156142
0 0.530959 0.757601 0.025622 0.146797
0 0.511741 0.749595 0.022775 0.146797
0 0.487897 0.759605 0.022065 0.169480
0 0.474375 0.756936 0.043416 0.137453
0 0.445550 0.736916 0.029895 0.150804
0 0.439856 0.855020 0.042703 0.141459
0 0.413166 0.796970 0.039146 0.126777
0 0.374375 0.765611 0.049823 0.112101
0 0.277577 0.684872 0.062634 0.110770
0 0.338432 0.699551 0.088966 0.169480
0 0.416368 0.710895 0.035589 0.066723
0 0.584695 0.700216 0.043416 0.093419
0 0.566901 0.848351 0.051957 0.125446
0 0.591813 0.782291 0.040569 0.100095
0 0.658715 0.692209 0.091816 0.173486
0 0.719926 0.687541 0.071888 0.126784
0 0.670105 0.460608 0.067618 0.113568
0 0.633805 0.536672 0.076159 0.174953
0 0.610317 0.608736 0.040569 0.076203
0 0.605692 0.504645 0.039859 0.126912
0 0.580423 0.531334 0.044840 0.102885
0 0.581849 0.618078 0.029182 0.089547
0 0.558717 0.604733 0.042703 0.137588
0 0.540211 0.628088 0.015658 0.048176
0 0.564768 0.452598 0.034876 0.126912
0 0.537009 0.541345 0.037723 0.130919
0 0.511031 0.574037 0.034162 0.148264
0 0.479714 0.580044 0.037013 0.176291
0 0.454090 0.618081 0.022775 0.092216
0 0.430959 0.592057 0.026335 0.160277