0 0.398332 0.705277 0.061780 0.114500
0 0.345387 0.728419 0.092310 0.180270
0 0.288872 0.729030 0.071524 0.130331
0 0.554921 0.834389 0.046123 0.170520
0 0.382741 0.811247 0.050086 0.133980
0 0.574054 0.585848 0.039041 0.097561
0 0.654281 0.430554 0.059178 0.128014
0 0.450301 0.833169 0.055283 0.165649
0 0.423018 0.560882 0.044890 0.130453
0 0.608840 0.710757 0.057816 0.125459
0 0.533452 0.754605 0.030595 0.159561
0 0.625378 0.506084 0.075405 0.215682
0 0.591591 0.467091 0.045539 0.098777
0 0.365526 0.521902 0.050735 0.186480
0 0.401580 0.438470 0.040991 0.151155
0 0.339542 0.443949 0.058530 0.132885
0 0.596789 0.577321 0.040339 0.097561
0 0.628652 0.814291 0.057168 0.132770
0 0.398658 0.549916 0.045539 0.149939
0 0.588703 0.794193 0.047423 0.155912
0 0.557813 0.490236 0.049434 0.128014
0 0.706899 0.719892 0.065676 0.143730
0 0.578959 0.707716 0.038328 0.090135
0 0.528580 0.529209 0.039041 0.184041
0 0.559793 0.708932 0.036378 0.099878
0 0.431786 0.688834 0.036443 0.066993
0 0.652040 0.721720 0.081852 0.193669
0 0.507467 0.539564 0.034494 0.192574
0 0.443804 0.572449 0.026699 0.112182
0 0.514288 0.750953 0.028649 0.169311
0 0.474011 0.747297 0.028649 0.152257
0 0.496748 0.747301 0.020854 0.157128
0 0.487005 0.548088 0.033845 0.190135
0 0.450951 0.479270 0.039690 0.101216
0 0.465274 0.533473 0.046123 0.197446
0 0.452899 0.710757 0.031895 0.101095