0 0.569393 0.394547 0.048400 0.168284
0 0.680070 0.662186 0.125978 0.188169
0 0.573308 0.850351 0.071885 0.129446
0 0.603912 0.788297 0.077582 0.125446
0 0.653735 0.774953 0.079002 0.114770
0 0.629178 0.682203 0.098220 0.129446
0 0.480068 0.753601 0.024908 0.157473
0 0.458004 0.757601 0.029182 0.168149
0 0.681135 0.378534 0.075445 0.130919
0 0.431315 0.716230 0.038436 0.130784
0 0.733094 0.625486 0.082562 0.114770
0 0.332739 0.469280 0.071885 0.216331
0 0.613877 0.449260 0.063344 0.098885
0 0.629892 0.553355 0.049823 0.101561
0 0.596438 0.544014 0.048400 0.146932
0 0.568324 0.566034 0.040569 0.180297
0 0.541991 0.538672 0.041993 0.192304
0 0.471171 0.538676 0.058364 0.261703
0 0.442703 0.540010 0.044130 0.243020
0 0.418503 0.586720 0.034166 0.165615
0 0.392879 0.563365 0.052670 0.145595
0 0.560495 0.732912 0.030605 0.169486
0 0.363342 0.528666 0.060501 0.182966
0 0.530959 0.754932 0.031315 0.168149
0 0.402133 0.477287 0.049823 0.146926
0 0.307472 0.394544 0.065481 0.154939
0 0.378645 0.447260 0.051243 0.110899
0 0.417791 0.387206 0.046977 0.188304
0 0.513164 0.529331 0.052670 0.288392
0 0.651243 0.479287 0.088259 0.177628
0 0.412097 0.858358 0.059784 0.134784
0 0.386474 0.786294 0.044126 0.121439
0 0.345905 0.768277 0.048400 0.109432
0 0.404268 0.700220 0.048400 0.096088
0 0.328112 0.658848 0.098220 0.176155
0 0.269038 0.631490 0.064058 0.129453
0 0.507470 0.745595 0.028468 0.141459