0 0.535077 0.584632 0.044238 0.202318
0 0.367476 0.549919 0.036443 0.188919
0 0.584112 0.758926 0.046775 0.155905
0 0.568205 0.569405 0.037744 0.205973
0 0.333045 0.544436 0.058530 0.192574
0 0.508117 0.587676 0.042288 0.208405
0 0.466250 0.786885 0.031182 0.185135
0 0.295692 0.500588 0.056580 0.160905
0 0.621798 0.561490 0.043589 0.175520
0 0.652656 0.543220 0.054631 0.175520
0 0.686112 0.526169 0.068274 0.153595
0 0.609490 0.757652 0.051319 0.155912
0 0.505876 0.789321 0.027283 0.185142
0 0.527312 0.778966 0.038977 0.181486
0 0.405204 0.768628 0.042840 0.190041
0 0.488337 0.793584 0.032479 0.171736
0 0.556220 0.779578 0.039625 0.153466
0 0.365971 0.795794 0.055041 0.142061
0 0.379524 0.697358 0.043524 0.081608
0 0.290528 0.707105 0.064314 0.176615
0 0.414247 0.569405 0.040342 0.215716
0 0.444780 0.582804 0.044241 0.198662
0 0.592728 0.571841 0.039366 0.188912
0 0.746524 0.655946 0.051384 0.084041
0 0.647622 0.727949 0.073088 0.184142
0 0.395085 0.564534 0.042292 0.188919
0 0.475960 0.593159 0.039041 0.214493
0 0.435317 0.792155 0.044977 0.200554
0 0.691957 0.696142 0.063077 0.181486
0 0.336164 0.732348 0.070951 0.191236