0 0.445550 0.388541 0.037009 0.182959
0 0.576867 0.745591 0.044840 0.189507
0 0.616368 0.747595 0.051243 0.129446
0 0.655159 0.652176 0.094663 0.162811
0 0.713521 0.673530 0.086119 0.160142
0 0.652667 0.401885 0.074018 0.164284
0 0.619214 0.457267 0.078292 0.197642
0 0.601778 0.536007 0.033452 0.120243
0 0.575086 0.558024 0.038432 0.073534
0 0.591101 0.437250 0.051960 0.096216
0 0.564056 0.480625 0.047686 0.094885
0 0.546616 0.402554 0.038436 0.168284
0 0.555514 0.564030 0.032029 0.152264
0 0.526332 0.497304 0.054804 0.219000
0 0.511031 0.513986 0.034162 0.206986
0 0.486119 0.516652 0.028468 0.236345
0 0.464411 0.508649 0.032029 0.204311
0 0.437721 0.540676 0.022778 0.132257
0 0.413164 0.540676 0.034876 0.118905
0 0.425265 0.416568 0.059077 0.212324
0 0.392524 0.411230 0.051960 0.166946
0 0.363344 0.442588 0.057650 0.240351
0 0.427400 0.657514 0.053380 0.098757
0 0.394303 0.636162 0.055517 0.098757
0 0.338432 0.659517 0.098933 0.193507
0 0.340568 0.397213 0.074735 0.144264
0 0.281135 0.656179 0.075445 0.136115
0 0.372951 0.726240 0.054090 0.145466
0 0.409605 0.754936 0.036299 0.144128
0 0.441991 0.749595 0.031319 0.194838
0 0.467256 0.720236 0.027759 0.213527
0 0.486476 0.726243 0.023488 0.196176
0 0.503200 0.722240 0.028468 0.182831
0 0.525622 0.720905 0.034876 0.196176
0 0.596083 0.646169 0.047690 0.086743
0 0.539144 0.750264 0.039146 0.185500