0 0.278479 0.671784 0.062429 0.127892
0 0.441856 0.719892 0.034494 0.138851
0 0.410025 0.703449 0.053982 0.110845
0 0.376245 0.682743 0.063077 0.110838
0 0.369099 0.767399 0.050083 0.099878
0 0.408402 0.784449 0.045539 0.104750
0 0.458746 0.744253 0.029297 0.133980
0 0.482133 0.734510 0.029297 0.153466
0 0.501946 0.743645 0.037744 0.164439
0 0.539623 0.850223 0.061128 0.129108
0 0.567557 0.794801 0.049434 0.105966
0 0.539623 0.722331 0.026050 0.119365
0 0.600721 0.705889 0.068858 0.123020
0 0.610463 0.781402 0.054569 0.103534
0 0.646517 0.701017 0.096789 0.176615
0 0.649732 0.459784 0.065676 0.115838
0 0.614330 0.538348 0.074123 0.185264
0 0.578276 0.512159 0.050086 0.098777
0 0.553267 0.604118 0.031247 0.095128
0 0.537023 0.610821 0.033845 0.113399
0 0.517861 0.637618 0.026699 0.096345
0 0.522733 0.525554 0.028645 0.118270
0 0.500645 0.570014 0.042941 0.170649
0 0.470764 0.568797 0.031243 0.195000
0 0.444456 0.624216 0.031895 0.108527
0 0.436659 0.583412 0.042292 0.119486
0 0.401254 0.593764 0.042941 0.118270
0 0.422043 0.536517 0.035142 0.086601
0 0.393135 0.498152 0.039690 0.114615
0 0.359679 0.546872 0.058530 0.146284
0 0.564667 0.705885 0.059114 0.098662
0 0.429840 0.836824 0.050735 0.116932
0 0.582499 0.604730 0.046836 0.089041
0 0.452250 0.521294 0.031895 0.121926
0 0.331097 0.462828 0.057229 0.131669
0 0.430813 0.443341 0.055283 0.129236
0 0.545144 0.457348 0.047485 0.125574
0 0.704623 0.692490 0.053333 0.123020
0 0.519160 0.766787 0.035791 0.157128
0 0.334995 0.681527 0.080620 0.171743