0 0.582263 0.400101 0.042941 0.171865
0 0.447991 0.442726 0.032638 0.123155
0 0.431139 0.386703 0.039041 0.145068
0 0.466867 0.410456 0.036443 0.185264
0 0.478560 0.507895 0.020854 0.195007
0 0.501622 0.499368 0.022804 0.221804
0 0.548101 0.665693 0.035077 0.079169
0 0.594223 0.755824 0.049369 0.140068
0 0.554566 0.757652 0.033845 0.155912
0 0.526955 0.733902 0.034494 0.169304
0 0.509741 0.724767 0.028649 0.177831
0 0.497723 0.722331 0.018905 0.163216
0 0.481159 0.722328 0.020854 0.165655
0 0.464593 0.718672 0.027996 0.177831
0 0.442506 0.738980 0.039694 0.186770
0 0.430162 0.649250 0.034494 0.073081
0 0.405802 0.748517 0.053333 0.157128
0 0.376895 0.723547 0.052681 0.148595
0 0.401905 0.621233 0.049438 0.075520
0 0.351885 0.644983 0.088411 0.183926
0 0.300564 0.621233 0.080616 0.158345
0 0.365885 0.388530 0.064310 0.121926
0 0.391868 0.468311 0.064314 0.154811
0 0.421393 0.507287 0.042937 0.120709
0 0.444454 0.537736 0.029297 0.096351
0 0.461020 0.539564 0.020850 0.102439
0 0.523382 0.522916 0.027348 0.201507
0 0.674450 0.636459 0.076007 0.157122
0 0.590292 0.529209 0.044238 0.128014
0 0.567232 0.552963 0.039690 0.092696
0 0.549043 0.561490 0.026699 0.070764
0 0.535775 0.460851 0.035795 0.153595
0 0.625049 0.463439 0.048786 0.184041
0 0.641613 0.394622 0.055932 0.156027
0 0.715020 0.581037 0.048137 0.107182
0 0.666948 0.333780 0.052036 0.087696
0 0.564959 0.426291 0.035142 0.173081
0 0.262238 0.555459 0.044238 0.109622
0 0.329148 0.330733 0.044241 0.076736
0 0.620858 0.668128 0.079250 0.198541
0 0.578306 0.657166 0.052620 0.103534