0 0.380825 0.521297 0.042227 0.199878
0 0.430521 0.514595 0.040277 0.264432
0 0.348993 0.509723 0.051319 0.179176
0 0.408432 0.527382 0.044173 0.214493
0 0.315191 0.491439 0.063095 0.201122
0 0.402879 0.743034 0.052685 0.182703
0 0.306411 0.704057 0.092310 0.185142
0 0.609814 0.751564 0.059766 0.194885
0 0.500679 0.753389 0.027283 0.154696
0 0.360005 0.727811 0.083867 0.188797
0 0.286598 0.428115 0.052685 0.120703
0 0.515914 0.547483 0.038393 0.220588
0 0.644568 0.731463 0.088998 0.188791
0 0.430162 0.753997 0.038393 0.185142
0 0.646811 0.515203 0.058530 0.202311
0 0.581881 0.752172 0.053268 0.176615
0 0.585095 0.520078 0.044238 0.251034
0 0.533777 0.549311 0.040339 0.219365
0 0.565607 0.522514 0.033845 0.255905
0 0.558495 0.750953 0.041575 0.164432
0 0.488335 0.540784 0.038977 0.238851
0 0.455530 0.539568 0.030533 0.226676
0 0.700079 0.428115 0.072822 0.125581
0 0.610755 0.521297 0.044890 0.236419
0 0.685463 0.513986 0.063077 0.160905
0 0.752404 0.683963 0.083798 0.142507
0 0.698162 0.699797 0.102638 0.179054
0 0.479892 0.752780 0.029881 0.168088
0 0.538357 0.751561 0.041578 0.155905
0 0.519517 0.750341 0.029881 0.151034
0 0.268733 0.679696 0.071521 0.153473
0 0.456472 0.761307 0.032548 0.192453