0 0.343798 0.465872 0.063013 0.201095
0 0.315214 0.431162 0.066912 0.163338
0 0.293744 0.354426 0.056584 0.097568
0 0.595523 0.736334 0.057164 0.196101
0 0.739378 0.610878 0.055283 0.127892
0 0.698169 0.671162 0.079265 0.187595
0 0.646517 0.699794 0.109784 0.222899
0 0.629270 0.467091 0.080616 0.179169
0 0.315831 0.701622 0.089059 0.197324
0 0.357732 0.726591 0.061128 0.169304
0 0.391836 0.746108 0.035795 0.196162
0 0.417820 0.750605 0.039690 0.202709
0 0.440591 0.726591 0.024036 0.183926
0 0.462969 0.724767 0.024750 0.175399
0 0.481807 0.727811 0.027348 0.171743
0 0.503245 0.733902 0.036443 0.176615
0 0.530528 0.746689 0.036443 0.209500
0 0.552614 0.739990 0.046836 0.213155
0 0.592892 0.471966 0.049438 0.191351
0 0.371081 0.490047 0.050018 0.198284
0 0.400964 0.481030 0.035730 0.214628
0 0.429222 0.483534 0.029881 0.233986
0 0.457153 0.509111 0.033780 0.212047
0 0.660450 0.431767 0.088411 0.149939
0 0.685461 0.350223 0.061777 0.088919
0 0.243108 0.612098 0.046123 0.132764
0 0.274906 0.663257 0.070872 0.162000
0 0.481483 0.516419 0.031895 0.209622
0 0.506818 0.510943 0.042292 0.215709
0 0.529555 0.493889 0.042288 0.227899
0 0.556838 0.493280 0.039694 0.204750
0 0.581198 0.486581 0.049438 0.208405