0 0.692283 0.380611 0.081914 0.132885
0 0.323951 0.499372 0.062425 0.192568
0 0.434386 0.743034 0.040339 0.216811
0 0.495124 0.518250 0.057881 0.237635
0 0.583829 0.729027 0.050670 0.188797
0 0.715377 0.644375 0.101989 0.182709
0 0.457447 0.515203 0.057877 0.233986
0 0.325899 0.701622 0.087114 0.207068
0 0.532802 0.492672 0.069575 0.240074
0 0.271171 0.394557 0.063013 0.129115
0 0.567557 0.507287 0.063726 0.188912
0 0.681888 0.459172 0.093607 0.168209
0 0.407425 0.735118 0.046187 0.220466
0 0.420420 0.523733 0.055283 0.231547
0 0.607508 0.524949 0.070872 0.207182
0 0.672503 0.693095 0.114980 0.199757
0 0.552973 0.732682 0.048721 0.193662
0 0.386640 0.518858 0.047485 0.187703
0 0.278153 0.668125 0.079968 0.196101
0 0.643560 0.489625 0.081917 0.195007
0 0.758218 0.629149 0.065676 0.154689
0 0.281726 0.470135 0.053333 0.163338
0 0.360978 0.516422 0.049438 0.197439
0 0.524681 0.744253 0.037744 0.214372
0 0.239177 0.640111 0.057877 0.120588
0 0.626703 0.709541 0.092245 0.169311
0 0.504868 0.716848 0.024101 0.166872
0 0.460695 0.746078 0.030595 0.232642
0 0.372674 0.722328 0.048137 0.194885
0 0.482782 0.724155 0.035791 0.198541