0 0.659658 0.404209 0.069528 0.239973
0 0.555364 0.430767 0.048068 0.299520
0 0.367811 0.656169 0.057510 0.209230
0 0.532189 0.433983 0.039485 0.270547
0 0.398283 0.679503 0.046353 0.233372
0 0.473820 0.458932 0.042919 0.259284
0 0.320171 0.650537 0.092703 0.249466
0 0.507295 0.465368 0.034332 0.252845
0 0.445492 0.458125 0.025751 0.273764
0 0.510299 0.677895 0.035193 0.217277
0 0.700429 0.414672 0.084123 0.186858
0 0.741631 0.604666 0.125323 0.215669
0 0.432189 0.697209 0.040342 0.249459
0 0.460944 0.683527 0.036050 0.212446
0 0.625321 0.445250 0.045495 0.225486
0 0.534762 0.689966 0.030901 0.222108
0 0.356652 0.420304 0.035193 0.252838
0 0.387553 0.446054 0.033477 0.265716
0 0.646780 0.678703 0.093560 0.244635
0 0.606865 0.689966 0.087553 0.251068
0 0.565234 0.705257 0.047211 0.246243
0 0.684978 0.646514 0.118454 0.209230
0 0.269099 0.606274 0.079827 0.206007
0 0.485407 0.684334 0.030043 0.223709
0 0.276823 0.389723 0.054079 0.246405
0 0.415877 0.438814 0.043777 0.286642
0 0.581975 0.435595 0.060086 0.267324
0 0.325321 0.417084 0.048068 0.243182