0 0.269708 0.638892 0.047488 0.101095
0 0.290169 0.386091 0.053333 0.124358
0 0.301895 0.465872 0.062364 0.164554
0 0.336002 0.481709 0.059117 0.193784
0 0.434744 0.510331 0.035730 0.229108
0 0.506168 0.498760 0.040991 0.232764
0 0.528580 0.506068 0.044238 0.198662
0 0.560737 0.494497 0.040991 0.233980
0 0.650708 0.479274 0.061128 0.176736
0 0.689360 0.459784 0.060479 0.135324
0 0.555539 0.694314 0.034494 0.160777
0 0.517537 0.699186 0.022151 0.158345
0 0.498047 0.696753 0.029946 0.148601
0 0.479859 0.700405 0.028649 0.158338
0 0.454524 0.703449 0.035146 0.183926
0 0.424966 0.715628 0.035791 0.171743
0 0.399955 0.710149 0.041640 0.160784
0 0.353184 0.701014 0.076717 0.174176
0 0.313883 0.649247 0.069575 0.160777
0 0.588668 0.492061 0.040991 0.199878
0 0.472744 0.501199 0.036378 0.232764
0 0.614004 0.498760 0.043589 0.186480
0 0.533452 0.704669 0.020202 0.166865
0 0.610463 0.699186 0.050670 0.158345
0 0.370432 0.497544 0.033132 0.205966
0 0.401614 0.504851 0.043524 0.220581
0 0.737431 0.610878 0.052685 0.091351
0 0.694914 0.629152 0.076652 0.166872
0 0.652690 0.684571 0.080551 0.170520
0 0.577982 0.703449 0.028584 0.152250