0 0.317780 0.572510 0.074768 0.158345
0 0.325899 0.306314 0.048137 0.103655
0 0.334052 0.399493 0.065611 0.146284
0 0.357440 0.431159 0.047420 0.170642
0 0.398656 0.400709 0.044238 0.134108
0 0.389595 0.475010 0.036378 0.114615
0 0.412007 0.482926 0.030530 0.137757
0 0.438641 0.461611 0.029232 0.207182
0 0.459753 0.471963 0.025986 0.205966
0 0.479533 0.493280 0.026699 0.192574
0 0.503245 0.503632 0.028645 0.176736
0 0.521434 0.487797 0.024750 0.174297
0 0.542872 0.473182 0.024750 0.208405
0 0.562034 0.512767 0.033193 0.102439
0 0.580256 0.411061 0.047423 0.137757
0 0.593865 0.512767 0.035795 0.068331
0 0.620499 0.436034 0.056580 0.197446
0 0.646160 0.412889 0.080616 0.160899
0 0.658177 0.317277 0.063077 0.091473
0 0.620858 0.627324 0.075359 0.175392
0 0.580256 0.643159 0.038328 0.160777
0 0.556870 0.660821 0.031831 0.169304
0 0.533777 0.670564 0.031243 0.166872
0 0.514288 0.682135 0.023452 0.165649
0 0.498697 0.671780 0.018252 0.149818
0 0.482780 0.677264 0.021503 0.155905
0 0.466541 0.671169 0.029297 0.163216
0 0.443804 0.691270 0.040991 0.218027
0 0.428863 0.647422 0.035795 0.140074
0 0.403528 0.624277 0.053982 0.120581
0 0.364227 0.620625 0.066328 0.161993