0 0.585095 0.770486 0.042941 0.098757
0 0.628620 0.550527 0.052036 0.124365
0 0.600362 0.555399 0.034497 0.121919
0 0.393218 0.557615 0.041795 0.080446
0 0.717292 0.678483 0.056580 0.121804
0 0.685137 0.427568 0.066324 0.114500
0 0.660126 0.495108 0.059178 0.162122
0 0.619202 0.465875 0.042288 0.106088
0 0.575027 0.408017 0.043589 0.134101
0 0.588020 0.484145 0.046187 0.110966
0 0.447054 0.568189 0.022800 0.047622
0 0.421717 0.398274 0.042288 0.141412
0 0.448351 0.494497 0.035795 0.119493
0 0.477586 0.515203 0.038393 0.209622
0 0.519160 0.487797 0.038393 0.227892
0 0.545468 0.585240 0.022151 0.076858
0 0.572755 0.547483 0.031247 0.140196
0 0.548717 0.477443 0.039041 0.168209
0 0.554888 0.831341 0.046187 0.125453
0 0.562036 0.697970 0.029297 0.151034
0 0.535726 0.662037 0.028649 0.076736
0 0.374946 0.686399 0.065676 0.132770
0 0.528905 0.750345 0.042292 0.129108
0 0.364551 0.775922 0.057881 0.095007
0 0.507793 0.724041 0.040342 0.176378
0 0.329472 0.481709 0.055283 0.164554
0 0.488629 0.718676 0.031895 0.180270
0 0.326876 0.685787 0.082566 0.168088
0 0.464268 0.743037 0.037741 0.151034
0 0.438933 0.696142 0.040339 0.147378
0 0.422692 0.549307 0.037744 0.124358
0 0.669200 0.697990 0.066977 0.177831
0 0.624074 0.783230 0.045539 0.107189
0 0.434386 0.832561 0.054631 0.135203
0 0.277299 0.667794 0.059182 0.121169
0 0.362279 0.554791 0.046836 0.120703
0 0.616928 0.686399 0.052032 0.137635
0 0.584771 0.688226 0.043589 0.129115
0 0.409699 0.778966 0.046836 0.108405
0 0.413598 0.690662 0.054634 0.119365
0 0.299777 0.426287 0.051013 0.102439
0 0.369750 0.462828 0.042288 0.097561
0 0.401580 0.470139 0.035795 0.124358