0 0.459072 0.500642 0.022778 0.196311
0 0.435941 0.556693 0.027759 0.084209
0 0.410317 0.567365 0.051957 0.081541
0 0.383982 0.564696 0.043416 0.086878
0 0.419214 0.425909 0.068324 0.182966
0 0.404980 0.479956 0.046977 0.138926
0 0.366546 0.476618 0.068328 0.161615
0 0.344838 0.508649 0.051960 0.223000
0 0.312809 0.470611 0.051960 0.170953
0 0.274375 0.418568 0.063344 0.120243
0 0.495371 0.711561 0.027045 0.201514
0 0.450177 0.730912 0.029182 0.202851
0 0.418148 0.766943 0.037723 0.192169
0 0.423485 0.654176 0.041283 0.076068
0 0.392169 0.641500 0.052670 0.080068
0 0.382204 0.752264 0.039859 0.146797
0 0.347685 0.702889 0.066195 0.192169
0 0.299998 0.673527 0.059074 0.152135
0 0.258360 0.642169 0.054090 0.097419
0 0.475798 0.719571 0.029182 0.220196
0 0.511741 0.708892 0.022775 0.180162
0 0.532025 0.716899 0.029182 0.201514
0 0.554090 0.718902 0.044843 0.173493
0 0.614944 0.638166 0.046977 0.062723
0 0.576510 0.638166 0.029892 0.062723
0 0.581849 0.738253 0.037723 0.188169
0 0.626688 0.755601 0.070465 0.185500
0 0.661564 0.708226 0.076159 0.194845
0 0.709962 0.693547 0.073308 0.168149
0 0.753022 0.667524 0.051247 0.126777
0 0.718148 0.423236 0.066905 0.145595
0 0.692169 0.478618 0.054804 0.170953
0 0.655514 0.526662 0.061211 0.200311
0 0.612809 0.574706 0.049820 0.093547
0 0.587186 0.562030 0.031315 0.116236
0 0.625977 0.464608 0.059074 0.177622
0 0.564768 0.564030 0.026335 0.088209
0 0.566903 0.419236 0.044840 0.201649
0 0.532027 0.514655 0.044840 0.162946
0 0.512452 0.496639 0.045553 0.220331
0 0.479714 0.513986 0.038432 0.204311