0 0.568888 0.708321 0.054569 0.183926
0 0.336977 0.425679 0.057168 0.208399
0 0.499348 0.707105 0.024750 0.171736
0 0.603285 0.453693 0.046836 0.213277
0 0.367150 0.691878 0.066977 0.194878
0 0.462319 0.699186 0.029950 0.187574
0 0.553914 0.466483 0.039041 0.216926
0 0.368775 0.445777 0.045535 0.216932
0 0.519485 0.713196 0.029946 0.183919
0 0.408076 0.711368 0.033196 0.197318
0 0.298324 0.410453 0.070811 0.156027
0 0.573728 0.467091 0.046187 0.215709
0 0.256715 0.574338 0.042288 0.135203
0 0.337593 0.657774 0.083214 0.185142
0 0.638040 0.448213 0.057881 0.204750
0 0.695562 0.627932 0.094843 0.193662
0 0.471088 0.494497 0.039690 0.224236
0 0.290171 0.620625 0.076717 0.171736
0 0.417820 0.461611 0.035791 0.241291
0 0.443479 0.493889 0.036443 0.213277
0 0.526306 0.487801 0.044886 0.205966
0 0.285625 0.304486 0.063726 0.129230
0 0.599095 0.688223 0.069506 0.172959
0 0.479858 0.707713 0.022151 0.165655
0 0.735481 0.605399 0.057881 0.116932
0 0.435360 0.701625 0.030598 0.185142
0 0.397032 0.451257 0.040991 0.235203
0 0.643919 0.665693 0.109784 0.186358
0 0.502270 0.498760 0.033196 0.215709
0 0.541247 0.706493 0.037095 0.172959
0 0.686762 0.322757 0.065676 0.163338
0 0.674742 0.440902 0.081917 0.131669