0 0.626670 0.562706 0.048137 0.092696
0 0.673768 0.564534 0.085164 0.132892
0 0.573077 0.474399 0.052685 0.110959
0 0.600364 0.568797 0.043589 0.085378
0 0.529553 0.791757 0.038393 0.119365
0 0.440881 0.527993 0.052032 0.120703
0 0.318429 0.552355 0.056584 0.159682
0 0.290495 0.454909 0.069575 0.149939
0 0.514288 0.585243 0.055935 0.181608
0 0.557486 0.721720 0.040991 0.132764
0 0.505195 0.748517 0.040342 0.140074
0 0.480832 0.741206 0.033196 0.123020
0 0.475960 0.591331 0.044238 0.193784
0 0.561386 0.853267 0.053986 0.123020
0 0.445105 0.627872 0.025402 0.069554
0 0.311609 0.702233 0.076717 0.161993
0 0.420744 0.620564 0.046836 0.115831
0 0.594515 0.797240 0.047488 0.103534
0 0.684519 0.713801 0.076656 0.160777
0 0.248921 0.701625 0.079968 0.112061
0 0.434710 0.713804 0.042292 0.087703
0 0.345387 0.763740 0.053333 0.085264
0 0.747175 0.710760 0.074768 0.123020
0 0.359681 0.691878 0.070223 0.102311
0 0.360978 0.527993 0.045539 0.089041
0 0.388912 0.778358 0.044238 0.097446
0 0.411975 0.462220 0.059178 0.123142
0 0.628295 0.641270 0.048786 0.098784
0 0.532802 0.710149 0.027996 0.092568
0 0.456472 0.763743 0.042941 0.119365
0 0.625047 0.705277 0.064378 0.080392
0 0.396059 0.559054 0.045539 0.075635
0 0.565315 0.601682 0.035726 0.138973
0 0.639339 0.786277 0.047485 0.084041
0 0.405804 0.704057 0.045539 0.097439
0 0.592566 0.631524 0.033196 0.103655
0 0.390863 0.635791 0.031247 0.065892
0 0.415548 0.844740 0.046836 0.113277
0 0.541895 0.534693 0.063077 0.124358
0 0.698130 0.466483 0.071524 0.117047