0 0.645834 0.512767 0.063077 0.160899
0 0.677342 0.446997 0.054634 0.148723
0 0.385665 0.552963 0.045535 0.102439
0 0.320378 0.439686 0.048786 0.146291
0 0.707874 0.708929 0.078018 0.194885
0 0.445103 0.434814 0.038393 0.251034
0 0.347013 0.498760 0.053982 0.169426
0 0.568856 0.755824 0.071521 0.164432
0 0.491876 0.732074 0.026699 0.224122
0 0.417171 0.559662 0.053982 0.108527
0 0.330049 0.700875 0.108551 0.196101
0 0.509092 0.738770 0.033845 0.210716
0 0.658177 0.724159 0.091661 0.249696
0 0.584447 0.535909 0.048137 0.187696
0 0.450984 0.752169 0.039625 0.235081
0 0.472095 0.734510 0.033777 0.197318
0 0.746591 0.630797 0.069874 0.101716
0 0.301865 0.357470 0.052032 0.108520
0 0.420094 0.724155 0.058530 0.174176
0 0.533777 0.516422 0.054631 0.187696
0 0.617252 0.794801 0.064378 0.152250
0 0.617252 0.524949 0.044890 0.170642
0 0.487978 0.536520 0.031899 0.210838
0 0.385989 0.688834 0.059178 0.113277
0 0.394110 0.446993 0.045539 0.146284
0 0.606858 0.693098 0.057881 0.087696
0 0.512339 0.535909 0.042941 0.204750
0 0.276205 0.693098 0.073470 0.143723
0 0.560086 0.504243 0.052685 0.199878
0 0.368449 0.774703 0.055283 0.155905
0 0.531829 0.725375 0.046836 0.196101
0 0.242099 0.621233 0.066324 0.126669
0 0.463973 0.529814 0.056523 0.173074
0 0.546445 0.747909 0.051384 0.207061