0 0.423679 0.461064 0.040231 0.287358
0 0.386004 0.707115 0.053002 0.221500
0 0.334917 0.683166 0.090036 0.226291
0 0.420805 0.711902 0.038317 0.209534
0 0.451137 0.723280 0.045337 0.217912
0 0.471890 0.727470 0.022987 0.221507
0 0.489769 0.723875 0.019157 0.202345
0 0.530640 0.729865 0.029373 0.216716
0 0.555223 0.718486 0.037676 0.210730
0 0.594497 0.714895 0.067690 0.203547
0 0.625786 0.697534 0.072796 0.192770
0 0.666654 0.680172 0.097063 0.217912
0 0.714867 0.625696 0.101532 0.183189
0 0.765314 0.604145 0.056832 0.120926
0 0.396222 0.453882 0.037676 0.253831
0 0.680384 0.442507 0.074714 0.190378
0 0.697306 0.360490 0.071521 0.100574
0 0.635685 0.471841 0.070879 0.201155
0 0.598647 0.473041 0.046613 0.222703
0 0.562886 0.465253 0.054277 0.283764
0 0.532555 0.480821 0.045975 0.245453
0 0.512441 0.483814 0.037676 0.251439
0 0.484023 0.488003 0.026822 0.247845
0 0.455288 0.484412 0.042144 0.250243
0 0.356950 0.460466 0.053640 0.216716
0 0.310971 0.443703 0.074072 0.190378
0 0.295966 0.344328 0.055557 0.130507
0 0.510843 0.729861 0.029377 0.221507
0 0.286386 0.629287 0.097701 0.180791
0 0.235301 0.602946 0.053002 0.108959