0 0.449002 0.501199 0.042292 0.123142
0 0.412625 0.626047 0.031895 0.063459
0 0.438283 0.599247 0.020854 0.104872
0 0.456796 0.606557 0.018905 0.102439
0 0.481483 0.580368 0.035795 0.198655
0 0.513314 0.577324 0.030598 0.202311
0 0.548717 0.504240 0.042941 0.124358
0 0.546445 0.571841 0.030598 0.084169
0 0.538973 0.610209 0.024750 0.102432
0 0.418144 0.564534 0.039041 0.089041
0 0.559436 0.612645 0.025402 0.104872
0 0.580874 0.627260 0.035795 0.058588
0 0.578276 0.563318 0.038389 0.110959
0 0.601661 0.542000 0.047488 0.087824
0 0.611405 0.617517 0.034494 0.068331
0 0.641613 0.542608 0.062425 0.162122
0 0.658503 0.463436 0.054634 0.096345
0 0.719892 0.661426 0.050083 0.109622
0 0.668604 0.702233 0.079903 0.140074
0 0.629303 0.780794 0.050670 0.080385
0 0.585128 0.799064 0.049369 0.097439
0 0.547126 0.841088 0.050022 0.127892
0 0.571811 0.733902 0.042223 0.084047
0 0.547126 0.737554 0.027932 0.103527
0 0.522083 0.763135 0.024750 0.144946
0 0.502921 0.766179 0.021503 0.143723
0 0.484114 0.764959 0.025337 0.138851
0 0.459721 0.763743 0.028645 0.143730
0 0.431787 0.829517 0.041643 0.112061
0 0.398982 0.783838 0.040991 0.110838
0 0.359029 0.771051 0.045539 0.090128
0 0.271658 0.675436 0.061780 0.113277
0 0.324957 0.696142 0.085099 0.171743
0 0.411975 0.706497 0.044886 0.058466
0 0.435036 0.727203 0.032544 0.114500
0 0.327524 0.467095 0.043589 0.108527
0 0.349286 0.525557 0.050732 0.171858
0 0.394759 0.527385 0.041640 0.100000
0 0.384040 0.608382 0.038393 0.093912