0 0.610142 0.773564 0.038951 0.203547
0 0.294688 0.410777 0.054277 0.124527
0 0.331407 0.735848 0.098339 0.209534
0 0.581724 0.781348 0.029373 0.214318
0 0.707205 0.722081 0.087485 0.198757
0 0.249350 0.663412 0.047895 0.105365
0 0.285429 0.684963 0.077906 0.179601
0 0.549798 0.768774 0.038314 0.217912
0 0.688685 0.405986 0.078544 0.114946
0 0.349924 0.502973 0.063856 0.213122
0 0.566717 0.532304 0.027459 0.228689
0 0.439005 0.516740 0.040231 0.219115
0 0.501586 0.773564 0.027459 0.215520
0 0.522656 0.774162 0.041506 0.219108
0 0.326618 0.461064 0.075989 0.210723
0 0.436450 0.765784 0.041506 0.228689
0 0.743921 0.677182 0.056195 0.101770
0 0.416656 0.525723 0.035121 0.225095
0 0.393348 0.523926 0.044699 0.219108
0 0.487537 0.547872 0.032566 0.197554
0 0.467103 0.542480 0.027459 0.213122
0 0.657715 0.740041 0.095784 0.205932
0 0.482108 0.769973 0.030652 0.222703
0 0.516591 0.560443 0.029377 0.191574
0 0.542133 0.555652 0.029377 0.196358
0 0.465186 0.772966 0.036396 0.231081
0 0.593539 0.543679 0.030011 0.203547
0 0.615250 0.554456 0.041506 0.181993
0 0.370677 0.759196 0.058112 0.201149
0 0.408353 0.763986 0.040231 0.213122
0 0.669528 0.476030 0.079820 0.140088
0 0.640153 0.515541 0.081099 0.192770