0 0.462969 0.744257 0.029946 0.246041
0 0.272306 0.692486 0.072173 0.198541
0 0.546769 0.475007 0.036443 0.253473
0 0.681270 0.722331 0.079254 0.226554
0 0.511366 0.490841 0.053982 0.258345
0 0.445755 0.486581 0.047488 0.254689
0 0.581524 0.488409 0.053982 0.248601
0 0.363254 0.743645 0.048786 0.230209
0 0.621800 0.490240 0.040991 0.227899
0 0.667921 0.489017 0.063077 0.215709
0 0.706250 0.451868 0.064378 0.185264
0 0.563366 0.725375 0.052620 0.215588
0 0.736456 0.707713 0.070223 0.219250
0 0.598121 0.733294 0.045474 0.231426
0 0.635798 0.739385 0.048072 0.226554
0 0.512047 0.716848 0.037031 0.200980
0 0.533160 0.733291 0.029881 0.233865
0 0.487004 0.724764 0.029950 0.219243
0 0.474337 0.490841 0.053986 0.268088
0 0.385339 0.493889 0.056580 0.235196
0 0.281726 0.457956 0.066328 0.195007
0 0.356757 0.495108 0.047488 0.225459
0 0.417171 0.489625 0.044886 0.238858
0 0.321353 0.490841 0.055932 0.214493
0 0.315506 0.719895 0.085816 0.224115
0 0.233330 0.658382 0.059178 0.123020
0 0.429189 0.750345 0.035142 0.270405
0 0.398007 0.737557 0.037744 0.222899