0 0.437959 0.627872 0.031895 0.101216
0 0.600395 0.798456 0.048724 0.110845
0 0.432438 0.797845 0.041640 0.109622
0 0.488306 0.582791 0.024757 0.179149
0 0.364877 0.589507 0.050735 0.126797
0 0.394110 0.523122 0.046836 0.128014
0 0.426267 0.550524 0.043589 0.104872
0 0.434710 0.464047 0.057881 0.151162
0 0.565283 0.627872 0.024101 0.089041
0 0.567589 0.784446 0.037679 0.109622
0 0.545795 0.706436 0.031899 0.114615
0 0.566290 0.457959 0.050670 0.126797
0 0.508441 0.753997 0.023449 0.177831
0 0.459721 0.839868 0.052032 0.149818
0 0.492526 0.756436 0.022804 0.177831
0 0.481515 0.752169 0.046123 0.164432
0 0.516562 0.586459 0.038393 0.184041
0 0.576326 0.545047 0.040991 0.115838
0 0.604584 0.506068 0.049434 0.147500
0 0.462969 0.579757 0.028649 0.153595
0 0.686112 0.729027 0.063077 0.127892
0 0.333695 0.496324 0.062425 0.125581
0 0.418470 0.624824 0.037092 0.102432
0 0.608807 0.616301 0.042292 0.078074
0 0.398332 0.621780 0.038393 0.098777
0 0.588020 0.618736 0.031895 0.061027
0 0.310960 0.730855 0.059831 0.114493
0 0.545470 0.571845 0.028649 0.154811
0 0.356432 0.737557 0.071524 0.186358
0 0.401580 0.727203 0.047485 0.119365
0 0.394760 0.806983 0.044238 0.137642
0 0.633816 0.551747 0.062429 0.185264
0 0.434061 0.718068 0.030595 0.115716
0 0.455823 0.718676 0.027351 0.116932
0 0.568530 0.692426 0.034494 0.071986
0 0.594515 0.699125 0.044886 0.085385
0 0.524714 0.756372 0.029881 0.182824
0 0.665323 0.482318 0.066977 0.126797
0 0.635474 0.726591 0.077305 0.176615
0 0.541281 0.842304 0.046123 0.157122