0 0.450951 0.501196 0.038393 0.208405
0 0.543196 0.551135 0.029297 0.118270
0 0.595166 0.711976 0.035795 0.179047
0 0.475312 0.510943 0.044238 0.213277
0 0.510067 0.707713 0.026699 0.177831
0 0.639045 0.709537 0.087049 0.186358
0 0.565932 0.515814 0.043589 0.196223
0 0.684195 0.682135 0.091596 0.163216
0 0.361631 0.717459 0.075420 0.199757
0 0.391542 0.495108 0.048072 0.198662
0 0.449977 0.720500 0.031247 0.191230
0 0.525333 0.719284 0.028649 0.188797
0 0.728692 0.669953 0.077953 0.138851
0 0.489277 0.713804 0.022800 0.180270
0 0.540272 0.722331 0.037741 0.192446
0 0.590942 0.515206 0.045539 0.168209
0 0.501295 0.491453 0.050735 0.230324
0 0.258341 0.672389 0.075420 0.151034
0 0.353867 0.499980 0.048072 0.193784
0 0.694231 0.445777 0.068923 0.138973
0 0.568207 0.724155 0.032544 0.191230
0 0.668897 0.498760 0.062429 0.171858
0 0.290822 0.442122 0.049434 0.148716
0 0.428214 0.499368 0.034497 0.212061
0 0.629919 0.505459 0.052032 0.180392
0 0.545144 0.422696 0.108551 0.170527
0 0.315863 0.490845 0.050018 0.163338
0 0.408076 0.494500 0.044886 0.226676
0 0.400605 0.734510 0.029946 0.214372
0 0.472389 0.710757 0.024101 0.188797
0 0.315831 0.689443 0.076072 0.172966
0 0.423993 0.724767 0.039041 0.187574