0 0.443804 0.763743 0.037092 0.226554
0 0.258665 0.694922 0.076068 0.130331
0 0.321353 0.722331 0.102706 0.216811
0 0.375272 0.693706 0.062429 0.110845
0 0.366476 0.783841 0.052685 0.132764
0 0.412299 0.777142 0.052036 0.175392
0 0.415872 0.671172 0.042288 0.051155
0 0.469789 0.751564 0.027996 0.214372
0 0.498697 0.741412 0.029950 0.194068
0 0.518512 0.742429 0.024101 0.186358
0 0.540272 0.726591 0.032544 0.188791
0 0.295400 0.434875 0.059766 0.119372
0 0.319762 0.484753 0.066912 0.214493
0 0.367832 0.463436 0.044825 0.130453
0 0.361011 0.560274 0.045474 0.095128
0 0.391868 0.495716 0.060414 0.187703
0 0.418177 0.513378 0.048072 0.215716
0 0.449360 0.518858 0.036378 0.214500
0 0.481914 0.523868 0.038328 0.249818
0 0.520492 0.524338 0.039629 0.235203
0 0.545144 0.513378 0.050086 0.210838
0 0.577301 0.475010 0.039041 0.229115
0 0.602838 0.492064 0.031247 0.231547
0 0.621800 0.437250 0.047485 0.143851
0 0.628620 0.548699 0.054631 0.093912
0 0.664674 0.487797 0.070876 0.179176
0 0.693258 0.415328 0.068274 0.141412
0 0.736458 0.669956 0.058530 0.121804
0 0.675717 0.713804 0.079968 0.228986
0 0.641939 0.780186 0.043589 0.152250
0 0.617903 0.690662 0.052685 0.129108
0 0.599387 0.774095 0.037744 0.154689
0 0.565932 0.757044 0.039690 0.196101