0 0.550018 0.505463 0.029946 0.204750
0 0.441205 0.737554 0.030598 0.198541
0 0.549076 0.724767 0.053921 0.187574
0 0.331778 0.516422 0.050670 0.187696
0 0.530528 0.507284 0.028645 0.218149
0 0.585128 0.513986 0.029881 0.175514
0 0.519811 0.721720 0.022800 0.174182
0 0.397391 0.513375 0.037679 0.203534
0 0.569861 0.513375 0.031831 0.193791
0 0.366533 0.518247 0.033132 0.196223
0 0.735840 0.631584 0.085748 0.140074
0 0.504868 0.520078 0.038393 0.204750
0 0.421103 0.507895 0.029232 0.224236
0 0.387288 0.717456 0.053986 0.187574
0 0.416196 0.731463 0.042937 0.203412
0 0.678023 0.668736 0.071456 0.187581
0 0.444780 0.523122 0.026050 0.196230
0 0.481159 0.732071 0.022151 0.194885
0 0.674094 0.400709 0.071524 0.175514
0 0.273932 0.410453 0.054631 0.173081
0 0.348960 0.711976 0.079968 0.196101
0 0.297998 0.487189 0.061063 0.192568
0 0.622449 0.505459 0.061777 0.182824
0 0.468490 0.520686 0.042292 0.210845
0 0.654279 0.491453 0.069575 0.166986
0 0.306086 0.682730 0.072173 0.198568
0 0.637423 0.691267 0.082501 0.186358
0 0.596822 0.704061 0.057168 0.190014
0 0.500647 0.708932 0.027348 0.153473
0 0.574409 0.715632 0.051319 0.193669
0 0.465241 0.737554 0.027996 0.208284
0 0.258014 0.657774 0.068274 0.141291