0 0.339485 0.434787 0.054076 0.204561
0 0.369099 0.438010 0.034335 0.204561
0 0.675964 0.415476 0.069528 0.201345
0 0.703863 0.336611 0.061802 0.140182
0 0.391845 0.433986 0.031762 0.212608
0 0.639485 0.441230 0.054933 0.198122
0 0.418883 0.421912 0.034335 0.230311
0 0.694418 0.632027 0.078969 0.225324
0 0.557081 0.445250 0.037766 0.215824
0 0.445923 0.441226 0.033474 0.239966
0 0.528326 0.450885 0.045495 0.201338
0 0.497854 0.444446 0.046353 0.223878
0 0.586695 0.433986 0.035193 0.228703
0 0.473818 0.445250 0.039485 0.219041
0 0.433905 0.655361 0.033474 0.233372
0 0.454933 0.656973 0.034335 0.214054
0 0.372960 0.644902 0.043780 0.222101
0 0.398283 0.652949 0.054937 0.231764
0 0.471245 0.656973 0.037769 0.188311
0 0.531759 0.664216 0.062659 0.247851
0 0.492274 0.663412 0.036908 0.197959
0 0.515877 0.654554 0.032620 0.167378
0 0.638625 0.654557 0.084119 0.218885
0 0.555364 0.660993 0.041200 0.228541
0 0.591845 0.655365 0.043777 0.226932
0 0.690986 0.642490 0.072105 0.204399
0 0.304719 0.395355 0.056652 0.222264
0 0.289268 0.335807 0.078969 0.109601
0 0.239056 0.610301 0.067813 0.136804
0 0.745063 0.619152 0.068670 0.135196
0 0.289270 0.618348 0.065236 0.223709
0 0.333476 0.636047 0.084977 0.210838
0 0.610730 0.438010 0.040342 0.204561