0 0.318883 0.392946 0.054076 0.214216
0 0.230472 0.574088 0.084980 0.144851
0 0.727897 0.314889 0.046353 0.141791
0 0.295708 0.609497 0.069528 0.218885
0 0.615877 0.384895 0.052360 0.207777
0 0.585836 0.388922 0.047211 0.235142
0 0.524892 0.416280 0.047211 0.219047
0 0.582832 0.626392 0.061802 0.194743
0 0.661371 0.615932 0.091845 0.218878
0 0.708582 0.574088 0.083261 0.196351
0 0.495708 0.394554 0.045492 0.256068
0 0.746350 0.562821 0.060944 0.157723
0 0.703004 0.362365 0.034332 0.185243
0 0.548068 0.635247 0.036908 0.222101
0 0.523605 0.636855 0.020602 0.209223
0 0.502575 0.648122 0.024890 0.241419
0 0.480685 0.642486 0.025751 0.207622
0 0.406007 0.394551 0.058371 0.288250
0 0.348068 0.619149 0.071243 0.212446
0 0.378969 0.407429 0.050645 0.243182
0 0.454077 0.653753 0.037769 0.239804
0 0.424034 0.636051 0.039485 0.204399
0 0.354935 0.405014 0.038627 0.196514
0 0.398283 0.628807 0.046353 0.180264
0 0.651503 0.369605 0.061802 0.222264
0 0.273818 0.393750 0.048068 0.183635
0 0.551501 0.408233 0.055795 0.248020
0 0.617596 0.637659 0.060944 0.230155