0 0.479829 0.463760 0.037769 0.252845
0 0.507295 0.458125 0.054937 0.251236
0 0.531330 0.440422 0.061802 0.264115
0 0.563517 0.446861 0.060944 0.257669
0 0.579827 0.427547 0.071243 0.267324
0 0.607295 0.425132 0.074677 0.236750
0 0.648926 0.409841 0.066955 0.235142
0 0.685407 0.416284 0.083261 0.180419
0 0.716737 0.599834 0.082404 0.154507
0 0.716737 0.329372 0.085834 0.161108
0 0.676395 0.664216 0.101286 0.212446
0 0.770814 0.577304 0.063517 0.115878
0 0.639485 0.688355 0.072101 0.234980
0 0.612876 0.703645 0.061802 0.236588
0 0.592274 0.706061 0.072101 0.222108
0 0.556222 0.709280 0.039485 0.238196
0 0.536910 0.707669 0.030043 0.225324
0 0.513733 0.700426 0.035193 0.226932
0 0.488840 0.689966 0.035193 0.225324
0 0.457510 0.700429 0.048072 0.207615
0 0.424032 0.690770 0.060086 0.210838
0 0.396137 0.659385 0.060944 0.199568
0 0.347640 0.655361 0.096137 0.220493
0 0.297852 0.618348 0.096137 0.172209
0 0.254935 0.567649 0.072105 0.148068
0 0.272960 0.314081 0.053222 0.143405
0 0.287553 0.405017 0.061802 0.202953
0 0.338627 0.422720 0.060944 0.222264
0 0.374677 0.428351 0.048930 0.227095
0 0.398712 0.432375 0.043780 0.244791
0 0.418883 0.417084 0.046350 0.275372
0 0.452789 0.450885 0.033477 0.291473