0 0.682618 0.587980 0.084292 0.201149
0 0.631214 0.407784 0.061939 0.221500
0 0.375148 0.406584 0.061942 0.202345
0 0.525532 0.417365 0.033204 0.219108
0 0.605032 0.410179 0.032566 0.226291
0 0.448903 0.615517 0.026822 0.208331
0 0.545645 0.635872 0.031290 0.225095
0 0.474126 0.582595 0.023625 0.156851
0 0.522656 0.623301 0.022350 0.185588
0 0.303303 0.398189 0.052350 0.214351
0 0.414739 0.399402 0.047892 0.233480
0 0.502222 0.416764 0.031290 0.225095
0 0.398456 0.611328 0.044703 0.219115
0 0.493923 0.611328 0.024905 0.190372
0 0.267868 0.582591 0.064494 0.142480
0 0.276490 0.318584 0.056195 0.170020
0 0.337151 0.411973 0.040868 0.198757
0 0.317357 0.587983 0.066411 0.181993
0 0.425914 0.598155 0.031928 0.197554
0 0.735620 0.568824 0.084292 0.141284
0 0.504458 0.611328 0.026818 0.180791
0 0.665697 0.402997 0.077268 0.178399
0 0.398775 0.391024 0.049168 0.235872
0 0.568634 0.617916 0.035121 0.193966
0 0.601521 0.617912 0.052360 0.201149
0 0.698263 0.332351 0.065773 0.135297
0 0.573425 0.411378 0.034483 0.231081
0 0.636641 0.610128 0.074076 0.207135
0 0.442836 0.404193 0.032569 0.214318
0 0.552670 0.425743 0.042782 0.209527
0 0.472209 0.417365 0.035121 0.216716
0 0.361418 0.601747 0.060025 0.199953