0 0.617577 0.451257 0.044241 0.147500
0 0.751074 0.470747 0.082566 0.149939
0 0.782580 0.730855 0.072822 0.116926
0 0.290171 0.450041 0.076717 0.145068
0 0.235604 0.521294 0.061132 0.138980
0 0.660126 0.453693 0.050083 0.147507
0 0.310959 0.883108 0.085816 0.153473
0 0.229106 0.746689 0.078018 0.129108
0 0.187858 0.605946 0.079968 0.118270
0 0.284973 0.621784 0.053333 0.108527
0 0.203449 0.864226 0.064375 0.113277
0 0.666656 0.786274 0.066912 0.113277
0 0.169546 0.786024 0.062083 0.206264
0 0.702351 0.550527 0.077366 0.170649
0 0.655937 0.680916 0.074058 0.121804
0 0.719759 0.727115 0.097189 0.200459
0 0.134589 0.487797 0.076068 0.152378
0 0.653306 0.565145 0.055932 0.121926
0 0.261589 0.841696 0.063726 0.102311
0 0.285299 0.745473 0.065676 0.109622
0 0.609706 0.768446 0.084450 0.209500
0 0.330771 0.596811 0.066977 0.126797
0 0.281077 0.544436 0.054631 0.092696