0 0.637919 0.701128 0.097063 0.207135
0 0.354076 0.474233 0.061939 0.205939
0 0.299796 0.639463 0.088760 0.146074
0 0.540537 0.753209 0.061939 0.186784
0 0.355032 0.695139 0.084292 0.187980
0 0.610459 0.767578 0.074072 0.136493
0 0.639515 0.476628 0.082375 0.215514
0 0.689964 0.671794 0.084930 0.158047
0 0.653564 0.414966 0.096425 0.147270
0 0.403883 0.757402 0.054281 0.202345
0 0.600243 0.477230 0.057474 0.231081
0 0.592901 0.687956 0.064497 0.077831
0 0.530321 0.508956 0.060663 0.220304
0 0.513398 0.514345 0.045975 0.226297
0 0.511802 0.741236 0.036396 0.239459
0 0.301074 0.356301 0.046616 0.073034
0 0.483705 0.498780 0.038955 0.255034
0 0.326937 0.423949 0.062580 0.146074
0 0.465505 0.763385 0.052364 0.207135
0 0.478596 0.744831 0.026180 0.258622
0 0.416018 0.645453 0.065773 0.055081
0 0.499031 0.722081 0.030011 0.227486
0 0.557461 0.464655 0.053640 0.210730
0 0.393346 0.462861 0.053640 0.269399
0 0.520742 0.743632 0.053002 0.227493
0 0.425276 0.484412 0.062580 0.214324
0 0.451777 0.422750 0.049168 0.215514
0 0.441877 0.772368 0.051085 0.239466
0 0.453052 0.546074 0.047892 0.138892