0 0.692517 0.419757 0.056832 0.138892
0 0.387281 0.772966 0.055557 0.117338
0 0.512121 0.723277 0.034483 0.166432
0 0.483384 0.720882 0.037038 0.161642
0 0.431980 0.797510 0.047895 0.176007
0 0.567676 0.701125 0.037038 0.134101
0 0.595454 0.687956 0.045337 0.119736
0 0.636641 0.688554 0.048533 0.101770
0 0.655798 0.777159 0.049809 0.116142
0 0.544688 0.520331 0.025542 0.213122
0 0.679106 0.680770 0.078544 0.201149
0 0.741049 0.671196 0.065773 0.138892
0 0.671443 0.509554 0.050447 0.179595
0 0.633449 0.521527 0.048533 0.153257
0 0.576297 0.406588 0.050447 0.179595
0 0.597371 0.550861 0.037676 0.154453
0 0.567357 0.553257 0.032566 0.132905
0 0.518187 0.511351 0.036396 0.228689
0 0.469656 0.512551 0.050447 0.223899
0 0.443476 0.512547 0.032566 0.255027
0 0.413780 0.558047 0.031928 0.137689
0 0.389515 0.568223 0.042144 0.074230
0 0.409310 0.411375 0.053640 0.181993
0 0.384726 0.477230 0.051723 0.129311
0 0.348966 0.535301 0.046616 0.152061
0 0.287025 0.426345 0.070879 0.147270
0 0.311930 0.502372 0.051723 0.184392
0 0.610461 0.774166 0.056195 0.124520
0 0.563524 0.805294 0.047892 0.162831
0 0.345773 0.749618 0.055553 0.118534
0 0.311930 0.681970 0.098980 0.184385
0 0.252542 0.679574 0.064494 0.134095
0 0.460396 0.722081 0.031928 0.183189
0 0.436450 0.702324 0.030011 0.141284
0 0.540537 0.729264 0.030011 0.176000
0 0.397816 0.677179 0.062580 0.114939