0 0.325575 0.697970 0.081268 0.207061
0 0.644243 0.702841 0.097445 0.204628
0 0.689068 0.671780 0.075355 0.179047
0 0.580550 0.517030 0.045539 0.171858
0 0.550016 0.503635 0.041640 0.198662
0 0.517535 0.517030 0.053333 0.220588
0 0.494800 0.531037 0.044238 0.212061
0 0.464268 0.535909 0.037741 0.207182
0 0.406809 0.472574 0.039629 0.263216
0 0.376279 0.461608 0.040926 0.263216
0 0.352568 0.473791 0.045474 0.224243
0 0.315182 0.461611 0.057881 0.224236
0 0.281076 0.402537 0.046836 0.166993
0 0.657204 0.476834 0.053333 0.193791
0 0.437532 0.523730 0.039625 0.207189
0 0.235604 0.608443 0.061132 0.125453
0 0.288872 0.651074 0.072822 0.181486
0 0.393461 0.736946 0.036443 0.211932
0 0.418795 0.739993 0.041640 0.225338
0 0.446191 0.753095 0.026047 0.231419
0 0.368775 0.708321 0.045535 0.183926
0 0.470440 0.749128 0.024101 0.209500
0 0.737431 0.626105 0.051387 0.114493
0 0.723139 0.374584 0.047488 0.076736
0 0.486679 0.747301 0.020205 0.203412
0 0.680914 0.421416 0.065676 0.134101
0 0.504903 0.739993 0.026634 0.181486
0 0.530562 0.740601 0.028584 0.190014
0 0.562067 0.735730 0.040926 0.190014
0 0.619200 0.557226 0.048786 0.062236
0 0.595523 0.673608 0.036378 0.070649
0 0.608807 0.465267 0.051387 0.141412
0 0.596822 0.763135 0.046775 0.127892