0 0.486259 0.696338 0.028735 0.221500
0 0.469658 0.690351 0.040231 0.209527
0 0.289259 0.634078 0.097063 0.192764
0 0.435173 0.441909 0.045337 0.289750
0 0.241368 0.602348 0.058750 0.131709
0 0.384088 0.670595 0.045337 0.189176
0 0.336514 0.686159 0.054915 0.138885
0 0.439323 0.698132 0.037038 0.232277
0 0.410908 0.689753 0.032569 0.203547
0 0.538620 0.695128 0.053002 0.233500
0 0.573105 0.689152 0.055557 0.202345
0 0.677829 0.442500 0.095146 0.187973
0 0.521380 0.684966 0.036396 0.225095
0 0.507332 0.685561 0.031290 0.202351
0 0.647816 0.463459 0.072159 0.201149
0 0.609184 0.466456 0.051088 0.223899
0 0.733386 0.622703 0.064494 0.131703
0 0.706885 0.364081 0.062577 0.117338
0 0.680703 0.652639 0.093232 0.184385
0 0.620040 0.682571 0.058746 0.184385
0 0.463589 0.454480 0.035762 0.262216
0 0.309056 0.420358 0.070241 0.222703
0 0.288941 0.360490 0.070883 0.131709
0 0.411546 0.445500 0.051726 0.280176
0 0.382809 0.443706 0.044061 0.269399
0 0.534151 0.461064 0.038955 0.227493
0 0.487854 0.461068 0.034483 0.234676
0 0.514036 0.464659 0.039589 0.241858
0 0.581411 0.429338 0.051737 0.264608
0 0.558737 0.435321 0.051088 0.269399
0 0.342580 0.441311 0.054277 0.255027