0 0.551348 0.688834 0.038977 0.115709
0 0.543229 0.790541 0.033132 0.170527
0 0.523741 0.718068 0.025333 0.183919
0 0.504901 0.711976 0.022739 0.159561
0 0.488011 0.707713 0.027935 0.153466
0 0.468198 0.707105 0.037679 0.157128
0 0.573436 0.749125 0.045474 0.187574
0 0.644530 0.674811 0.078681 0.187541
0 0.747499 0.611486 0.057232 0.116932
0 0.644861 0.468919 0.062429 0.187703
0 0.583474 0.501196 0.043589 0.130446
0 0.560411 0.394618 0.037744 0.202318
0 0.592600 0.665693 0.059117 0.115709
0 0.466575 0.504851 0.037027 0.198662
0 0.315825 0.412291 0.055268 0.193770
0 0.283351 0.345287 0.059178 0.132885
0 0.346688 0.470135 0.057232 0.180392
0 0.383389 0.463436 0.046187 0.186480
0 0.414247 0.489625 0.045539 0.187696
0 0.440883 0.416544 0.044238 0.224236
0 0.241450 0.640723 0.055932 0.133986
0 0.343764 0.684571 0.083867 0.197318
0 0.398658 0.647419 0.041640 0.081608
0 0.424966 0.696750 0.042292 0.153473
0 0.389270 0.749128 0.039629 0.172959
0 0.446436 0.755216 0.037031 0.163216
0 0.614659 0.772277 0.053968 0.163203
0 0.698778 0.657774 0.076721 0.182709
0 0.701052 0.362402 0.072173 0.113277
0 0.673119 0.403753 0.061777 0.166993
0 0.617252 0.542611 0.035795 0.076858
0 0.608807 0.428723 0.053982 0.163338
0 0.569831 0.556010 0.029297 0.103655
0 0.536050 0.507895 0.047488 0.185264
0 0.433737 0.549311 0.029946 0.070770
0 0.489636 0.509111 0.028584 0.204750
0 0.517894 0.510331 0.027932 0.216932
0 0.296667 0.665081 0.072822 0.182703