0 0.600000 0.553889 0.060086 0.124088
0 0.337339 0.677895 0.094418 0.207615
0 0.580258 0.400990 0.056652 0.188466
0 0.387551 0.446057 0.055795 0.127304
0 0.343777 0.471807 0.059229 0.207777
0 0.325751 0.393747 0.069528 0.173980
0 0.446351 0.556304 0.036054 0.145014
0 0.451072 0.390530 0.064378 0.167547
0 0.427038 0.484679 0.050645 0.107993
0 0.384119 0.537794 0.059229 0.143399
0 0.414591 0.547449 0.036050 0.143399
0 0.493562 0.511236 0.037769 0.251230
0 0.464377 0.508824 0.044638 0.227095
0 0.521886 0.528135 0.046353 0.249622
0 0.544634 0.514459 0.045492 0.164324
0 0.679827 0.393750 0.087553 0.164324
0 0.618454 0.458929 0.067813 0.159493
0 0.575535 0.555497 0.035193 0.159493
0 0.554506 0.709280 0.029186 0.135196
0 0.653218 0.489510 0.058371 0.172372
0 0.721458 0.666628 0.072962 0.146459
0 0.627038 0.772851 0.055791 0.130365
0 0.668238 0.678699 0.103863 0.177034
0 0.284977 0.653753 0.053218 0.140020
0 0.412876 0.785726 0.044634 0.120709
0 0.421888 0.688355 0.050645 0.119101
0 0.457510 0.716520 0.030905 0.149676
0 0.437339 0.850909 0.062663 0.138412
0 0.373389 0.748709 0.048068 0.149676
0 0.494849 0.730203 0.028328 0.177041
0 0.518883 0.722155 0.033477 0.148068
0 0.562231 0.836426 0.058371 0.157730
0 0.475106 0.748709 0.024894 0.149676
0 0.529184 0.735030 0.030043 0.135196
0 0.579400 0.688358 0.048068 0.131973
0 0.586267 0.759172 0.044634 0.128750