0 0.459721 0.655946 0.037741 0.091351
0 0.483818 0.697358 0.031895 0.135203
0 0.511040 0.700402 0.040342 0.141291
0 0.536375 0.688831 0.035142 0.154689
0 0.561092 0.645595 0.038977 0.116932
0 0.598121 0.683959 0.046771 0.088919
0 0.646517 0.672389 0.061712 0.087696
0 0.670877 0.596875 0.094843 0.177831
0 0.734831 0.565203 0.065676 0.129108
0 0.680589 0.347723 0.075420 0.137757
0 0.660128 0.437250 0.069575 0.148716
0 0.620499 0.501196 0.051384 0.084162
0 0.610106 0.418980 0.050086 0.112176
0 0.575351 0.523122 0.029946 0.135324
0 0.561710 0.376348 0.032544 0.165777
0 0.539948 0.495716 0.042288 0.192568
0 0.511364 0.491453 0.040991 0.208405
0 0.476935 0.481709 0.035795 0.235203
0 0.444780 0.490233 0.040342 0.220588
0 0.418753 0.544446 0.039041 0.118270
0 0.431139 0.381831 0.039041 0.184041
0 0.401256 0.450649 0.061128 0.119486
0 0.310310 0.334936 0.044238 0.146291
0 0.339899 0.425679 0.073405 0.166993
0 0.397360 0.524078 0.029885 0.065993
0 0.564429 0.739959 0.057268 0.108500
0 0.618876 0.582257 0.054631 0.092568
0 0.586396 0.613314 0.044238 0.103534
0 0.364259 0.459172 0.057168 0.168209
0 0.397034 0.710149 0.043589 0.090135
0 0.420418 0.763132 0.052685 0.132764
0 0.271982 0.575557 0.059827 0.105966
0 0.321353 0.598091 0.091009 0.187574
0 0.370398 0.602355 0.056580 0.105966
0 0.410025 0.623669 0.031899 0.090135
0 0.435036 0.638287 0.027348 0.087696
0 0.345714 0.693706 0.064378 0.103534