0 0.511924 0.698818 0.026876 0.155878
0 0.491877 0.696142 0.018905 0.142514
0 0.478234 0.687615 0.024101 0.137635
0 0.655905 0.414784 0.068926 0.115973
0 0.557382 0.517358 0.033243 0.080459
0 0.624398 0.474399 0.047485 0.125581
0 0.594191 0.426956 0.037744 0.096223
0 0.535676 0.473544 0.034090 0.176007
0 0.520459 0.485970 0.035795 0.195007
0 0.490935 0.495716 0.025986 0.153595
0 0.465924 0.496557 0.039625 0.143101
0 0.417088 0.531324 0.033196 0.069554
0 0.553905 0.373983 0.040342 0.168209
0 0.456148 0.386091 0.048786 0.160899
0 0.437959 0.452476 0.050086 0.084169
0 0.404503 0.459784 0.046836 0.096351
0 0.368483 0.507287 0.048721 0.113399
0 0.342141 0.434875 0.068923 0.102318
0 0.303162 0.682135 0.070223 0.143730
0 0.351560 0.687007 0.086465 0.177838
0 0.408076 0.651074 0.050083 0.064554
0 0.389888 0.736334 0.053982 0.140074
0 0.438932 0.660209 0.050735 0.065770
0 0.580872 0.735122 0.034494 0.135203
0 0.457447 0.756436 0.027996 0.175399
0 0.449160 0.525956 0.029297 0.076858
0 0.617090 0.707676 0.061676 0.127946
0 0.573454 0.499348 0.039542 0.090358
0 0.596072 0.514084 0.029232 0.061020
0 0.686436 0.669345 0.062429 0.159568
0 0.643398 0.669635 0.064699 0.189378
0 0.424315 0.761916 0.037092 0.142507
0 0.597764 0.624885 0.033193 0.063338
0 0.572105 0.637676 0.024750 0.071865
0 0.552577 0.696318 0.023495 0.154392
0 0.533128 0.680916 0.023452 0.129115