0 0.589045 0.481709 0.044829 0.184041
0 0.401580 0.691270 0.038389 0.210716
0 0.505843 0.487801 0.035146 0.223020
0 0.477910 0.489014 0.036447 0.227892
0 0.449002 0.500588 0.030595 0.195000
0 0.392486 0.484753 0.034494 0.182831
0 0.422368 0.475010 0.038393 0.197439
0 0.361629 0.481098 0.044238 0.180385
0 0.328499 0.453084 0.057229 0.219372
0 0.530854 0.485973 0.038393 0.207189
0 0.562034 0.487797 0.042288 0.198662
0 0.634142 0.467091 0.073474 0.186480
0 0.683838 0.453693 0.074119 0.162115
0 0.715018 0.364230 0.055932 0.104757
0 0.758868 0.609662 0.050083 0.142514
0 0.700436 0.634020 0.092894 0.191149
0 0.635420 0.676652 0.068317 0.196101
0 0.595490 0.711976 0.027348 0.200980
0 0.579575 0.721720 0.033196 0.205845
0 0.554564 0.701014 0.031247 0.183919
0 0.534750 0.708321 0.024101 0.183926
0 0.514614 0.710760 0.026699 0.193669
0 0.493825 0.700405 0.025402 0.177838
0 0.474987 0.690662 0.025398 0.182703
0 0.449326 0.693098 0.029946 0.175399
0 0.427240 0.685787 0.029946 0.177831
0 0.353834 0.682743 0.076721 0.208284
0 0.305276 0.637368 0.090364 0.193669
0 0.296018 0.428723 0.053333 0.146284
0 0.270737 0.346591 0.057200 0.094682
0 0.611256 0.470139 0.042901 0.226318
0 0.258895 0.605497 0.049604 0.114791