0 0.463699 0.393878 0.047686 0.244351
0 0.428822 0.417902 0.046263 0.241682
0 0.398220 0.440588 0.040569 0.271041
0 0.375798 0.439250 0.055517 0.233676
0 0.340568 0.433247 0.061921 0.235007
0 0.277933 0.415233 0.070461 0.231007
0 0.212454 0.609473 0.071885 0.136122
0 0.272595 0.611470 0.081139 0.230872
0 0.319926 0.636831 0.090389 0.206851
0 0.375086 0.667524 0.046973 0.270912
0 0.406759 0.632824 0.044840 0.198838
0 0.439499 0.662186 0.040569 0.268236
0 0.465477 0.647507 0.042703 0.238878
0 0.491813 0.639500 0.038436 0.212189
0 0.512097 0.644834 0.044843 0.220196
0 0.539499 0.642834 0.041283 0.229534
0 0.569393 0.652845 0.041279 0.244216
0 0.598218 0.674861 0.050533 0.226872
0 0.641991 0.668189 0.046973 0.200176
0 0.712097 0.656179 0.097506 0.205520
0 0.769393 0.649503 0.068328 0.133453
0 0.731670 0.375196 0.074022 0.134919
0 0.705692 0.456601 0.084695 0.214986
0 0.664411 0.452598 0.071885 0.257696
0 0.628112 0.456601 0.050537 0.252351
0 0.598930 0.443253 0.051957 0.268372
0 0.568326 0.419236 0.047686 0.287054
0 0.532382 0.414564 0.046977 0.256358
0 0.504978 0.412564 0.041993 0.241682