0 0.323951 0.481706 0.057229 0.166993
0 0.557845 0.766787 0.038977 0.200980
0 0.498371 0.549916 0.043589 0.223020
0 0.534218 0.763943 0.045539 0.205845
0 0.491876 0.763743 0.035795 0.182703
0 0.453223 0.543824 0.046836 0.254689
0 0.314856 0.666301 0.084515 0.172966
0 0.353832 0.700405 0.093611 0.170527
0 0.414897 0.756432 0.044238 0.182703
0 0.442182 0.754608 0.050735 0.198541
0 0.522407 0.522514 0.048786 0.236419
0 0.626672 0.502416 0.070223 0.223020
0 0.306088 0.393402 0.065676 0.131669
0 0.476285 0.542000 0.039690 0.248595
0 0.650384 0.484753 0.108551 0.175520
0 0.679290 0.421416 0.081917 0.129236
0 0.413274 0.517639 0.040991 0.233980
0 0.590944 0.518250 0.058530 0.227892
0 0.511366 0.767395 0.034494 0.192453
0 0.390861 0.718068 0.054631 0.162000
0 0.646517 0.716848 0.092897 0.183926
0 0.475636 0.751561 0.038393 0.165649
0 0.353508 0.509115 0.056580 0.160905
0 0.542546 0.531649 0.055283 0.227892
0 0.595523 0.744865 0.067557 0.191230
0 0.274256 0.643159 0.066977 0.121804
0 0.465568 0.764351 0.044238 0.162000
0 0.704950 0.701014 0.073474 0.130324
0 0.564957 0.530429 0.046836 0.215709
0 0.427888 0.534693 0.048137 0.241291
0 0.385989 0.507899 0.043589 0.199878