0 0.573079 0.556618 0.040991 0.185264
0 0.551966 0.565142 0.041640 0.192568
0 0.622773 0.525557 0.059831 0.166993
0 0.531503 0.577321 0.034494 0.158466
0 0.516886 0.580980 0.029946 0.190135
0 0.447054 0.770443 0.037092 0.166872
0 0.333045 0.711976 0.067625 0.152250
0 0.422369 0.760699 0.046187 0.176615
0 0.376245 0.749733 0.083863 0.186358
0 0.280751 0.690659 0.056580 0.112061
0 0.603643 0.745473 0.038328 0.153473
0 0.383099 0.527385 0.058465 0.180392
0 0.321353 0.427507 0.054634 0.112176
0 0.346686 0.471355 0.050735 0.163331
0 0.487654 0.775922 0.023452 0.168088
0 0.468814 0.773486 0.024750 0.187581
0 0.457155 0.537128 0.031182 0.229108
0 0.417528 0.527385 0.037679 0.209622
0 0.437308 0.536520 0.047488 0.215716
0 0.491876 0.574277 0.030598 0.208405
0 0.473396 0.576713 0.022086 0.166993
0 0.649764 0.733902 0.085099 0.179047
0 0.520135 0.766787 0.018252 0.157128
0 0.506494 0.768615 0.019553 0.163216
0 0.538973 0.764351 0.020850 0.149811
0 0.554888 0.773486 0.025402 0.187581
0 0.577625 0.764351 0.030595 0.179054
0 0.683870 0.687007 0.067560 0.146162
0 0.728335 0.668128 0.053982 0.105973
0 0.670521 0.429943 0.052681 0.092696
0 0.653305 0.492669 0.062429 0.135324
0 0.595490 0.547480 0.040342 0.162122