0 0.437959 0.431159 0.047485 0.260777
0 0.337917 0.632196 0.078667 0.185135
0 0.750423 0.574338 0.047485 0.127892
0 0.389562 0.665693 0.071521 0.222899
0 0.369423 0.411064 0.048137 0.225453
0 0.437959 0.679091 0.035795 0.203412
0 0.493825 0.415324 0.053986 0.243730
0 0.503569 0.679091 0.027996 0.215588
0 0.610139 0.644986 0.073409 0.181486
0 0.293420 0.596264 0.074119 0.171743
0 0.405477 0.425068 0.044886 0.226676
0 0.588993 0.408628 0.052032 0.220581
0 0.586103 0.660209 0.061712 0.192446
0 0.524683 0.680916 0.027348 0.224115
0 0.694231 0.400709 0.081917 0.170649
0 0.469463 0.437250 0.033845 0.246162
0 0.269382 0.320929 0.050735 0.147507
0 0.657236 0.642547 0.101341 0.191230
0 0.323627 0.394622 0.064378 0.226676
0 0.709530 0.610274 0.092897 0.204628
0 0.553623 0.682743 0.040926 0.235081
0 0.548393 0.397666 0.078667 0.259561
0 0.241775 0.575557 0.061777 0.125453
0 0.481809 0.685179 0.028649 0.220466
0 0.652980 0.402537 0.066977 0.193791
0 0.614978 0.413500 0.059831 0.208405
0 0.462968 0.684571 0.031247 0.211939
0 0.517861 0.428118 0.059182 0.223020
0 0.282050 0.382439 0.063077 0.187703