0 0.533777 0.529733 0.037744 0.184047
0 0.676332 0.468105 0.065744 0.184453
0 0.732559 0.640720 0.058530 0.121804
0 0.603968 0.719284 0.066263 0.198541
0 0.550049 0.742426 0.041575 0.205851
0 0.488661 0.729027 0.022735 0.171743
0 0.422043 0.732074 0.046840 0.209500
0 0.353508 0.710149 0.081265 0.207068
0 0.315539 0.469527 0.063661 0.181608
0 0.479533 0.541392 0.037092 0.210838
0 0.378551 0.518250 0.037679 0.188919
0 0.510391 0.543828 0.035146 0.203534
0 0.342497 0.503024 0.048721 0.182831
0 0.264187 0.649855 0.057232 0.115709
0 0.394110 0.725375 0.049438 0.200980
0 0.468847 0.747301 0.023387 0.203412
0 0.508798 0.727811 0.026634 0.183919
0 0.575708 0.725983 0.048721 0.194885
0 0.686468 0.661426 0.076656 0.190014
0 0.445429 0.733899 0.036443 0.191230
0 0.696505 0.412949 0.059178 0.112061
0 0.645542 0.704061 0.088346 0.209500
0 0.312258 0.662645 0.070223 0.177831
0 0.646160 0.501196 0.049438 0.179176
0 0.303196 0.397666 0.062364 0.123142
0 0.455499 0.540780 0.025398 0.214493
0 0.431787 0.512767 0.033845 0.241291
0 0.405802 0.518250 0.033845 0.220581
0 0.610757 0.514595 0.038393 0.198662
0 0.586070 0.523122 0.037092 0.201095
0 0.562036 0.517034 0.034494 0.218149
0 0.527638 0.732074 0.027932 0.172959