0 0.457079 0.469392 0.030043 0.190081
0 0.600858 0.669044 0.048072 0.144845
0 0.491458 0.486182 0.037769 0.087838
0 0.443348 0.575615 0.045492 0.096730
0 0.646351 0.638463 0.065236 0.186696
0 0.397852 0.540209 0.042061 0.099946
0 0.703004 0.627199 0.068667 0.135196
0 0.571243 0.498361 0.042061 0.125696
0 0.374249 0.734226 0.060086 0.127142
0 0.529614 0.503993 0.051503 0.146622
0 0.649355 0.409037 0.059229 0.136966
0 0.463519 0.691578 0.030901 0.119101
0 0.436908 0.665828 0.044634 0.106223
0 0.576822 0.689966 0.034335 0.131973
0 0.552789 0.697209 0.027467 0.123932
0 0.437768 0.400990 0.039485 0.136966
0 0.558798 0.833206 0.048068 0.141628
0 0.530901 0.746297 0.028324 0.170595
0 0.423605 0.500774 0.030043 0.091899
0 0.512445 0.731814 0.024032 0.141628
0 0.422746 0.754345 0.043777 0.109446
0 0.496137 0.738250 0.027467 0.186689
0 0.406438 0.402601 0.038627 0.143405
0 0.470814 0.735030 0.031762 0.135196
0 0.439054 0.824355 0.040342 0.133588
0 0.378541 0.466976 0.049787 0.172372
0 0.481115 0.576422 0.036912 0.124088
0 0.617168 0.489514 0.094422 0.198122
0 0.596566 0.571591 0.061802 0.079020
0 0.354506 0.387392 0.066951 0.131973
0 0.574249 0.589294 0.044634 0.075804
0 0.301717 0.570061 0.055795 0.165770
0 0.587124 0.783314 0.042919 0.115885
0 0.421888 0.561932 0.042061 0.098338
0 0.403861 0.652949 0.064378 0.122318
0 0.594420 0.454909 0.045495 0.141791
0 0.533905 0.602169 0.029186 0.082243
0 0.556652 0.421916 0.045492 0.156277
0 0.547209 0.583662 0.023175 0.103162
0 0.356652 0.642486 0.076396 0.175432
0 0.512016 0.567568 0.036912 0.161108
0 0.619314 0.755149 0.048926 0.111054