0 0.643987 0.437118 0.056832 0.215520
0 0.260526 0.595166 0.062580 0.122128
0 0.349285 0.659821 0.097063 0.229885
0 0.497432 0.686760 0.021712 0.202345
0 0.298200 0.371865 0.063859 0.128108
0 0.310652 0.621507 0.078544 0.208338
0 0.426551 0.698733 0.037038 0.247845
0 0.399733 0.669997 0.043423 0.197561
0 0.478595 0.683767 0.028735 0.205939
0 0.453692 0.690949 0.038951 0.249047
0 0.681022 0.429932 0.061942 0.189176
0 0.513398 0.675983 0.022991 0.180791
0 0.607587 0.669399 0.058108 0.208338
0 0.528085 0.686760 0.021712 0.216709
0 0.549157 0.686760 0.038314 0.235872
0 0.576935 0.669997 0.047895 0.192764
0 0.690602 0.620311 0.078544 0.186784
0 0.643986 0.652635 0.091315 0.222703
0 0.736578 0.605341 0.068328 0.132899
0 0.702735 0.376057 0.051726 0.110155
0 0.400371 0.442507 0.049809 0.243054
0 0.537025 0.460466 0.037034 0.231081
0 0.609823 0.435922 0.049809 0.239466
0 0.583323 0.446098 0.053002 0.233480
0 0.565123 0.443105 0.035759 0.253831
0 0.469016 0.464057 0.035121 0.226291
0 0.516591 0.470645 0.031928 0.217912
0 0.489450 0.472439 0.031290 0.216716
0 0.423360 0.447297 0.045978 0.240662
0 0.445389 0.430534 0.037676 0.255027
0 0.325022 0.432328 0.053640 0.196358
0 0.371636 0.445497 0.054919 0.217912