0 0.438933 0.406801 0.046840 0.216926
0 0.621800 0.467091 0.060479 0.235196
0 0.537025 0.820382 0.037741 0.183926
0 0.456506 0.506071 0.041575 0.223020
0 0.530204 0.511551 0.048789 0.219372
0 0.336294 0.403145 0.042937 0.138980
0 0.296667 0.669953 0.067625 0.138851
0 0.568240 0.782622 0.059766 0.154689
0 0.508766 0.517639 0.031895 0.238858
0 0.424641 0.535909 0.039041 0.104872
0 0.480184 0.513375 0.029297 0.240074
0 0.521434 0.728419 0.040339 0.182703
0 0.649083 0.404973 0.051384 0.145068
0 0.405186 0.425679 0.040274 0.145061
0 0.502595 0.735726 0.035142 0.185142
0 0.400607 0.538348 0.036443 0.112182
0 0.556546 0.409236 0.040277 0.219365
0 0.348960 0.682743 0.085164 0.179054
0 0.406452 0.720503 0.042937 0.193669
0 0.585422 0.418372 0.037092 0.184041
0 0.485054 0.730855 0.027348 0.177831
0 0.464268 0.730247 0.031247 0.176615
0 0.678966 0.677264 0.064375 0.138851
0 0.589351 0.701622 0.076007 0.143730
0 0.633200 0.694314 0.092245 0.194885
0 0.430486 0.806983 0.048137 0.203412
0 0.592241 0.550527 0.029946 0.109743
0 0.563335 0.552963 0.037092 0.119493
0 0.366533 0.454304 0.059114 0.219365