0 0.552324 0.696750 0.034429 0.114500
0 0.427890 0.689439 0.041640 0.099878
0 0.562359 0.551135 0.026050 0.120703
0 0.538324 0.557226 0.023452 0.101223
0 0.583472 0.557834 0.034497 0.097561
0 0.279777 0.694314 0.058530 0.107182
0 0.341492 0.704669 0.078018 0.183919
0 0.385989 0.724764 0.081268 0.180270
0 0.532510 0.713193 0.032479 0.115709
0 0.558495 0.819162 0.045474 0.137635
0 0.591950 0.788713 0.048721 0.098655
0 0.513346 0.726595 0.021438 0.137635
0 0.493533 0.747267 0.036378 0.171682
0 0.470472 0.722936 0.025333 0.113277
0 0.449034 0.848395 0.043524 0.169304
0 0.417854 0.797848 0.042223 0.119372
0 0.447378 0.713196 0.040342 0.137635
0 0.571459 0.406801 0.046847 0.121926
0 0.542546 0.475007 0.035795 0.117054
0 0.515912 0.522510 0.034497 0.177953
0 0.488629 0.540172 0.030598 0.140196
0 0.478236 0.489017 0.035795 0.157250
0 0.460695 0.579149 0.024101 0.079297
0 0.453550 0.474399 0.038393 0.120703
0 0.435034 0.562706 0.033845 0.121926
0 0.413923 0.556615 0.040991 0.126797
0 0.413274 0.487189 0.046187 0.080514
0 0.423993 0.406801 0.048137 0.124358
0 0.390211 0.479270 0.045539 0.081730
0 0.387613 0.576105 0.046836 0.092696
0 0.350259 0.479878 0.053982 0.182824
0 0.316481 0.415936 0.064378 0.115831
0 0.669905 0.699189 0.076004 0.180270
0 0.719892 0.676044 0.050083 0.114493
0 0.678641 0.407409 0.057232 0.125574
0 0.645186 0.465872 0.052685 0.164554
0 0.609456 0.553571 0.052685 0.113399
0 0.582205 0.695534 0.047423 0.119365
0 0.618584 0.695534 0.076007 0.148595
0 0.580223 0.484753 0.029297 0.082953
0 0.605559 0.465264 0.047485 0.080514