0 0.544481 0.444591 0.037013 0.206980
0 0.573306 0.439253 0.027759 0.217655
0 0.599286 0.435916 0.034162 0.221669
0 0.617791 0.443922 0.035589 0.186966
0 0.645550 0.450595 0.052670 0.194973
0 0.676865 0.438584 0.078292 0.176291
0 0.705335 0.370527 0.062634 0.136257
0 0.744126 0.627486 0.066191 0.140122
0 0.695016 0.633490 0.093240 0.176155
0 0.653378 0.658848 0.091103 0.189507
0 0.607115 0.678196 0.041279 0.196176
0 0.586829 0.678196 0.043416 0.190838
0 0.562632 0.673527 0.041993 0.173486
0 0.536295 0.688875 0.017795 0.201507
0 0.520638 0.669524 0.023488 0.154804
0 0.500708 0.672861 0.022065 0.161480
0 0.483272 0.668189 0.022775 0.162811
0 0.456937 0.676196 0.039856 0.194838
0 0.432382 0.668189 0.036295 0.192176
0 0.405337 0.669524 0.034876 0.192169
0 0.364766 0.652841 0.076155 0.166818
0 0.307115 0.640166 0.083276 0.192169
0 0.255514 0.632155 0.052670 0.125446
0 0.308184 0.317811 0.078292 0.156270
0 0.316723 0.429243 0.056941 0.184297
0 0.361207 0.438584 0.057650 0.202980
0 0.396795 0.432581 0.049114 0.223000
0 0.419926 0.426574 0.056941 0.240351
0 0.445905 0.420568 0.036299 0.244351
0 0.470105 0.434581 0.026335 0.235014
0 0.491101 0.441253 0.035586 0.248358
0 0.520283 0.443922 0.041279 0.229669