0 0.443155 0.426943 0.048530 0.154453
0 0.462631 0.720882 0.040231 0.124520
0 0.366207 0.701128 0.093870 0.178405
0 0.550117 0.838821 0.042786 0.140088
0 0.594178 0.695740 0.044061 0.098182
0 0.343858 0.465855 0.075989 0.114939
0 0.570868 0.699328 0.024267 0.076628
0 0.306501 0.690949 0.067690 0.124520
0 0.450180 0.691551 0.037038 0.082615
0 0.481470 0.758003 0.026818 0.181993
0 0.415058 0.696936 0.048530 0.102966
0 0.457843 0.833432 0.052364 0.165230
0 0.438366 0.782544 0.036400 0.116142
0 0.394623 0.780750 0.054919 0.119730
0 0.514355 0.766980 0.019795 0.204743
0 0.499668 0.750818 0.028735 0.165230
0 0.531917 0.752014 0.029377 0.186784
0 0.556503 0.725071 0.031290 0.154453
0 0.546924 0.546672 0.031290 0.204736
0 0.657076 0.484412 0.053640 0.156851
0 0.606629 0.796314 0.042144 0.134101
0 0.576616 0.801101 0.035762 0.155649
0 0.653243 0.729264 0.094508 0.210730
0 0.693474 0.738243 0.062580 0.159243
0 0.579171 0.455676 0.051085 0.144878
0 0.589708 0.629291 0.035121 0.065851
0 0.621955 0.532304 0.063859 0.204743
0 0.583004 0.555652 0.034483 0.100574
0 0.567038 0.601152 0.033204 0.170020
0 0.491049 0.564034 0.031928 0.201149
0 0.430384 0.614919 0.038317 0.101770
0 0.524892 0.578402 0.030649 0.217912
0 0.452735 0.618514 0.030652 0.111351
0 0.471571 0.530510 0.028735 0.196358
0 0.400692 0.482615 0.053002 0.126919
0 0.439005 0.526916 0.028735 0.100574
0 0.408353 0.573014 0.047892 0.132905
0 0.372593 0.516142 0.056832 0.215514