0 0.607832 0.454912 0.040342 0.184041
0 0.635885 0.414233 0.041708 0.150818
0 0.521467 0.646811 0.023387 0.163216
0 0.504577 0.644375 0.027286 0.165655
0 0.487686 0.641331 0.024685 0.162000
0 0.569213 0.638895 0.042223 0.161993
0 0.295043 0.388530 0.037092 0.138980
0 0.322328 0.427507 0.047488 0.173081
0 0.360978 0.439689 0.049438 0.173081
0 0.385989 0.446993 0.037095 0.180392
0 0.412299 0.454301 0.042941 0.195007
0 0.434712 0.461003 0.035795 0.176736
0 0.460371 0.449429 0.028649 0.197439
0 0.482782 0.448213 0.035791 0.224236
0 0.513314 0.453084 0.029301 0.212061
0 0.538649 0.453696 0.030595 0.198662
0 0.561061 0.451260 0.027348 0.213277
0 0.583146 0.460395 0.033845 0.195007
0 0.668247 0.428726 0.048133 0.168209
0 0.699429 0.403145 0.046836 0.138980
0 0.715377 0.553632 0.077305 0.152250
0 0.678023 0.598699 0.083153 0.159561
0 0.633200 0.615142 0.068858 0.172959
0 0.602018 0.627321 0.054566 0.151034
0 0.469173 0.638284 0.026634 0.155905
0 0.445787 0.637068 0.029232 0.175392
0 0.422400 0.630976 0.029232 0.170520
0 0.394436 0.627932 0.038393 0.171743
0 0.360005 0.616970 0.069575 0.186358
0 0.318429 0.590784 0.073470 0.163216
0 0.280751 0.561551 0.056580 0.158345
0 0.540955 0.641939 0.032483 0.175392