0 0.338600 0.423243 0.053921 0.154811
0 0.375303 0.426287 0.035081 0.158466
0 0.665647 0.419591 0.048137 0.169426
0 0.484081 0.596875 0.021503 0.214372
0 0.518510 0.396446 0.030598 0.208405
0 0.289196 0.571902 0.082566 0.142507
0 0.448677 0.631588 0.023452 0.244824
0 0.443514 0.401929 0.032483 0.221804
0 0.571454 0.423851 0.036443 0.180392
0 0.661532 0.599041 0.059640 0.196784
0 0.544171 0.613314 0.027348 0.230209
0 0.426265 0.605395 0.037092 0.204628
0 0.310667 0.412889 0.063013 0.160899
0 0.467841 0.396446 0.025398 0.208405
0 0.489602 0.390966 0.026050 0.219365
0 0.534751 0.412280 0.030598 0.188912
0 0.590942 0.422632 0.040342 0.185264
0 0.695207 0.404365 0.057881 0.156027
0 0.716969 0.559723 0.087114 0.132770
0 0.620036 0.610125 0.065730 0.211642
0 0.585422 0.620625 0.035795 0.230209
0 0.515587 0.596872 0.026050 0.202189
0 0.502919 0.584084 0.018905 0.183926
0 0.467191 0.612706 0.025402 0.233858
0 0.384041 0.615750 0.076068 0.220459
0 0.557488 0.423243 0.028000 0.157243
0 0.409733 0.422027 0.033780 0.164554
0 0.627971 0.431159 0.048137 0.151155
0 0.565283 0.612098 0.030595 0.205845
0 0.344739 0.607226 0.055935 0.215588