0 0.486355 0.498760 0.039045 0.210845
0 0.631867 0.486581 0.033845 0.201095
0 0.605234 0.487189 0.037741 0.221797
0 0.295694 0.696142 0.083863 0.183919
0 0.249571 0.675436 0.064375 0.127899
0 0.665649 0.479274 0.046836 0.203534
0 0.705924 0.472571 0.048137 0.187696
0 0.736782 0.425676 0.047488 0.118270
0 0.756301 0.657774 0.069510 0.121804
0 0.714402 0.676652 0.087045 0.179047
0 0.663732 0.694922 0.075355 0.179047
0 0.624755 0.708321 0.044177 0.186358
0 0.595198 0.713193 0.040926 0.196101
0 0.562360 0.715020 0.035142 0.219243
0 0.540596 0.703449 0.021503 0.200980
0 0.517213 0.702233 0.021503 0.193669
0 0.477333 0.705885 0.029982 0.191230
0 0.455243 0.711976 0.044252 0.198534
0 0.426623 0.718068 0.042876 0.191230
0 0.395409 0.718676 0.046840 0.194878
0 0.351234 0.711368 0.076717 0.192453
0 0.499339 0.707128 0.027348 0.196108
0 0.578959 0.476834 0.033132 0.220588
0 0.548717 0.490845 0.033845 0.192568
0 0.522083 0.495108 0.029946 0.208405
0 0.459721 0.492061 0.031247 0.199878
0 0.434061 0.486581 0.038393 0.215716
0 0.408402 0.490233 0.046836 0.225453
0 0.382416 0.492672 0.041640 0.215709
0 0.342141 0.497544 0.054631 0.186480
0 0.298941 0.491453 0.050083 0.205973
0 0.266459 0.445169 0.051384 0.118270