0 0.566906 0.778970 0.035146 0.140074
0 0.657631 0.520547 0.071521 0.182824
0 0.509090 0.719895 0.020854 0.151034
0 0.611079 0.575497 0.045539 0.096345
0 0.586070 0.573669 0.042288 0.109743
0 0.625373 0.707105 0.063726 0.174182
0 0.514288 0.540172 0.040339 0.179169
0 0.481807 0.534693 0.041640 0.173088
0 0.329472 0.383655 0.056580 0.165770
0 0.492202 0.718068 0.023452 0.154689
0 0.453550 0.446385 0.063077 0.137757
0 0.316805 0.710149 0.078022 0.141297
0 0.468814 0.789321 0.039041 0.148601
0 0.677991 0.719284 0.063730 0.127892
0 0.590618 0.680304 0.044890 0.091351
0 0.412950 0.785057 0.046836 0.113277
0 0.425614 0.500584 0.063077 0.131669
0 0.606604 0.492213 0.053121 0.111318
0 0.382418 0.456740 0.053333 0.141412
0 0.465894 0.538956 0.040991 0.186480
0 0.478234 0.725375 0.018905 0.157128
0 0.375595 0.556010 0.051384 0.140196
0 0.538649 0.560270 0.038393 0.114622
0 0.417822 0.577932 0.051384 0.101216
0 0.555863 0.675436 0.042941 0.074304
0 0.551317 0.461611 0.070223 0.112182
0 0.562685 0.565750 0.037095 0.135324
0 0.575223 0.489990 0.051384 0.130453
0 0.655254 0.425071 0.067625 0.129236
0 0.525980 0.731463 0.022151 0.176615
0 0.337268 0.493280 0.061780 0.170642
0 0.594189 0.769223 0.036443 0.103527
0 0.537350 0.777750 0.035795 0.164432
0 0.438283 0.782622 0.032544 0.113270
0 0.462643 0.699794 0.030598 0.103534
0 0.409375 0.674828 0.035795 0.087696
0 0.434712 0.671172 0.030598 0.070642
0 0.368659 0.701020 0.057463 0.162014