0 0.477252 0.733422 0.032616 0.215669
0 0.745065 0.597422 0.048068 0.078858
0 0.253649 0.625588 0.048926 0.125541
0 0.296995 0.688355 0.075539 0.173818
0 0.347209 0.706061 0.084977 0.218878
0 0.385407 0.728591 0.061805 0.202791
0 0.426180 0.737446 0.042061 0.214054
0 0.454076 0.734226 0.032620 0.230155
0 0.498283 0.747101 0.030043 0.226932
0 0.527038 0.725375 0.029182 0.206007
0 0.553649 0.729395 0.039485 0.236588
0 0.578969 0.726983 0.047207 0.193128
0 0.611159 0.710889 0.063521 0.170601
0 0.658798 0.699625 0.098714 0.206007
0 0.714591 0.688355 0.096995 0.186696
0 0.315879 0.376848 0.073820 0.104777
0 0.342488 0.449274 0.065236 0.182034
0 0.370386 0.491922 0.054076 0.222264
0 0.408584 0.498361 0.044634 0.238358
0 0.433045 0.491926 0.052360 0.248014
0 0.476395 0.516872 0.037769 0.236743
0 0.498712 0.517676 0.032616 0.241581
0 0.519312 0.510436 0.044634 0.236750
0 0.536050 0.497554 0.059229 0.262500
0 0.572532 0.484682 0.039485 0.223878
0 0.598283 0.468588 0.037769 0.275378
0 0.629184 0.472611 0.054937 0.241574
0 0.665236 0.429959 0.068670 0.185243
0 0.693562 0.370412 0.066951 0.130527