0 0.378112 0.669848 0.052360 0.220493
0 0.411587 0.676284 0.047211 0.226932
0 0.487982 0.706061 0.018025 0.270392
0 0.469097 0.691578 0.030043 0.251074
0 0.442059 0.698818 0.041200 0.262338
0 0.270386 0.322128 0.072101 0.172365
0 0.289699 0.411453 0.067809 0.244797
0 0.339056 0.433986 0.060086 0.248014
0 0.366524 0.450885 0.048068 0.227095
0 0.396566 0.464564 0.044634 0.219047
0 0.429184 0.446054 0.039485 0.275378
0 0.452359 0.464564 0.048068 0.244791
0 0.487124 0.460541 0.033477 0.262500
0 0.512445 0.456517 0.039485 0.264115
0 0.540342 0.461345 0.030040 0.231919
0 0.566094 0.439618 0.050645 0.265723
0 0.597852 0.455713 0.042061 0.243182
0 0.617168 0.450078 0.053218 0.209385
0 0.656652 0.436399 0.046350 0.236743
0 0.698283 0.433986 0.072962 0.196514
0 0.727467 0.340639 0.055791 0.151453
0 0.769097 0.622368 0.072105 0.141628
0 0.711157 0.642486 0.095279 0.207622
0 0.657510 0.672264 0.084123 0.244635
0 0.614162 0.668236 0.054076 0.210838
0 0.589268 0.689966 0.069528 0.238203
0 0.555364 0.701233 0.044638 0.273601
0 0.529613 0.685135 0.027470 0.260730
0 0.506865 0.693990 0.026609 0.243020
0 0.239914 0.636855 0.059229 0.157723
0 0.289268 0.628003 0.078969 0.201182
0 0.337768 0.657777 0.079831 0.212446