0 0.512371 0.501196 0.033780 0.215716
0 0.703326 0.641331 0.068923 0.169311
0 0.480867 0.504240 0.031831 0.204750
0 0.298000 0.464655 0.072757 0.174297
0 0.339575 0.487797 0.062364 0.179176
0 0.370106 0.501196 0.045474 0.164554
0 0.428897 0.490845 0.038328 0.233986
0 0.457479 0.500588 0.033128 0.202311
0 0.662723 0.693098 0.079960 0.214372
0 0.620209 0.719284 0.062364 0.208284
0 0.552323 0.721720 0.037027 0.213155
0 0.530236 0.727203 0.035730 0.216811
0 0.508476 0.699186 0.033780 0.170520
0 0.470148 0.725986 0.035077 0.209500
0 0.382124 0.723551 0.051319 0.194885
0 0.486714 0.693706 0.029232 0.142507
0 0.578308 0.723551 0.044825 0.204628
0 0.281108 0.372084 0.061063 0.113399
0 0.399989 0.498152 0.040274 0.202318
0 0.236935 0.662645 0.064962 0.168088
0 0.291503 0.685791 0.079250 0.228986
0 0.754645 0.624277 0.054631 0.118149
0 0.713070 0.362341 0.058530 0.115831
0 0.692932 0.450649 0.071521 0.177959
0 0.654605 0.476838 0.063726 0.171865
0 0.624398 0.490233 0.044890 0.188912
0 0.597115 0.485365 0.037092 0.201095
0 0.445461 0.726591 0.049373 0.213155
0 0.419477 0.758872 0.049369 0.199757
0 0.336002 0.723547 0.073409 0.238730
0 0.566906 0.495105 0.035146 0.223020
0 0.535434 0.507899 0.034429 0.197446