0 0.506007 0.501581 0.052360 0.248014
0 0.393991 0.510432 0.054937 0.198122
0 0.411159 0.530551 0.075535 0.196507
0 0.427467 0.413061 0.051503 0.235135
0 0.451503 0.521699 0.042919 0.239966
0 0.481544 0.520895 0.039485 0.222264
0 0.524892 0.479051 0.057510 0.186858
0 0.556652 0.418693 0.050645 0.204561
0 0.566523 0.543422 0.036050 0.193291
0 0.598281 0.535378 0.034335 0.164324
0 0.621886 0.509628 0.072962 0.225486
0 0.663519 0.442030 0.072105 0.167547
0 0.700858 0.690770 0.069528 0.149676
0 0.730901 0.628003 0.047207 0.088520
0 0.651503 0.703645 0.061802 0.220493
0 0.612876 0.732615 0.051503 0.191527
0 0.586695 0.743078 0.062659 0.186696
0 0.553647 0.763196 0.054933 0.226932
0 0.530041 0.736642 0.038627 0.209230
0 0.508153 0.737443 0.022317 0.204399
0 0.491414 0.747098 0.031759 0.252682
0 0.474249 0.747909 0.052360 0.206007
0 0.441202 0.768024 0.032616 0.255899
0 0.414162 0.748709 0.040346 0.197959
0 0.381115 0.726179 0.049784 0.175426
0 0.335191 0.733419 0.081546 0.228541
0 0.288411 0.710081 0.070386 0.162554
0 0.253649 0.635243 0.047211 0.115878
0 0.325750 0.430767 0.064378 0.186858
0 0.355364 0.504801 0.061805 0.202953
0 0.542447 0.584662 0.044634 0.095122