0 0.482402 0.722152 0.022317 0.186696
0 0.573389 0.727791 0.066951 0.194743
0 0.464805 0.719740 0.031759 0.191520
0 0.677252 0.412257 0.065236 0.143405
0 0.457081 0.506412 0.040346 0.231919
0 0.517596 0.502385 0.054933 0.211000
0 0.396135 0.716520 0.038627 0.194743
0 0.262659 0.660997 0.051503 0.103007
0 0.434333 0.487902 0.048068 0.252845
0 0.483690 0.523311 0.028324 0.198122
0 0.722317 0.672260 0.060944 0.122318
0 0.684121 0.692378 0.099571 0.178649
0 0.503861 0.516064 0.048068 0.222264
0 0.393562 0.494338 0.048926 0.243189
0 0.546780 0.487899 0.032616 0.227095
0 0.309011 0.411453 0.048068 0.141797
0 0.565234 0.509628 0.055795 0.225486
0 0.589270 0.481459 0.047211 0.246405
0 0.330901 0.486291 0.057514 0.211000
0 0.412016 0.497557 0.053222 0.249628
0 0.547209 0.731007 0.050641 0.191527
0 0.645065 0.481463 0.083261 0.191682
0 0.618883 0.487098 0.058371 0.238358
0 0.310730 0.672260 0.073820 0.170601
0 0.357510 0.701233 0.072959 0.189912
0 0.412016 0.722152 0.042915 0.186696
0 0.436052 0.726983 0.039485 0.202791
0 0.519314 0.722959 0.030901 0.185081
0 0.366524 0.500777 0.048068 0.207784
0 0.500429 0.717324 0.018883 0.177041
0 0.595708 0.722155 0.051503 0.183473
0 0.634764 0.708476 0.096995 0.185088