0 0.372705 0.487801 0.041575 0.123142
0 0.432112 0.705885 0.034494 0.144946
0 0.484081 0.725375 0.025402 0.169304
0 0.609782 0.490233 0.055932 0.115831
0 0.403854 0.798456 0.049438 0.108399
0 0.529056 0.749912 0.054162 0.105459
0 0.441885 0.505010 0.069369 0.124209
0 0.659804 0.506679 0.070223 0.177953
0 0.459396 0.666301 0.027996 0.085264
0 0.537350 0.496936 0.042288 0.141412
0 0.586396 0.785669 0.052036 0.092568
0 0.626348 0.583416 0.040991 0.078074
0 0.561386 0.594375 0.030598 0.092696
0 0.561710 0.842912 0.054634 0.119365
0 0.420420 0.417155 0.044890 0.128014
0 0.459072 0.776530 0.035146 0.149818
0 0.476935 0.604122 0.034497 0.082946
0 0.401905 0.586459 0.032544 0.115838
0 0.359355 0.778358 0.052685 0.109622
0 0.425941 0.848395 0.046836 0.110845
0 0.362602 0.581584 0.048786 0.103655
0 0.427888 0.566970 0.039041 0.176736
0 0.538975 0.613314 0.026050 0.047507
0 0.685137 0.426899 0.065027 0.145068
0 0.533452 0.668736 0.024101 0.085257
0 0.507793 0.728419 0.026050 0.163216
0 0.296993 0.431159 0.061777 0.141412
0 0.508117 0.515811 0.056580 0.210838
0 0.638074 0.783838 0.051319 0.108405
0 0.324308 0.508503 0.064314 0.186480
0 0.375272 0.685179 0.063726 0.130331
0 0.324600 0.666909 0.076717 0.161993
0 0.582173 0.682132 0.030595 0.095007
0 0.403528 0.504851 0.048786 0.106095
0 0.563984 0.412280 0.050086 0.132885
0 0.733532 0.671780 0.063077 0.130331
0 0.455823 0.605338 0.033845 0.080514
0 0.620175 0.691267 0.065027 0.159561
0 0.405804 0.702230 0.045539 0.127892
0 0.263213 0.668128 0.065676 0.118149
0 0.555863 0.697970 0.028649 0.143723
0 0.577301 0.508503 0.052036 0.106088
0 0.589317 0.600466 0.040991 0.114622
0 0.472063 0.488409 0.044241 0.197439
0 0.675750 0.667517 0.088998 0.168088