0 0.633168 0.534686 0.052036 0.163331
0 0.449685 0.743037 0.050022 0.194885
0 0.506850 0.701622 0.037031 0.155905
0 0.347694 0.535301 0.066912 0.149939
0 0.413274 0.548699 0.046187 0.193791
0 0.386672 0.548699 0.059117 0.198655
0 0.495157 0.718068 0.044822 0.174176
0 0.480216 0.746081 0.063013 0.227770
0 0.412299 0.743034 0.042941 0.190014
0 0.287573 0.702233 0.057229 0.115709
0 0.357081 0.716848 0.091013 0.159561
0 0.326874 0.451865 0.060479 0.109743
0 0.535402 0.535301 0.024101 0.193791
0 0.519486 0.713193 0.022151 0.196101
0 0.535402 0.728419 0.024101 0.185135
0 0.711771 0.647419 0.042937 0.088919
0 0.651714 0.692490 0.081200 0.159561
0 0.607216 0.716240 0.050670 0.170520
0 0.602634 0.542608 0.033845 0.171865
0 0.556187 0.730855 0.029297 0.197318
0 0.441613 0.542544 0.049438 0.192574
0 0.475960 0.538956 0.018256 0.174304
0 0.461020 0.546875 0.020850 0.131669
0 0.516238 0.537128 0.029946 0.199878
0 0.493499 0.542611 0.028649 0.186480
0 0.579575 0.546264 0.034494 0.176730
0 0.557813 0.540172 0.029946 0.184047
0 0.578632 0.727199 0.032479 0.177831