0 0.548840 0.492794 0.047892 0.223899
0 0.537344 0.501774 0.022350 0.203547
0 0.399413 0.480223 0.033845 0.186784
0 0.297879 0.421554 0.056832 0.131703
0 0.658993 0.493990 0.076631 0.173615
0 0.688047 0.431135 0.067049 0.129311
0 0.574061 0.497584 0.043423 0.202345
0 0.724447 0.713098 0.054277 0.142480
0 0.512759 0.507162 0.040868 0.228689
0 0.682618 0.714297 0.090677 0.183189
0 0.601521 0.756203 0.057470 0.190378
0 0.356310 0.731659 0.077903 0.196358
0 0.306501 0.707115 0.081737 0.183189
0 0.635366 0.738841 0.081737 0.170020
0 0.483067 0.505963 0.033845 0.211926
0 0.526809 0.736449 0.033207 0.203547
0 0.461036 0.499976 0.033207 0.204736
0 0.367804 0.479622 0.052364 0.195162
0 0.440602 0.494588 0.033204 0.215514
0 0.398137 0.740041 0.041506 0.196365
0 0.265314 0.689155 0.054281 0.125716
0 0.566400 0.763389 0.037038 0.199953
0 0.450818 0.747226 0.031928 0.205939
0 0.421124 0.482618 0.036396 0.203547
0 0.509566 0.748422 0.028097 0.213128
0 0.469018 0.739439 0.032566 0.219108
0 0.326937 0.479024 0.051085 0.196358
0 0.426553 0.743632 0.039593 0.217912
0 0.542135 0.748419 0.034483 0.198757
0 0.490090 0.743034 0.026184 0.207135
0 0.616845 0.493392 0.072796 0.215514