0 0.510065 0.700405 0.022804 0.182703
0 0.459721 0.736334 0.036443 0.203412
0 0.330449 0.707713 0.075420 0.190007
0 0.495775 0.710149 0.022800 0.192446
0 0.415222 0.739382 0.038393 0.192453
0 0.285623 0.665689 0.059831 0.098662
0 0.380468 0.719892 0.068923 0.190014
0 0.710472 0.685791 0.057232 0.136419
0 0.560443 0.716851 0.037679 0.181486
0 0.612088 0.709541 0.065611 0.171743
0 0.659508 0.685787 0.085099 0.175399
0 0.478560 0.718676 0.035146 0.216811
0 0.525982 0.711368 0.032548 0.187574
0 0.440232 0.739382 0.035146 0.224115
0 0.292771 0.418372 0.039041 0.142635
0 0.664672 0.495105 0.065676 0.166993
0 0.309984 0.498152 0.051384 0.207182
0 0.590618 0.495105 0.038389 0.203534
0 0.544820 0.485973 0.040342 0.255905
0 0.504220 0.499980 0.030595 0.225459
0 0.572105 0.492672 0.032548 0.220588
0 0.350261 0.518858 0.055283 0.185257
0 0.476935 0.498764 0.033193 0.227892
0 0.525982 0.493889 0.035142 0.205966
0 0.690333 0.422632 0.071521 0.112182
0 0.430813 0.504851 0.037092 0.237635
0 0.408726 0.504848 0.044890 0.213277
0 0.454849 0.510939 0.033193 0.198662
0 0.385665 0.520682 0.037744 0.181608
0 0.626348 0.507895 0.055283 0.185264
0 0.540305 0.730858 0.041575 0.209500