0 0.629270 0.520686 0.059831 0.115831
0 0.480508 0.739993 0.023452 0.164432
0 0.390537 0.661429 0.055279 0.121804
0 0.289523 0.646203 0.061128 0.115716
0 0.400930 0.568189 0.029297 0.084162
0 0.337595 0.669953 0.075420 0.180270
0 0.369099 0.757652 0.044886 0.095007
0 0.418470 0.674216 0.030598 0.101095
0 0.443479 0.702841 0.032544 0.131547
0 0.462319 0.729639 0.026050 0.148601
0 0.426265 0.808203 0.047485 0.135203
0 0.401580 0.772270 0.031895 0.099878
0 0.582499 0.563318 0.050735 0.081730
0 0.530852 0.820382 0.046187 0.135196
0 0.517211 0.730247 0.029297 0.157128
0 0.497074 0.733902 0.022804 0.159561
0 0.547094 0.676652 0.046187 0.086480
0 0.596173 0.672392 0.077953 0.109622
0 0.605885 0.769831 0.048137 0.107189
0 0.562359 0.773486 0.046836 0.112054
0 0.706575 0.657166 0.055932 0.147385
0 0.642620 0.668736 0.091596 0.197324
0 0.374978 0.521905 0.042223 0.191351
0 0.495775 0.520074 0.040991 0.219365
0 0.582497 0.467699 0.054631 0.097561
0 0.662076 0.420807 0.065679 0.140196
0 0.522085 0.507895 0.031247 0.129236
0 0.542222 0.586459 0.035146 0.101216
0 0.449034 0.490845 0.038328 0.182824
0 0.470114 0.527385 0.036443 0.224243
0 0.430488 0.575497 0.029950 0.149939
0 0.436335 0.404973 0.040339 0.176730
0 0.322977 0.410456 0.056584 0.151155
0 0.344771 0.490236 0.058465 0.208405