0 0.596822 0.711976 0.049369 0.169304
0 0.435360 0.738770 0.038389 0.198541
0 0.406128 0.717456 0.037092 0.187574
0 0.374622 0.708324 0.048133 0.208284
0 0.510389 0.730247 0.023452 0.140074
0 0.330447 0.668128 0.078018 0.193662
0 0.515261 0.536520 0.034494 0.220581
0 0.277505 0.620625 0.078670 0.166872
0 0.324277 0.425679 0.057881 0.147507
0 0.608483 0.500588 0.049434 0.207189
0 0.588020 0.512159 0.040991 0.227899
0 0.671852 0.670564 0.091596 0.188791
0 0.562359 0.490233 0.041640 0.242507
0 0.566941 0.746081 0.042876 0.218027
0 0.407103 0.499368 0.037744 0.221804
0 0.535402 0.527993 0.039690 0.205973
0 0.380793 0.489017 0.034494 0.203534
0 0.482133 0.535301 0.039690 0.223020
0 0.427564 0.492061 0.043589 0.243730
0 0.458422 0.526774 0.032548 0.213277
0 0.348312 0.476834 0.053986 0.205966
0 0.635474 0.702233 0.068209 0.179047
0 0.724796 0.606007 0.093542 0.162000
0 0.467517 0.737554 0.028649 0.174176
0 0.672795 0.439074 0.059831 0.145068
0 0.640962 0.488409 0.063726 0.187696
0 0.491227 0.732074 0.022800 0.153473
0 0.533777 0.729030 0.028649 0.157128