0 0.461355 0.514348 0.035121 0.128115
0 0.334917 0.732858 0.082375 0.177203
0 0.415377 0.608932 0.041506 0.108959
0 0.489450 0.532902 0.032566 0.136493
0 0.675276 0.479625 0.082378 0.128115
0 0.395263 0.689753 0.065135 0.114939
0 0.641751 0.546676 0.083013 0.135297
0 0.531596 0.727466 0.023625 0.149662
0 0.565760 0.628091 0.026822 0.080223
0 0.396859 0.504169 0.056832 0.131703
0 0.347050 0.543679 0.064494 0.143682
0 0.418571 0.706517 0.049171 0.110155
0 0.585236 0.549669 0.047892 0.093392
0 0.492007 0.738243 0.027459 0.147270
0 0.620038 0.629885 0.047254 0.095784
0 0.552350 0.513149 0.037038 0.166432
0 0.715825 0.740041 0.072796 0.114946
0 0.469658 0.774162 0.040231 0.125716
0 0.523614 0.797510 0.031928 0.136493
0 0.540858 0.625098 0.031928 0.088601
0 0.523614 0.526916 0.042148 0.136493
0 0.512441 0.744230 0.036400 0.159243
0 0.658029 0.735861 0.087474 0.188007
0 0.546604 0.717291 0.029373 0.134095
0 0.524573 0.640064 0.030011 0.089804
0 0.471892 0.605939 0.025542 0.129311
0 0.442198 0.605341 0.035121 0.118534
0 0.614292 0.534699 0.045975 0.128115
0 0.452733 0.733453 0.034483 0.180797
0 0.589387 0.634074 0.031928 0.099378
0 0.438368 0.428736 0.041506 0.150865
0 0.423359 0.526919 0.038314 0.102973
0 0.576935 0.461064 0.056832 0.126912
0 0.385047 0.607139 0.042144 0.110155
0 0.378341 0.799909 0.052998 0.100574
0 0.472211 0.691547 0.031290 0.087405
0 0.613973 0.816071 0.042786 0.101777
0 0.573742 0.725672 0.038951 0.124520
0 0.315123 0.484412 0.065769 0.123324
0 0.610142 0.722676 0.050447 0.123324
0 0.551712 0.870551 0.048533 0.122128
0 0.438047 0.865757 0.057470 0.129311
0 0.419528 0.802301 0.042148 0.112547
0 0.274894 0.722078 0.072159 0.124520
0 0.496476 0.630486 0.023625 0.056270
0 0.573423 0.806490 0.048533 0.092196