0 0.416198 0.796628 0.033845 0.160784
0 0.603285 0.468919 0.040342 0.156027
0 0.496099 0.755216 0.027348 0.185135
0 0.514939 0.746689 0.026050 0.190014
0 0.293094 0.377568 0.046187 0.114622
0 0.703002 0.666909 0.061780 0.142507
0 0.379169 0.775922 0.046836 0.148601
0 0.446728 0.805764 0.041643 0.191230
0 0.447054 0.701017 0.031895 0.076736
0 0.417822 0.687615 0.042288 0.042635
0 0.587695 0.778970 0.040342 0.159561
0 0.452901 0.524949 0.033196 0.224236
0 0.481807 0.524341 0.036443 0.232764
0 0.631901 0.756436 0.048068 0.133980
0 0.585422 0.520682 0.046187 0.164554
0 0.661101 0.421416 0.080616 0.138980
0 0.262564 0.624889 0.051384 0.087696
0 0.418146 0.432990 0.049438 0.186480
0 0.558786 0.436639 0.034494 0.176736
0 0.473362 0.760088 0.027351 0.199757
0 0.661458 0.690051 0.083802 0.169304
0 0.352859 0.501807 0.051384 0.202318
0 0.512014 0.527385 0.035791 0.236419
0 0.561059 0.576716 0.035142 0.101216
0 0.389562 0.481709 0.041640 0.128014
0 0.559795 0.811247 0.044173 0.194885
0 0.341490 0.718068 0.079319 0.154689
0 0.582173 0.688223 0.038393 0.056027
0 0.532477 0.511547 0.036443 0.226676
0 0.400930 0.548699 0.038393 0.113399
0 0.556838 0.676044 0.033193 0.082831
0 0.321353 0.429943 0.050735 0.153588
0 0.431463 0.584632 0.024101 0.104872
0 0.631544 0.493280 0.065676 0.212061
0 0.533777 0.742429 0.027351 0.186358
0 0.294717 0.693706 0.062429 0.125453