0 0.448029 0.679088 0.033845 0.191230
0 0.437959 0.460392 0.047485 0.253473
0 0.413598 0.454304 0.039045 0.226676
0 0.385341 0.440297 0.034494 0.218149
0 0.349937 0.415936 0.055932 0.225453
0 0.299915 0.297784 0.052032 0.091473
0 0.314532 0.400709 0.064378 0.175514
0 0.476286 0.681524 0.025402 0.186358
0 0.496423 0.680858 0.020205 0.173081
0 0.513314 0.678419 0.018901 0.173081
0 0.534750 0.677872 0.024101 0.181486
0 0.556838 0.682740 0.029301 0.186358
0 0.589351 0.669345 0.048721 0.179054
0 0.623132 0.658990 0.064310 0.204628
0 0.666330 0.641943 0.090944 0.221682
0 0.704950 0.606615 0.061777 0.182703
0 0.754645 0.581037 0.054631 0.124236
0 0.690009 0.377564 0.070872 0.177953
0 0.659155 0.413500 0.070231 0.208405
0 0.625047 0.434814 0.046187 0.192574
0 0.600038 0.455520 0.046836 0.216932
0 0.575353 0.464044 0.036443 0.231547
0 0.548393 0.472574 0.034494 0.236419
0 0.520784 0.478666 0.032544 0.231547
0 0.496132 0.477443 0.032479 0.221804
0 0.471447 0.466483 0.036378 0.224236
0 0.241450 0.581041 0.063730 0.126676
0 0.293420 0.592608 0.083214 0.188797
0 0.340193 0.637676 0.098807 0.215595
0 0.385014 0.659601 0.050735 0.193662
0 0.420094 0.671780 0.035142 0.186358