0 0.491876 0.728375 0.021503 0.150953
0 0.579899 0.492669 0.044238 0.145068
0 0.477261 0.730301 0.023452 0.159669
0 0.319441 0.669405 0.077946 0.169432
0 0.367800 0.702233 0.081265 0.186358
0 0.412299 0.718068 0.033845 0.162000
0 0.435036 0.724179 0.027348 0.166912
0 0.458097 0.741818 0.025398 0.202189
0 0.403733 0.479490 0.034587 0.153669
0 0.538744 0.746449 0.040804 0.194399
0 0.305468 0.388591 0.046123 0.102318
0 0.336975 0.441412 0.064962 0.180392
0 0.370106 0.495105 0.059766 0.169426
0 0.400962 0.574865 0.039625 0.070811
0 0.426297 0.510943 0.037027 0.179169
0 0.441240 0.513378 0.037031 0.210838
0 0.463975 0.552963 0.029232 0.153588
0 0.482164 0.555399 0.030533 0.180392
0 0.505551 0.556007 0.025337 0.198662
0 0.524719 0.545368 0.031514 0.176736
0 0.547829 0.532865 0.034324 0.166986
0 0.584123 0.574885 0.044886 0.063459
0 0.618072 0.501807 0.055532 0.177953
0 0.655124 0.451865 0.058789 0.182824
0 0.678317 0.387311 0.052685 0.102432
0 0.719892 0.641331 0.048786 0.110838
0 0.671820 0.682743 0.066977 0.188797
0 0.625371 0.710443 0.075420 0.193034
0 0.586395 0.729010 0.035146 0.171709
0 0.563351 0.750345 0.028649 0.199757
0 0.525333 0.721486 0.024750 0.132297
0 0.506816 0.722564 0.021503 0.144196