0 0.304463 0.645595 0.071521 0.170527
0 0.606225 0.448872 0.044919 0.186581
0 0.582512 0.444270 0.042292 0.218149
0 0.533778 0.477446 0.041640 0.202311
0 0.509741 0.484145 0.033845 0.215709
0 0.486063 0.482318 0.035730 0.216932
0 0.457153 0.473182 0.033780 0.203527
0 0.429546 0.471358 0.042227 0.199878
0 0.412332 0.471963 0.044173 0.205966
0 0.385371 0.465264 0.042223 0.190135
0 0.353867 0.459176 0.058465 0.173081
0 0.323659 0.435426 0.066908 0.171865
0 0.561386 0.451868 0.040991 0.224236
0 0.637423 0.443949 0.048324 0.184047
0 0.668667 0.431368 0.057694 0.163750
0 0.702027 0.616970 0.054634 0.161993
0 0.611732 0.672986 0.041640 0.181459
0 0.578276 0.701622 0.034497 0.226554
0 0.550667 0.703449 0.029946 0.232642
0 0.527281 0.705277 0.024753 0.214378
0 0.509416 0.701014 0.022804 0.210716
0 0.493177 0.702838 0.021503 0.209500
0 0.471414 0.708929 0.026050 0.221682
0 0.450097 0.708919 0.029708 0.197297
0 0.419769 0.706497 0.034494 0.187574
0 0.384234 0.698615 0.044505 0.179122
0 0.347968 0.677142 0.075380 0.187338