0 0.580686 0.699625 0.045495 0.218885
0 0.613733 0.692382 0.068670 0.217277
0 0.660086 0.676284 0.096137 0.197959
0 0.715879 0.644098 0.090987 0.188304
0 0.766523 0.670655 0.068670 0.112662
0 0.735193 0.375240 0.054076 0.117655
0 0.697854 0.463760 0.072105 0.172372
0 0.654935 0.462953 0.061805 0.196514
0 0.619742 0.449274 0.037769 0.220655
0 0.583690 0.495949 0.041204 0.210993
0 0.591416 0.429155 0.054933 0.215824
0 0.543775 0.476635 0.038627 0.227095
0 0.512874 0.492730 0.040342 0.194905
0 0.463090 0.491118 0.066094 0.207777
0 0.437339 0.483878 0.038627 0.225486
0 0.407295 0.491122 0.048926 0.201338
0 0.380256 0.489510 0.061802 0.204561
0 0.359656 0.497557 0.053222 0.201345
0 0.325321 0.478243 0.061805 0.211000
0 0.282404 0.463757 0.051503 0.211000
0 0.227897 0.673872 0.064378 0.109446
0 0.281975 0.666628 0.086695 0.207622
0 0.339056 0.689159 0.087553 0.204399
0 0.387124 0.717328 0.053218 0.215669
0 0.412874 0.702845 0.037769 0.196351
0 0.440342 0.706865 0.037766 0.207622
0 0.466094 0.709280 0.029182 0.215669
0 0.486694 0.694794 0.024032 0.202791
0 0.504721 0.702841 0.029182 0.199574
0 0.525750 0.703645 0.031759 0.217277
0 0.549784 0.702841 0.043777 0.209223