0 0.472530 0.654432 0.020432 0.209527
0 0.508609 0.659220 0.036396 0.223899
0 0.387919 0.660416 0.051723 0.223899
0 0.592580 0.450889 0.052360 0.226291
0 0.677512 0.647848 0.090677 0.193966
0 0.553948 0.686760 0.032566 0.238264
0 0.532236 0.650838 0.036400 0.207135
0 0.625148 0.677780 0.080458 0.215520
0 0.579809 0.668797 0.042148 0.228689
0 0.687728 0.356301 0.076631 0.154453
0 0.735301 0.635274 0.084930 0.144872
0 0.653883 0.432331 0.098339 0.198757
0 0.624829 0.443105 0.061939 0.229885
0 0.466144 0.437720 0.035762 0.245453
0 0.540858 0.452686 0.038314 0.220304
0 0.561930 0.440111 0.052364 0.235872
0 0.496476 0.440713 0.041506 0.263412
0 0.520742 0.446098 0.035121 0.233480
0 0.417613 0.667003 0.042144 0.205939
0 0.443474 0.426943 0.036396 0.245453
0 0.412823 0.423351 0.038951 0.255027
0 0.456885 0.656226 0.030014 0.229885
0 0.434214 0.682568 0.034483 0.239459
0 0.374829 0.410179 0.056195 0.247845
0 0.283514 0.352108 0.065132 0.138892
0 0.494241 0.644855 0.022991 0.190372
0 0.306182 0.422152 0.056832 0.226291
0 0.350564 0.423351 0.047254 0.240662
0 0.302670 0.637074 0.080461 0.189176
0 0.255416 0.619709 0.067690 0.113743
0 0.350243 0.662213 0.069604 0.193966