0 0.649820 0.720902 0.081139 0.188169
0 0.371883 0.736250 0.083276 0.234878
0 0.654802 0.463943 0.065481 0.101561
0 0.389677 0.474615 0.054807 0.173622
0 0.404980 0.774953 0.035589 0.157473
0 0.600710 0.780291 0.035589 0.146797
0 0.449820 0.683537 0.024202 0.089412
0 0.416011 0.676865 0.046263 0.108095
0 0.578288 0.483291 0.046263 0.177622
0 0.485764 0.715564 0.039146 0.193507
0 0.324196 0.712895 0.063348 0.116101
0 0.445195 0.773615 0.030605 0.168149
0 0.501777 0.720236 0.021355 0.176162
0 0.555870 0.433916 0.034162 0.185628
0 0.554802 0.572706 0.032025 0.142926
0 0.607115 0.588051 0.048400 0.093547
0 0.577933 0.578709 0.051247 0.133581
0 0.607470 0.495970 0.057650 0.117574
0 0.638787 0.556693 0.059074 0.126912
0 0.468679 0.780956 0.033452 0.169480
0 0.692524 0.720902 0.064054 0.140128
0 0.516013 0.718233 0.015658 0.153466
0 0.327400 0.453932 0.074022 0.172284
0 0.535941 0.714899 0.031319 0.184162
0 0.598218 0.677530 0.044840 0.109426
0 0.572596 0.674196 0.036299 0.081405
0 0.546261 0.766277 0.044840 0.190838
0 0.571528 0.782291 0.034162 0.169486
0 0.424196 0.562696 0.046973 0.154932
0 0.422061 0.475953 0.054090 0.173622
0 0.357649 0.527331 0.061921 0.198973
0 0.443414 0.454601 0.052667 0.173622
0 0.396438 0.550686 0.051247 0.144264
0 0.535584 0.540010 0.041993 0.165615
0 0.487542 0.538676 0.041283 0.227000
0 0.443414 0.584713 0.035586 0.116236
0 0.466189 0.546682 0.025625 0.194973
0 0.516724 0.542010 0.039856 0.212318