0 0.603611 0.558443 0.053982 0.067115
0 0.422043 0.495716 0.035142 0.221797
0 0.581198 0.499980 0.033841 0.184041
0 0.556838 0.498152 0.030598 0.204750
0 0.468814 0.704666 0.033845 0.176615
0 0.526306 0.705885 0.033196 0.193662
0 0.584153 0.685787 0.055218 0.177831
0 0.396706 0.685787 0.039041 0.175399
0 0.399631 0.510331 0.035795 0.182824
0 0.636741 0.485973 0.059182 0.182824
0 0.289196 0.642547 0.064375 0.174176
0 0.308393 0.453084 0.062364 0.170642
0 0.446404 0.702233 0.035791 0.186358
0 0.682895 0.646203 0.087701 0.171743
0 0.529555 0.502416 0.030598 0.196223
0 0.666297 0.457348 0.074123 0.157250
0 0.340223 0.493889 0.051971 0.174304
0 0.504868 0.719287 0.029297 0.196101
0 0.554240 0.710149 0.035795 0.211932
0 0.631901 0.680916 0.090944 0.192453
0 0.328173 0.678480 0.076072 0.209500
0 0.484407 0.715024 0.033845 0.175399
0 0.500323 0.496936 0.037092 0.187696
0 0.368775 0.498760 0.045535 0.171858
0 0.445429 0.509115 0.036443 0.192568
0 0.368450 0.680307 0.042292 0.174182
0 0.610105 0.466483 0.043589 0.156034
0 0.425941 0.696750 0.029950 0.192446
0 0.471413 0.509720 0.039041 0.186480