0 0.603897 0.488912 0.043946 0.201297
0 0.639868 0.686321 0.090908 0.187777
0 0.734049 0.609932 0.049712 0.108919
0 0.456472 0.505959 0.042573 0.193811
0 0.599773 0.706760 0.068368 0.199547
0 0.579950 0.499723 0.041283 0.197973
0 0.427182 0.561253 0.041730 0.073250
0 0.263303 0.615990 0.053214 0.094236
0 0.402286 0.483216 0.037034 0.214324
0 0.426272 0.708490 0.039175 0.208561
0 0.302989 0.394611 0.047895 0.140088
0 0.486506 0.704679 0.015521 0.173223
0 0.501290 0.697405 0.019957 0.161446
0 0.568548 0.715422 0.044346 0.203020
0 0.314115 0.632618 0.075755 0.151047
0 0.503899 0.501385 0.029312 0.221257
0 0.699905 0.390385 0.053258 0.102351
0 0.457130 0.700868 0.049150 0.178074
0 0.542863 0.712993 0.029193 0.199554
0 0.361049 0.680429 0.079452 0.185696
0 0.520321 0.710223 0.024022 0.180149
0 0.400220 0.692557 0.061715 0.193318
0 0.557112 0.488500 0.036407 0.217095
0 0.324701 0.469446 0.068328 0.165230
0 0.466921 0.704682 0.025128 0.163527
0 0.674849 0.460226 0.072328 0.168872
0 0.437182 0.455240 0.052771 0.180507
0 0.530728 0.501845 0.034191 0.195392
0 0.638708 0.473118 0.055917 0.209615
0 0.369721 0.487405 0.060025 0.174811
0 0.478400 0.503466 0.033305 0.215432
0 0.688840 0.639868 0.088692 0.170453