0 0.320512 0.490696 0.066912 0.173824
0 0.288872 0.431220 0.059827 0.138858
0 0.683838 0.429943 0.068923 0.138980
0 0.657528 0.503024 0.064375 0.138980
0 0.614328 0.515203 0.062429 0.153595
0 0.584121 0.518855 0.042288 0.168209
0 0.688094 0.695534 0.063013 0.170527
0 0.740063 0.685179 0.065611 0.123020
0 0.538973 0.523730 0.029946 0.192568
0 0.557813 0.515203 0.041643 0.182824
0 0.518836 0.526166 0.024750 0.187696
0 0.498697 0.532253 0.039045 0.204750
0 0.477586 0.531649 0.028000 0.218149
0 0.286598 0.702841 0.078667 0.185142
0 0.335645 0.730858 0.079319 0.199757
0 0.375596 0.727199 0.044886 0.148601
0 0.410676 0.757044 0.031895 0.200980
0 0.434059 0.740598 0.026699 0.151034
0 0.456798 0.725983 0.026699 0.148601
0 0.477910 0.727199 0.022155 0.141291
0 0.497398 0.725372 0.024750 0.154689
0 0.518218 0.721720 0.027283 0.147385
0 0.542903 0.735118 0.035081 0.152250
0 0.565966 0.728419 0.040926 0.155905
0 0.595847 0.736946 0.044825 0.182703
0 0.643593 0.719284 0.077953 0.179054
0 0.459207 0.531561 0.033845 0.191351
0 0.435814 0.532226 0.042937 0.187696
0 0.415890 0.529409 0.036616 0.163277
0 0.386640 0.520682 0.030598 0.171865
0 0.354191 0.523118 0.053917 0.149939