0 0.656231 0.744861 0.057881 0.113277
0 0.633492 0.642547 0.050083 0.144946
0 0.684813 0.638284 0.076068 0.192446
0 0.745227 0.621233 0.061777 0.121804
0 0.616277 0.518858 0.039041 0.112176
0 0.417854 0.524338 0.042223 0.120703
0 0.388946 0.515203 0.050670 0.109743
0 0.356789 0.503024 0.050018 0.109750
0 0.528286 0.498152 0.050022 0.229115
0 0.556512 0.470135 0.053333 0.136541
0 0.580550 0.372139 0.046836 0.142520
0 0.586070 0.515814 0.031895 0.174304
0 0.602960 0.450041 0.050086 0.106095
0 0.635441 0.426895 0.052685 0.103655
0 0.586721 0.809419 0.064375 0.132770
0 0.596141 0.648639 0.035142 0.125453
0 0.571130 0.662645 0.030598 0.133980
0 0.543196 0.702233 0.039690 0.130331
0 0.517535 0.684571 0.033845 0.124236
0 0.490578 0.693095 0.031895 0.153473
0 0.465243 0.686399 0.043589 0.118149
0 0.426265 0.790541 0.060479 0.129108
0 0.286632 0.367213 0.065611 0.120709
0 0.318463 0.437858 0.061712 0.171865
0 0.410382 0.641939 0.042876 0.126676
0 0.367832 0.634632 0.060414 0.138858
0 0.320086 0.625497 0.076656 0.198534
0 0.258991 0.607226 0.063726 0.101101
0 0.356108 0.710149 0.053982 0.092568
0 0.401254 0.721111 0.044238 0.080385
0 0.367182 0.402537 0.047423 0.120709
0 0.423699 0.358686 0.050022 0.140196
0 0.398690 0.438466 0.045474 0.092689
0 0.442863 0.467753 0.045474 0.141520
0 0.475668 0.509115 0.059114 0.212054
0 0.707223 0.375740 0.054634 0.115831
0 0.681564 0.451257 0.064375 0.169432
0 0.642587 0.500588 0.057881 0.119486
0 0.438640 0.662645 0.035730 0.138858
0 0.611730 0.740598 0.044238 0.097439