0 0.350886 0.739588 0.086832 0.174824
0 0.434517 0.622750 0.032025 0.093554
0 0.624553 0.841010 0.067614 0.137453
0 0.433805 0.487963 0.044843 0.221669
0 0.457649 0.568034 0.027045 0.237676
0 0.308184 0.481959 0.069751 0.190973
0 0.479714 0.573372 0.035586 0.219000
0 0.643058 0.553351 0.059074 0.173622
0 0.497863 0.764277 0.023488 0.146797
0 0.514944 0.576041 0.032029 0.232338
0 0.699998 0.417233 0.057654 0.109561
0 0.587897 0.843014 0.051247 0.173486
0 0.564411 0.486628 0.041283 0.194973
0 0.290389 0.403223 0.068324 0.140257
0 0.547685 0.732912 0.022065 0.038703
0 0.477933 0.764943 0.027759 0.158804
0 0.385052 0.826331 0.064058 0.137459
0 0.535941 0.571372 0.044126 0.255027
0 0.603200 0.734250 0.046263 0.134784
0 0.532382 0.764277 0.039856 0.168149
0 0.456937 0.734250 0.029895 0.081405
0 0.583272 0.610740 0.054804 0.117574
0 0.397861 0.720905 0.065481 0.097419
0 0.576510 0.726909 0.034166 0.082736
0 0.737009 0.662186 0.060497 0.100088
0 0.436652 0.827666 0.066191 0.169480
0 0.676867 0.516655 0.076868 0.142932
0 0.616723 0.606736 0.041993 0.096216
0 0.608539 0.480622 0.046973 0.166946
0 0.562631 0.622750 0.034876 0.101554
0 0.383982 0.486628 0.040569 0.173622
0 0.438076 0.732247 0.029182 0.080074
0 0.344838 0.529331 0.051960 0.184297
0 0.408894 0.585382 0.051957 0.128250
0 0.371173 0.590054 0.050533 0.102892
0 0.304268 0.742926 0.071888 0.146797
0 0.516011 0.762274 0.017081 0.140128
0 0.267258 0.669524 0.073312 0.117439
0 0.662631 0.748929 0.105341 0.198845
0 0.708184 0.746260 0.086832 0.134791