0 0.705276 0.587736 0.063726 0.191230
0 0.427596 0.401926 0.052620 0.265649
0 0.542222 0.421416 0.042937 0.233980
0 0.369782 0.418372 0.042223 0.242514
0 0.331130 0.421416 0.062360 0.212061
0 0.285948 0.599307 0.079968 0.177831
0 0.385339 0.634020 0.050086 0.208284
0 0.456180 0.632804 0.038328 0.203405
0 0.526306 0.622453 0.034494 0.182703
0 0.587726 0.620017 0.048072 0.165655
0 0.712095 0.392182 0.068277 0.209622
0 0.629919 0.425068 0.046836 0.209622
0 0.459070 0.410456 0.042941 0.241291
0 0.402261 0.410453 0.040926 0.248595
0 0.284681 0.404365 0.063013 0.207189
0 0.727362 0.306314 0.059827 0.132885
0 0.237553 0.565203 0.067625 0.143730
0 0.758218 0.557287 0.059182 0.161993
0 0.656586 0.611490 0.076652 0.192453
0 0.484081 0.411061 0.040991 0.235203
0 0.514937 0.410453 0.039041 0.236419
0 0.551998 0.635240 0.046771 0.220466
0 0.437342 0.642547 0.042223 0.171743
0 0.476968 0.628541 0.033128 0.182703
0 0.338243 0.628541 0.079319 0.192446
0 0.410998 0.631588 0.053333 0.183919
0 0.499996 0.632804 0.027351 0.191230
0 0.618259 0.615142 0.071459 0.180270
0 0.574052 0.393402 0.046836 0.275399
0 0.667272 0.407409 0.061780 0.198655
0 0.599714 0.428115 0.037092 0.188919
0 0.263861 0.319713 0.051384 0.140196