0 0.486679 0.744861 0.026699 0.196101
0 0.383391 0.539564 0.042292 0.216926
0 0.359679 0.542000 0.029946 0.187703
0 0.500321 0.520074 0.056584 0.253473
0 0.582205 0.726591 0.044822 0.188791
0 0.622807 0.732074 0.072757 0.207068
0 0.436335 0.752780 0.039041 0.204628
0 0.270034 0.412892 0.065027 0.156027
0 0.404178 0.757652 0.042288 0.216804
0 0.666332 0.708321 0.087049 0.210723
0 0.721515 0.694314 0.083218 0.221682
0 0.554890 0.739378 0.034494 0.209500
0 0.362604 0.752780 0.076068 0.219250
0 0.528906 0.752172 0.026699 0.222899
0 0.474661 0.523118 0.032544 0.259561
0 0.695530 0.490845 0.071521 0.173081
0 0.765690 0.654122 0.062429 0.153473
0 0.276854 0.513378 0.056584 0.179176
0 0.259315 0.697361 0.107250 0.193669
0 0.521110 0.502416 0.063077 0.249818
0 0.447377 0.526166 0.033845 0.248601
0 0.711447 0.397662 0.083867 0.135324
0 0.562067 0.502416 0.031831 0.261993
0 0.622124 0.483534 0.046836 0.280270
0 0.327200 0.739385 0.076721 0.226554
0 0.463944 0.754608 0.037092 0.200973
0 0.409050 0.517639 0.041640 0.268088
0 0.508117 0.743645 0.022800 0.200980
0 0.320052 0.522514 0.050735 0.202311
0 0.658503 0.515203 0.061128 0.156027
0 0.589643 0.506676 0.066328 0.272959
0 0.211569 0.679088 0.075420 0.164432