0 0.490746 0.732247 0.026335 0.186831
0 0.450532 0.751598 0.052667 0.225534
0 0.472240 0.742257 0.022065 0.222865
0 0.583272 0.777622 0.053384 0.210851
0 0.548396 0.582713 0.043416 0.136250
0 0.405692 0.502642 0.071175 0.160270
0 0.386119 0.683537 0.067618 0.137453
0 0.581849 0.523328 0.050537 0.239007
0 0.504623 0.519990 0.038436 0.218993
0 0.556937 0.417233 0.046263 0.253696
0 0.525620 0.548682 0.041993 0.164284
0 0.449463 0.520659 0.034876 0.188304
0 0.469038 0.525328 0.038436 0.240345
0 0.339499 0.517990 0.064058 0.220331
0 0.414589 0.580044 0.069041 0.122912
0 0.436652 0.597395 0.033449 0.077534
0 0.326688 0.719571 0.095373 0.225534
0 0.389323 0.586051 0.064058 0.089547
0 0.366544 0.467277 0.078292 0.204311
0 0.269036 0.406557 0.071175 0.141588
0 0.297863 0.462605 0.064771 0.154939
0 0.232382 0.622149 0.059077 0.108095
0 0.277222 0.700220 0.080425 0.205520
0 0.609962 0.514652 0.052667 0.213655
0 0.508895 0.732247 0.027045 0.189507
0 0.418148 0.744922 0.040569 0.193507
0 0.369393 0.785628 0.046973 0.194838
0 0.415656 0.411895 0.082562 0.224331
0 0.673308 0.717568 0.109607 0.245554
0 0.579002 0.664186 0.051957 0.061385
0 0.530604 0.754943 0.022065 0.242858
0 0.553023 0.759601 0.029895 0.206851
0 0.625265 0.800307 0.056231 0.202845
0 0.616368 0.675530 0.056937 0.140128
0 0.756932 0.626811 0.064782 0.125432
0 0.719573 0.700892 0.101070 0.185514
0 0.669036 0.458605 0.065481 0.154939
0 0.646616 0.499307 0.063344 0.209655
0 0.700353 0.398551 0.064058 0.090885