0 0.417822 0.684571 0.065676 0.228993
0 0.309335 0.430551 0.050086 0.201101
0 0.281726 0.373304 0.057232 0.176730
0 0.346038 0.430551 0.055932 0.235196
0 0.604292 0.679699 0.063013 0.233858
0 0.685818 0.635851 0.074058 0.202189
0 0.737431 0.634024 0.065679 0.152250
0 0.635474 0.658990 0.078602 0.211939
0 0.385014 0.437861 0.036443 0.242507
0 0.409050 0.437250 0.045539 0.236419
0 0.431137 0.449432 0.037741 0.246162
0 0.458422 0.442730 0.035142 0.237635
0 0.310310 0.635240 0.115697 0.205845
0 0.479209 0.442122 0.041640 0.265649
0 0.509092 0.445777 0.033845 0.270527
0 0.584123 0.436034 0.050083 0.263216
0 0.533452 0.461003 0.033196 0.220588
0 0.248921 0.627324 0.069575 0.153473
0 0.611405 0.418368 0.043589 0.276615
0 0.562036 0.442733 0.034494 0.269304
0 0.451602 0.691270 0.040991 0.230203
0 0.474661 0.697361 0.037741 0.222899
0 0.709822 0.334936 0.057229 0.190128
0 0.512663 0.694922 0.028000 0.230209
0 0.527930 0.699794 0.027348 0.249696
0 0.570479 0.688834 0.033196 0.237520
0 0.547418 0.676652 0.040342 0.239953
0 0.490901 0.708321 0.024750 0.232642
0 0.402553 0.675432 0.046836 0.218027
0 0.365526 0.654730 0.079319 0.215595
0 0.676368 0.402537 0.064375 0.257128
0 0.637389 0.417155 0.055283 0.264432