0 0.503861 0.490314 0.041200 0.206169
0 0.560514 0.689162 0.032616 0.197959
0 0.589270 0.694797 0.066094 0.212446
0 0.617166 0.689162 0.082404 0.214054
0 0.662661 0.665824 0.090987 0.183473
0 0.714162 0.649730 0.080685 0.144851
0 0.687982 0.392142 0.048930 0.148230
0 0.657510 0.456514 0.054933 0.196514
0 0.619742 0.450882 0.054937 0.207777
0 0.583690 0.449274 0.046350 0.204561
0 0.561802 0.452493 0.048930 0.211000
0 0.550213 0.480659 0.044634 0.209385
0 0.525323 0.488706 0.042919 0.202953
0 0.484550 0.491926 0.040342 0.215824
0 0.460514 0.491118 0.036912 0.204561
0 0.435622 0.452493 0.047207 0.275378
0 0.419312 0.432375 0.059229 0.270547
0 0.407724 0.464564 0.048068 0.244791
0 0.375106 0.454105 0.049787 0.236750
0 0.339912 0.463757 0.056652 0.211000
0 0.306007 0.401794 0.060944 0.157885
0 0.275966 0.673068 0.071247 0.152892
0 0.334764 0.657777 0.068670 0.173824
0 0.377681 0.688358 0.063521 0.209230
0 0.414591 0.690770 0.036050 0.197959
0 0.439056 0.702037 0.035193 0.226926
0 0.461371 0.693186 0.030043 0.202791
0 0.475535 0.693186 0.025751 0.199574
0 0.488411 0.679503 0.018883 0.191520
0 0.505150 0.673068 0.024894 0.175432
0 0.518454 0.685139 0.018883 0.177034
0 0.534764 0.694797 0.034335 0.196351