0 0.486681 0.741818 0.024101 0.194878
0 0.520784 0.525557 0.037741 0.242507
0 0.334344 0.422024 0.053330 0.181615
0 0.446000 0.574338 0.036771 0.083068
0 0.664674 0.434875 0.069571 0.141291
0 0.631544 0.473791 0.076068 0.175514
0 0.417528 0.517030 0.038977 0.176736
0 0.378519 0.694314 0.079315 0.204628
0 0.466899 0.517642 0.042872 0.209622
0 0.364910 0.480490 0.061063 0.181601
0 0.394791 0.504243 0.037676 0.153595
0 0.587252 0.511220 0.046187 0.175520
0 0.605885 0.494500 0.062429 0.163338
0 0.734211 0.605014 0.050735 0.118149
0 0.682863 0.660213 0.059182 0.168088
0 0.636741 0.684568 0.059182 0.190014
0 0.600686 0.729030 0.036443 0.215588
0 0.558787 0.747909 0.026699 0.192453
0 0.540923 0.748517 0.023452 0.193669
0 0.522407 0.727203 0.024101 0.163216
0 0.465892 0.757041 0.024101 0.171743
0 0.450625 0.724767 0.041640 0.175399
0 0.330447 0.680307 0.052036 0.164439
0 0.439258 0.448213 0.052685 0.204750
0 0.540598 0.519470 0.039690 0.213277
0 0.492232 0.531037 0.027283 0.229115
0 0.564953 0.477564 0.038987 0.198534
0 0.578600 0.735730 0.028645 0.209500
0 0.419445 0.705277 0.046840 0.153473
0 0.505843 0.730247 0.023449 0.164439