0 0.383065 0.595044 0.055932 0.076736
0 0.565933 0.450649 0.037092 0.253473
0 0.754011 0.567811 0.056418 0.074865
0 0.325607 0.426291 0.057816 0.219365
0 0.384074 0.356250 0.055218 0.220581
0 0.535726 0.467699 0.040339 0.212061
0 0.512989 0.478666 0.032544 0.231547
0 0.508115 0.677260 0.024101 0.168088
0 0.292445 0.355645 0.056580 0.177953
0 0.590292 0.503632 0.042941 0.125574
0 0.609782 0.402537 0.055932 0.152372
0 0.455173 0.462220 0.032544 0.232764
0 0.226933 0.569868 0.075070 0.090277
0 0.661751 0.435422 0.063726 0.205966
0 0.623423 0.504243 0.050732 0.109743
0 0.695854 0.367824 0.065676 0.153595
0 0.727395 0.647422 0.088346 0.166872
0 0.668604 0.662037 0.099391 0.225331
0 0.625405 0.752172 0.067560 0.205845
0 0.483106 0.468919 0.035142 0.251041
0 0.606209 0.643767 0.053982 0.130331
0 0.577625 0.666909 0.039690 0.137642
0 0.526957 0.663861 0.026699 0.148601
0 0.487005 0.660818 0.024750 0.147378
0 0.468490 0.649855 0.025398 0.159561
0 0.442505 0.669345 0.034494 0.208284
0 0.548068 0.684571 0.035142 0.204628
0 0.416523 0.655338 0.034494 0.180270
0 0.374622 0.711976 0.062425 0.176615
0 0.323303 0.652902 0.084515 0.211939
0 0.261263 0.658993 0.085164 0.165649
0 0.371081 0.489017 0.044822 0.110966
0 0.426265 0.441514 0.037092 0.249811
0 0.398332 0.487189 0.042292 0.156027