0 0.574377 0.702841 0.035795 0.204628
0 0.296668 0.432378 0.050735 0.199878
0 0.443155 0.705889 0.038389 0.176615
0 0.696506 0.418980 0.083867 0.182824
0 0.708231 0.619409 0.092894 0.166872
0 0.423342 0.704057 0.041640 0.202196
0 0.490903 0.701625 0.022151 0.158345
0 0.342789 0.465267 0.058530 0.185264
0 0.622449 0.448213 0.076068 0.238858
0 0.560737 0.466483 0.070872 0.258345
0 0.452899 0.465872 0.046187 0.254689
0 0.406777 0.480490 0.059182 0.215709
0 0.553265 0.724764 0.037744 0.236297
0 0.504544 0.725983 0.029946 0.221682
0 0.430164 0.481098 0.044890 0.229115
0 0.665649 0.457348 0.076717 0.193791
0 0.255418 0.595047 0.076068 0.164432
0 0.538429 0.485233 0.048137 0.253466
0 0.469789 0.702841 0.035795 0.204628
0 0.380793 0.479274 0.043589 0.213277
0 0.474661 0.465264 0.054634 0.275392
0 0.525333 0.731466 0.033845 0.215595
0 0.605917 0.710149 0.040274 0.214378
0 0.513694 0.471125 0.053982 0.260777
0 0.351560 0.684571 0.078667 0.211939
0 0.389562 0.693095 0.055932 0.192446
0 0.645218 0.673608 0.092894 0.192446
0 0.303813 0.632804 0.088411 0.198541
0 0.585422 0.461611 0.056580 0.253466