0 0.540598 0.464655 0.034494 0.208405
0 0.569831 0.455520 0.044886 0.221797
0 0.233654 0.627932 0.058530 0.135203
0 0.278479 0.652902 0.087114 0.177831
0 0.332721 0.687615 0.089059 0.188797
0 0.374295 0.702841 0.063077 0.180264
0 0.412623 0.716240 0.044886 0.204628
0 0.440557 0.715020 0.037092 0.199757
0 0.470438 0.711976 0.031895 0.198534
0 0.491551 0.693095 0.024753 0.180270
0 0.512665 0.689443 0.031895 0.175399
0 0.531178 0.694318 0.032548 0.163216
0 0.554564 0.713801 0.035146 0.204628
0 0.583829 0.712588 0.040277 0.190014
0 0.622157 0.704057 0.062360 0.177831
0 0.712128 0.650463 0.087701 0.168088
0 0.757894 0.629760 0.065027 0.129115
0 0.720216 0.360514 0.067625 0.143851
0 0.699105 0.436030 0.065676 0.168209
0 0.660452 0.455520 0.050735 0.192568
0 0.624074 0.458568 0.045539 0.210838
0 0.589643 0.448824 0.040339 0.227892
0 0.275261 0.373304 0.072757 0.135324
0 0.294427 0.446993 0.069510 0.160905
0 0.335677 0.459176 0.054569 0.165770
0 0.374978 0.475010 0.046123 0.175520
0 0.410674 0.473182 0.038393 0.196230
0 0.435360 0.473179 0.026699 0.213277
0 0.459429 0.470135 0.031831 0.202311
0 0.487038 0.479878 0.029881 0.209622
0 0.514645 0.471355 0.029232 0.229115