0 0.418144 0.504851 0.033845 0.220581
0 0.342141 0.729030 0.063726 0.176615
0 0.377218 0.730855 0.039041 0.175399
0 0.402555 0.733291 0.028649 0.190014
0 0.429838 0.725983 0.028649 0.192453
0 0.476935 0.724767 0.022800 0.175399
0 0.494474 0.723547 0.021503 0.170527
0 0.516562 0.725983 0.030595 0.187574
0 0.537058 0.730243 0.032479 0.191230
0 0.567914 0.736338 0.038328 0.188797
0 0.597146 0.741209 0.048721 0.174176
0 0.640346 0.729030 0.079250 0.159561
0 0.683544 0.708932 0.085099 0.172959
0 0.687411 0.428115 0.060479 0.113392
0 0.661425 0.513986 0.056580 0.163338
0 0.626996 0.518858 0.051384 0.182824
0 0.594840 0.518858 0.037744 0.182824
0 0.569831 0.507287 0.033196 0.198655
0 0.546769 0.507895 0.037741 0.212061
0 0.518510 0.499976 0.035795 0.213277
0 0.495449 0.521902 0.040339 0.220588
0 0.470114 0.522243 0.037741 0.215027
0 0.445105 0.510334 0.025402 0.214493
0 0.397683 0.501807 0.033196 0.202318
0 0.376895 0.509111 0.026699 0.195007
0 0.345422 0.510334 0.046771 0.168209
0 0.312292 0.503024 0.049369 0.173088
0 0.288872 0.422027 0.049434 0.125581
0 0.456472 0.719892 0.029946 0.170527
0 0.298941 0.703449 0.073470 0.152250