0 0.419847 0.420956 0.045337 0.235872
0 0.622274 0.421554 0.028735 0.201149
0 0.661227 0.419757 0.054281 0.209527
0 0.309056 0.616716 0.083013 0.196365
0 0.360459 0.646051 0.081099 0.226291
0 0.699223 0.419159 0.066411 0.186777
0 0.482106 0.433527 0.040868 0.215514
0 0.544049 0.432929 0.034483 0.202345
0 0.453054 0.425743 0.032566 0.216716
0 0.293730 0.420355 0.054919 0.181993
0 0.392710 0.420355 0.043423 0.227493
0 0.734344 0.358696 0.058750 0.137689
0 0.240730 0.593368 0.091953 0.132899
0 0.650052 0.634676 0.090677 0.210730
0 0.371636 0.417959 0.033204 0.225095
0 0.339706 0.416166 0.054915 0.204736
0 0.760205 0.581997 0.105362 0.136493
0 0.518186 0.654432 0.026180 0.204743
0 0.493924 0.659834 0.030011 0.220331
0 0.556182 0.677780 0.028097 0.251439
0 0.602159 0.653236 0.038314 0.216716
0 0.574382 0.662814 0.032569 0.226291
0 0.539259 0.665209 0.024905 0.228689
0 0.262121 0.344926 0.054281 0.165230
0 0.452414 0.665804 0.036396 0.222703
0 0.696348 0.633480 0.073438 0.213122
0 0.476043 0.650240 0.022350 0.217912
0 0.430384 0.654432 0.047254 0.207135
0 0.402286 0.646649 0.058750 0.215514
0 0.570550 0.423946 0.032566 0.246649
0 0.596732 0.423949 0.030011 0.208331
0 0.517229 0.423949 0.039589 0.239466