0 0.423018 0.439078 0.061777 0.186480
0 0.332429 0.419591 0.079250 0.242507
0 0.431463 0.579152 0.025398 0.115831
0 0.617901 0.603510 0.044890 0.093912
0 0.487654 0.740598 0.029946 0.185142
0 0.456829 0.538956 0.034429 0.205966
0 0.410350 0.512767 0.048137 0.185264
0 0.613029 0.489017 0.041640 0.149939
0 0.705276 0.412889 0.063726 0.102439
0 0.322977 0.732074 0.086465 0.214378
0 0.384690 0.576713 0.046187 0.123142
0 0.461346 0.743037 0.037092 0.194885
0 0.683546 0.736334 0.090299 0.186358
0 0.569214 0.845348 0.063013 0.168088
0 0.679292 0.485361 0.070223 0.147507
0 0.593867 0.799676 0.047488 0.147378
0 0.513638 0.721720 0.032544 0.161993
0 0.430486 0.831949 0.053333 0.177831
0 0.646483 0.542000 0.063077 0.197446
0 0.400281 0.799676 0.056584 0.127892
0 0.484081 0.549307 0.031895 0.212061
0 0.625373 0.701017 0.049434 0.086480
0 0.739737 0.758260 0.072757 0.152250
0 0.638040 0.801500 0.051387 0.126676
0 0.566258 0.713196 0.035146 0.091351
0 0.299267 0.342247 0.049438 0.177953
0 0.269710 0.744253 0.065676 0.143723
0 0.245023 0.645595 0.048786 0.082824
0 0.511366 0.551139 0.034494 0.203534
0 0.430814 0.699797 0.029297 0.088919
0 0.766663 0.652902 0.047488 0.097439
0 0.382741 0.471966 0.037092 0.171865
0 0.380793 0.710757 0.066977 0.108405
0 0.592241 0.700405 0.049434 0.085257
0 0.539299 0.724764 0.037092 0.155905
0 0.349319 0.522514 0.059762 0.207189
0 0.564632 0.601071 0.031895 0.118264
0 0.541571 0.552959 0.029946 0.199878
0 0.570514 0.465875 0.050022 0.176736
0 0.585422 0.584632 0.047485 0.129236