0 0.660270 0.508358 0.068966 0.195162
0 0.381533 0.584986 0.042786 0.120932
0 0.348647 0.519135 0.062577 0.214324
0 0.488494 0.528713 0.035762 0.211926
0 0.391432 0.487405 0.052364 0.153257
0 0.535108 0.516142 0.054915 0.220311
0 0.437728 0.460466 0.046613 0.262216
0 0.414101 0.567027 0.053002 0.135297
0 0.467422 0.526919 0.034483 0.213122
0 0.516910 0.525122 0.042786 0.216716
0 0.588429 0.523324 0.059387 0.196365
0 0.567038 0.438912 0.043423 0.219108
0 0.569272 0.579000 0.021074 0.099378
0 0.624191 0.574213 0.047892 0.085007
0 0.623232 0.483216 0.052360 0.137689
0 0.686132 0.439514 0.070879 0.129311
0 0.463591 0.742436 0.033207 0.181993
0 0.616209 0.723875 0.088123 0.140088
0 0.708802 0.721483 0.066411 0.142480
0 0.661865 0.741240 0.093870 0.205939
0 0.632173 0.804098 0.061305 0.128115
0 0.552989 0.780152 0.039593 0.176007
0 0.588750 0.781946 0.049809 0.148473
0 0.507650 0.728064 0.025542 0.172412
0 0.487216 0.734652 0.028097 0.185588
0 0.370679 0.786736 0.044061 0.174811
0 0.434214 0.758601 0.034483 0.207135
0 0.405481 0.762791 0.031928 0.201149
0 0.268508 0.716693 0.065773 0.142480
0 0.329171 0.735250 0.073434 0.174811
0 0.530000 0.734652 0.038314 0.173615
0 0.317676 0.447892 0.054277 0.165230