0 0.681890 0.381054 0.061128 0.188919
0 0.419153 0.686399 0.039625 0.225338
0 0.443838 0.665084 0.044822 0.185142
0 0.469497 0.655949 0.036378 0.169304
0 0.490611 0.649247 0.037027 0.170520
0 0.508150 0.658993 0.042223 0.170527
0 0.528773 0.696155 0.045150 0.247284
0 0.567914 0.710760 0.044822 0.239953
0 0.602995 0.694314 0.072108 0.231426
0 0.662434 0.656557 0.123427 0.224115
0 0.709205 0.587736 0.101337 0.181486
0 0.638040 0.417152 0.061780 0.210845
0 0.604910 0.429331 0.040991 0.227892
0 0.582497 0.438470 0.028649 0.202318
0 0.555214 0.424459 0.041643 0.225459
0 0.527279 0.439078 0.039041 0.223020
0 0.502921 0.439074 0.025402 0.227892
0 0.454849 0.425071 0.022800 0.238858
0 0.307386 0.652291 0.091658 0.218027
0 0.269708 0.592000 0.076072 0.197324
0 0.481157 0.441514 0.033845 0.237635
0 0.427240 0.416544 0.029946 0.248601
0 0.408726 0.419591 0.035795 0.232764
0 0.380793 0.408628 0.035791 0.247378
0 0.341485 0.407409 0.054645 0.240074
0 0.316481 0.361791 0.070872 0.143716
0 0.352535 0.676044 0.059831 0.202196
0 0.394467 0.687007 0.038324 0.221676