0 0.393991 0.430767 0.060083 0.241574
0 0.470386 0.679503 0.036050 0.204399
0 0.596137 0.674676 0.048930 0.233365
0 0.568240 0.660193 0.029186 0.220493
0 0.438198 0.680311 0.035193 0.228541
0 0.398714 0.692378 0.052360 0.243027
0 0.490130 0.681115 0.025751 0.223716
0 0.342059 0.668236 0.090130 0.226932
0 0.236908 0.610297 0.061802 0.130365
0 0.290986 0.625591 0.082404 0.186696
0 0.666951 0.652949 0.085838 0.209223
0 0.539914 0.669044 0.030905 0.202791
0 0.623605 0.704453 0.054079 0.183473
0 0.515879 0.673875 0.030901 0.202791
0 0.725750 0.611909 0.119312 0.210831
0 0.686265 0.405017 0.074677 0.173980
0 0.608582 0.426740 0.048068 0.252845
0 0.576395 0.416280 0.047211 0.257669
0 0.651074 0.429959 0.060944 0.211000
0 0.719741 0.294767 0.062659 0.140182
0 0.514162 0.444446 0.053218 0.236743
0 0.480685 0.438010 0.053218 0.252845
0 0.454077 0.446861 0.037769 0.238358
0 0.542059 0.432375 0.054079 0.251236
0 0.416739 0.421912 0.052360 0.262500
0 0.773389 0.591791 0.072105 0.119095
0 0.363519 0.415476 0.057510 0.265723
0 0.331759 0.426743 0.064375 0.249622
0 0.278541 0.302814 0.076396 0.124088
0 0.287982 0.409037 0.055791 0.239966