0 0.288548 0.657777 0.086465 0.172959
0 0.314240 0.384875 0.074058 0.170642
0 0.421070 0.730247 0.043589 0.210723
0 0.556187 0.572453 0.038393 0.080514
0 0.525982 0.511551 0.044238 0.224236
0 0.368449 0.555399 0.040991 0.107311
0 0.471739 0.727811 0.025402 0.159568
0 0.593249 0.450037 0.038324 0.205966
0 0.420420 0.566358 0.042288 0.126797
0 0.390861 0.712588 0.053333 0.199757
0 0.475310 0.532257 0.036443 0.229108
0 0.378195 0.462223 0.039690 0.154811
0 0.508441 0.526166 0.036443 0.233980
0 0.548425 0.673000 0.030530 0.084041
0 0.395441 0.510939 0.035077 0.208405
0 0.339250 0.468311 0.064310 0.218149
0 0.345714 0.693706 0.087766 0.232642
0 0.428539 0.420199 0.042937 0.231547
0 0.710505 0.644986 0.096144 0.164432
0 0.450301 0.526166 0.026699 0.238858
0 0.615303 0.467091 0.039694 0.230331
0 0.552616 0.434203 0.042941 0.218149
0 0.442831 0.758260 0.042937 0.213155
0 0.492852 0.715632 0.022151 0.140074
0 0.512339 0.727811 0.023452 0.164432
0 0.530562 0.736334 0.023387 0.169304
0 0.569537 0.798459 0.070159 0.181486
0 0.581881 0.716848 0.067560 0.188791
0 0.595816 0.645595 0.048786 0.097446
0 0.619234 0.732682 0.066908 0.166865
0 0.655937 0.670561 0.103939 0.208284
0 0.746850 0.581037 0.053333 0.124236
0 0.663699 0.378784 0.080616 0.163338
0 0.637715 0.461611 0.066328 0.204750
0 0.289521 0.318493 0.049434 0.110959