0 0.420094 0.443949 0.042941 0.098777
0 0.397681 0.593767 0.031895 0.113399
0 0.420418 0.602902 0.029297 0.119493
0 0.437634 0.537128 0.036443 0.119486
0 0.467400 0.527220 0.045308 0.134439
0 0.444780 0.619345 0.022151 0.067108
0 0.505843 0.584632 0.027348 0.224236
0 0.462319 0.625436 0.022151 0.069547
0 0.525332 0.590111 0.018252 0.130453
0 0.545144 0.454301 0.035795 0.158466
0 0.548393 0.605949 0.030595 0.123142
0 0.572753 0.611429 0.040339 0.085385
0 0.314856 0.428726 0.049438 0.104872
0 0.600688 0.594983 0.042941 0.106088
0 0.585422 0.476230 0.047485 0.126797
0 0.621476 0.498152 0.070223 0.170642
0 0.654930 0.437858 0.061780 0.118270
0 0.701050 0.659601 0.046187 0.081608
0 0.653339 0.721720 0.088350 0.169304
0 0.592598 0.708321 0.073405 0.137642
0 0.605915 0.785669 0.055867 0.082824
0 0.564016 0.797240 0.048724 0.079169
0 0.537382 0.853875 0.047420 0.104750
0 0.551315 0.724764 0.033845 0.102311
0 0.531503 0.748514 0.024101 0.154689
0 0.516886 0.797848 0.032548 0.116926
0 0.497398 0.795412 0.028649 0.185135
0 0.515263 0.753997 0.025402 0.165655
0 0.483755 0.757044 0.024750 0.166872
0 0.466865 0.746081 0.019553 0.142514
0 0.448677 0.736338 0.023452 0.127892
0 0.421068 0.708932 0.037092 0.082824
0 0.410674 0.797240 0.043589 0.088912
0 0.432760 0.857530 0.048786 0.119372
0 0.376895 0.783230 0.047485 0.102311
0 0.383067 0.722939 0.068923 0.157122
0 0.332070 0.710760 0.076068 0.179047
0 0.283674 0.661429 0.050735 0.102318
0 0.338241 0.513986 0.058530 0.153595
0 0.374946 0.575497 0.042288 0.101223
0 0.381441 0.481098 0.039690 0.097561
0 0.401580 0.514595 0.046187 0.098784