0 0.486679 0.487797 0.040991 0.218149
0 0.638040 0.450041 0.057881 0.193784
0 0.551317 0.694922 0.027348 0.203412
0 0.700728 0.607774 0.087114 0.158466
0 0.474013 0.705291 0.031247 0.226527
0 0.512663 0.689443 0.024101 0.185142
0 0.685791 0.434203 0.059841 0.171865
0 0.657886 0.642547 0.090944 0.183919
0 0.495124 0.696142 0.025398 0.181486
0 0.463942 0.478662 0.024101 0.199878
0 0.345387 0.657166 0.092310 0.205845
0 0.446728 0.699189 0.041643 0.236297
0 0.544495 0.498764 0.033193 0.154811
0 0.287573 0.353267 0.079319 0.102318
0 0.514939 0.489017 0.046836 0.220588
0 0.610787 0.669345 0.055218 0.179054
0 0.421068 0.688834 0.046187 0.213155
0 0.574378 0.472571 0.044886 0.231547
0 0.238204 0.583473 0.041640 0.116932
0 0.285950 0.627324 0.092959 0.211932
0 0.576359 0.683351 0.038324 0.192446
0 0.392160 0.693098 0.046836 0.224115
0 0.601337 0.452476 0.046840 0.225453
0 0.309986 0.426899 0.052685 0.191351
0 0.356757 0.453696 0.056584 0.164554
0 0.432760 0.463436 0.038393 0.249818
0 0.697481 0.338041 0.053333 0.091351
0 0.401580 0.453693 0.037092 0.225453
0 0.527930 0.683355 0.027348 0.168088