0 0.649407 0.387311 0.050735 0.199878
0 0.416521 0.408020 0.042288 0.226676
0 0.450951 0.409236 0.025398 0.221797
0 0.646517 0.630368 0.087701 0.193669
0 0.691665 0.596872 0.083150 0.197324
0 0.392160 0.412280 0.037741 0.213277
0 0.381443 0.667517 0.060479 0.177831
0 0.595198 0.645595 0.065611 0.146162
0 0.501620 0.651682 0.026699 0.216811
0 0.294068 0.599307 0.078018 0.187574
0 0.515263 0.644986 0.031895 0.218027
0 0.690659 0.376959 0.073470 0.198662
0 0.477259 0.400098 0.037741 0.259561
0 0.416196 0.641939 0.027348 0.197324
0 0.538324 0.632196 0.033845 0.214378
0 0.560086 0.372696 0.029297 0.236419
0 0.341166 0.397666 0.060479 0.220588
0 0.442506 0.649243 0.031895 0.250919
0 0.610106 0.380611 0.055283 0.169426
0 0.298292 0.395230 0.048786 0.198662
0 0.559144 0.641939 0.035081 0.209500
0 0.529555 0.393399 0.037092 0.209622
0 0.482458 0.632196 0.029946 0.197324
0 0.583472 0.378176 0.042288 0.218149
0 0.504870 0.405581 0.040991 0.246162
0 0.332721 0.637068 0.077369 0.197324
0 0.459721 0.645595 0.022151 0.224122