0 0.518218 0.566361 0.029885 0.207182
0 0.543195 0.552351 0.046187 0.181608
0 0.571130 0.535912 0.031895 0.199878
0 0.595816 0.525557 0.034494 0.203534
0 0.620823 0.539564 0.036443 0.185264
0 0.647135 0.540172 0.048786 0.174304
0 0.681890 0.518250 0.059831 0.152378
0 0.695530 0.438466 0.054634 0.117054
0 0.728337 0.707713 0.056580 0.131547
0 0.687086 0.726591 0.055932 0.193669
0 0.647133 0.750345 0.060479 0.182703
0 0.575676 0.769223 0.034494 0.191230
0 0.547744 0.765568 0.033196 0.183919
0 0.524683 0.768003 0.032544 0.166872
0 0.506818 0.771051 0.028000 0.175399
0 0.487978 0.765568 0.022804 0.171743
0 0.469465 0.768615 0.029950 0.182703
0 0.444778 0.761916 0.028649 0.176615
0 0.417497 0.757652 0.036443 0.170520
0 0.384690 0.764959 0.038389 0.185135
0 0.342467 0.749128 0.074771 0.180270
0 0.300240 0.710149 0.083867 0.155905
0 0.255742 0.696142 0.055932 0.115716
0 0.307061 0.456736 0.061128 0.109743
0 0.318139 0.528601 0.061063 0.160905
0 0.360688 0.534693 0.057816 0.190128
0 0.390245 0.548699 0.035077 0.166993
0 0.411357 0.540784 0.040926 0.202311
0 0.436043 0.543220 0.034429 0.195007
0 0.464950 0.553578 0.035081 0.184061
0 0.489277 0.570625 0.030598 0.205966
0 0.604259 0.762713 0.044886 0.187953