0 0.303004 0.431571 0.073820 0.236750
0 0.353218 0.692699 0.081542 0.220493
0 0.268240 0.659706 0.059225 0.154507
0 0.314593 0.665345 0.064378 0.194743
0 0.453218 0.717649 0.032620 0.244635
0 0.476393 0.716845 0.034335 0.233365
0 0.427895 0.713625 0.042061 0.214061
0 0.398283 0.719260 0.046353 0.202791
0 0.499571 0.697530 0.025751 0.201182
0 0.531330 0.707993 0.041204 0.212446
0 0.549786 0.714432 0.031759 0.212446
0 0.602146 0.713628 0.031759 0.210838
0 0.574247 0.714432 0.030901 0.212446
0 0.652360 0.704774 0.087553 0.206007
0 0.742919 0.658905 0.059229 0.143243
0 0.667811 0.437527 0.092703 0.199730
0 0.700427 0.372345 0.073820 0.133743
0 0.690128 0.679828 0.080688 0.197966
0 0.648068 0.464885 0.061802 0.199730
0 0.590557 0.446861 0.041200 0.273764
0 0.566951 0.433179 0.036908 0.285034
0 0.515450 0.476635 0.040342 0.223878
0 0.537768 0.448470 0.040342 0.235142
0 0.457510 0.466980 0.037766 0.233527
0 0.433476 0.441226 0.041200 0.285034
0 0.382832 0.450882 0.034335 0.252845
0 0.612874 0.465372 0.046353 0.230311
0 0.404292 0.451689 0.061802 0.251230
0 0.483690 0.464564 0.036908 0.228696
0 0.287982 0.354318 0.072959 0.136959
0 0.348068 0.445253 0.054076 0.238358
0 0.514162 0.696726 0.025751 0.206007