0 0.264995 0.562834 0.071517 0.160439
0 0.576935 0.428736 0.050447 0.213122
0 0.666654 0.601750 0.074072 0.168824
0 0.635047 0.425747 0.056832 0.199953
0 0.604074 0.431730 0.058750 0.204743
0 0.711355 0.354503 0.044699 0.158047
0 0.677193 0.419159 0.059387 0.170020
0 0.721254 0.578402 0.078544 0.150858
0 0.555861 0.438916 0.037676 0.226291
0 0.393348 0.637071 0.043423 0.186777
0 0.515634 0.641264 0.024905 0.180797
0 0.584279 0.632882 0.047254 0.180791
0 0.623870 0.617912 0.081737 0.189176
0 0.563845 0.645453 0.052360 0.189176
0 0.536706 0.654432 0.023625 0.192770
0 0.412184 0.647845 0.040231 0.198757
0 0.462951 0.652635 0.031928 0.205932
0 0.498391 0.644253 0.023629 0.172412
0 0.482108 0.635872 0.025542 0.162838
0 0.433577 0.671196 0.045978 0.216716
0 0.301712 0.421554 0.046616 0.191568
0 0.312568 0.607139 0.074714 0.179601
0 0.356310 0.635872 0.070241 0.215514
0 0.271061 0.377851 0.045337 0.164027
0 0.372274 0.429334 0.042148 0.211926
0 0.340984 0.425145 0.061305 0.213128
0 0.400371 0.440111 0.048533 0.226291
0 0.531277 0.451490 0.039593 0.217912
0 0.505416 0.458071 0.038955 0.216709
0 0.446668 0.441311 0.037676 0.231081
0 0.420486 0.431730 0.036396 0.243054
0 0.474445 0.448493 0.035759 0.250243