0 0.386638 0.490845 0.038393 0.209622
0 0.687411 0.361125 0.070872 0.115831
0 0.298941 0.593220 0.083863 0.158345
0 0.664706 0.654726 0.100692 0.176615
0 0.437959 0.730247 0.050086 0.205845
0 0.661425 0.415936 0.099456 0.157250
0 0.530530 0.719895 0.029946 0.185142
0 0.509092 0.719287 0.029946 0.196101
0 0.639339 0.469527 0.086461 0.179176
0 0.437634 0.419588 0.044241 0.257122
0 0.527281 0.523730 0.049438 0.199878
0 0.458454 0.513378 0.063661 0.220581
0 0.253793 0.574338 0.057229 0.110838
0 0.481515 0.534084 0.042223 0.232764
0 0.631252 0.683351 0.090944 0.155905
0 0.305762 0.361122 0.055935 0.108527
0 0.698811 0.589564 0.096144 0.151034
0 0.466541 0.721111 0.033196 0.165655
0 0.371697 0.677872 0.070876 0.152257
0 0.349319 0.476226 0.062364 0.187696
0 0.413598 0.524341 0.046836 0.169426
0 0.558137 0.473182 0.042292 0.220581
0 0.581200 0.504240 0.042941 0.195007
0 0.588052 0.705277 0.064314 0.153473
0 0.405477 0.705277 0.059178 0.160784
0 0.553914 0.728422 0.029946 0.204628
0 0.604259 0.488405 0.052685 0.190135
0 0.333369 0.642547 0.086465 0.171743
0 0.748474 0.584693 0.050086 0.114493
0 0.485380 0.730247 0.034494 0.208277
0 0.327232 0.418372 0.054566 0.152378
0 0.504868 0.534084 0.042292 0.230331