0 0.653955 0.542000 0.061128 0.207189
0 0.705600 0.736946 0.057881 0.190014
0 0.380467 0.559051 0.040342 0.187696
0 0.495124 0.746081 0.028000 0.181486
0 0.543196 0.553571 0.028000 0.193791
0 0.654930 0.752172 0.061780 0.203412
0 0.511041 0.546872 0.037744 0.207189
0 0.694879 0.545044 0.078018 0.166993
0 0.346038 0.733899 0.070223 0.198541
0 0.570157 0.548699 0.036443 0.203534
0 0.475960 0.749733 0.035142 0.186358
0 0.719240 0.462889 0.082566 0.112061
0 0.442831 0.740601 0.042937 0.182703
0 0.420418 0.739382 0.038393 0.192453
0 0.250870 0.691270 0.074771 0.169311
0 0.598090 0.560270 0.039041 0.185257
0 0.763741 0.722939 0.078018 0.120581
0 0.271982 0.440297 0.046840 0.162122
0 0.337625 0.546264 0.048072 0.176730
0 0.394110 0.557226 0.044241 0.162115
0 0.303813 0.726595 0.058530 0.210716
0 0.392160 0.726591 0.045539 0.176615
0 0.621800 0.547480 0.040991 0.201095
0 0.521434 0.733899 0.029946 0.154689
0 0.563690 0.741821 0.038977 0.168088
0 0.537706 0.727811 0.028580 0.140068
0 0.446404 0.552963 0.033196 0.192574
0 0.481483 0.543216 0.035795 0.209622
0 0.618259 0.747301 0.048072 0.193669
0 0.416198 0.532257 0.039041 0.224243
0 0.590000 0.743642 0.048721 0.181486
0 0.295402 0.537128 0.058465 0.163338