0 0.337919 0.464720 0.070872 0.186358
0 0.716676 0.644375 0.082505 0.160777
0 0.667305 0.680916 0.096793 0.197318
0 0.619234 0.697358 0.060414 0.171743
0 0.587077 0.705889 0.053268 0.166872
0 0.556222 0.731267 0.040926 0.198142
0 0.531827 0.710149 0.024750 0.160784
0 0.512047 0.713804 0.024036 0.170527
0 0.494832 0.707716 0.027286 0.163216
0 0.475342 0.707105 0.031182 0.152250
0 0.444132 0.768615 0.045539 0.202189
0 0.418795 0.723547 0.041640 0.197324
0 0.384690 0.721720 0.042288 0.186358
0 0.340191 0.688226 0.096209 0.214372
0 0.282052 0.661429 0.074771 0.155912
0 0.480184 0.491453 0.035791 0.227892
0 0.251195 0.578601 0.040342 0.107189
0 0.378193 0.545108 0.037092 0.071865
0 0.381443 0.433655 0.037092 0.143730
0 0.429187 0.404973 0.045539 0.210838
0 0.410023 0.535909 0.046187 0.092696
0 0.431137 0.548091 0.032544 0.095128
0 0.459072 0.494497 0.031247 0.221804
0 0.506818 0.490841 0.034494 0.231547
0 0.528580 0.486581 0.037744 0.215716
0 0.560886 0.384875 0.044584 0.216926
0 0.554564 0.540780 0.031247 0.097561
0 0.580874 0.476834 0.040991 0.213277
0 0.605234 0.470135 0.040342 0.202311
0 0.640638 0.464655 0.064375 0.179176
0 0.670845 0.381828 0.061128 0.149939
0 0.703000 0.331284 0.050086 0.100000
0 0.747499 0.568855 0.048137 0.104750
0 0.282375 0.321598 0.053333 0.102318
0 0.309984 0.385547 0.076068 0.144946