0 0.483261 0.570787 0.046350 0.238358
0 0.458368 0.738250 0.025751 0.103000
0 0.503004 0.751929 0.029186 0.165777
0 0.517595 0.743078 0.022317 0.151291
0 0.481115 0.737446 0.031759 0.152892
0 0.434762 0.708476 0.038627 0.107831
0 0.536910 0.747101 0.030043 0.156122
0 0.402146 0.699625 0.066094 0.090128
0 0.386694 0.816307 0.054079 0.120709
0 0.457510 0.853324 0.039488 0.123932
0 0.351930 0.726176 0.090987 0.210838
0 0.565665 0.733422 0.027467 0.141628
0 0.294849 0.710889 0.062663 0.122318
0 0.430043 0.809064 0.051503 0.122318
0 0.609870 0.708473 0.052360 0.143243
0 0.588840 0.817916 0.041204 0.140020
0 0.562232 0.865395 0.048068 0.138412
0 0.630041 0.807456 0.049784 0.119101
0 0.654935 0.446861 0.068667 0.141791
0 0.715020 0.718132 0.072101 0.117493
0 0.603432 0.606196 0.056652 0.083851
0 0.634335 0.558716 0.070386 0.162716
0 0.665236 0.728591 0.096137 0.186696
0 0.585836 0.711696 0.040342 0.117486
0 0.590987 0.499970 0.054076 0.138574
0 0.553647 0.450078 0.037766 0.125696
0 0.562661 0.613439 0.028328 0.098338
0 0.571245 0.523307 0.038627 0.095115
0 0.511159 0.548257 0.045495 0.215824
0 0.448067 0.629530 0.039485 0.088682
0 0.460514 0.534574 0.036912 0.169149
0 0.532187 0.554696 0.042919 0.164324
0 0.446351 0.451689 0.034332 0.161108
0 0.387984 0.590905 0.048068 0.127311
0 0.400429 0.503997 0.060944 0.140182
0 0.424034 0.521699 0.049784 0.114426
0 0.331328 0.458128 0.073820 0.148230
0 0.357510 0.559520 0.062659 0.148230
0 0.578968 0.609416 0.040342 0.093507
0 0.420171 0.610216 0.038627 0.085459