0 0.533094 0.766943 0.028472 0.202845
0 0.513877 0.752264 0.022775 0.173486
0 0.496083 0.755601 0.022775 0.174824
0 0.328823 0.392544 0.074022 0.185628
0 0.344838 0.438584 0.060501 0.245682
0 0.380068 0.422571 0.049823 0.240345
0 0.407115 0.458601 0.041279 0.288392
0 0.436654 0.435247 0.041993 0.236345
0 0.463699 0.511983 0.041993 0.259034
0 0.486476 0.501976 0.034876 0.313750
0 0.515301 0.525328 0.034162 0.264372
0 0.532382 0.525331 0.052670 0.243014
0 0.474732 0.764943 0.027049 0.201507
0 0.438787 0.750929 0.054807 0.194845
0 0.408182 0.754264 0.070461 0.222865
0 0.365479 0.772949 0.056227 0.142791
0 0.391813 0.669524 0.056231 0.106764
0 0.334162 0.694213 0.090393 0.209520
0 0.286119 0.654845 0.081139 0.170824
0 0.245550 0.608135 0.054090 0.114770
0 0.767613 0.624149 0.056227 0.130784
0 0.560141 0.428574 0.041283 0.249689
0 0.567969 0.588051 0.037013 0.082872
0 0.587186 0.556024 0.049823 0.149601
0 0.607106 0.421223 0.056923 0.202959
0 0.618859 0.556693 0.036299 0.073534
0 0.639144 0.459939 0.079715 0.229676
0 0.662987 0.397882 0.093240 0.188304
0 0.724908 0.649507 0.098933 0.178824
0 0.676155 0.700220 0.102494 0.208182
0 0.618146 0.684203 0.050533 0.120108
0 0.600708 0.734916 0.071175 0.170818
0 0.576867 0.770949 0.071888 0.216196