0 0.657395 0.508959 0.072159 0.186784
0 0.719977 0.704720 0.068328 0.173615
0 0.467741 0.720882 0.027459 0.162831
0 0.454650 0.518537 0.029373 0.208331
0 0.564485 0.732257 0.033207 0.207135
0 0.628341 0.587983 0.049805 0.062264
0 0.624829 0.722679 0.046616 0.199953
0 0.688366 0.455081 0.065135 0.141284
0 0.382492 0.722081 0.044703 0.186784
0 0.535429 0.720284 0.028739 0.173608
0 0.627382 0.482615 0.045337 0.165230
0 0.543411 0.518537 0.030649 0.205939
0 0.304267 0.452084 0.065773 0.144872
0 0.590346 0.737645 0.032569 0.239466
0 0.760205 0.653831 0.055553 0.131703
0 0.667933 0.709507 0.077906 0.209527
0 0.442836 0.730463 0.038955 0.208331
0 0.330128 0.714297 0.084292 0.219108
0 0.475723 0.520334 0.045975 0.214318
0 0.278085 0.388027 0.061942 0.095784
0 0.513079 0.516139 0.044061 0.229885
0 0.593539 0.525118 0.051726 0.211926
0 0.714867 0.400598 0.056832 0.082615
0 0.413782 0.717291 0.044703 0.196365
0 0.279362 0.717291 0.075993 0.177203
0 0.492964 0.720885 0.021712 0.165230
0 0.567995 0.509557 0.037676 0.233480
0 0.429425 0.511949 0.036400 0.233480
0 0.235620 0.662814 0.054915 0.137696
0 0.399733 0.520929 0.043423 0.229885
0 0.330768 0.514345 0.058746 0.180797
0 0.374191 0.486807 0.043423 0.176007
0 0.368443 0.590973 0.039589 0.063459
0 0.514676 0.723875 0.026822 0.178399