0 0.453023 0.440655 0.034876 0.201514
0 0.683982 0.300463 0.081139 0.134926
0 0.659429 0.597459 0.091816 0.181500
0 0.340923 0.431980 0.069751 0.173486
0 0.481137 0.442655 0.037013 0.197514
0 0.630959 0.624152 0.073312 0.181493
0 0.312097 0.570101 0.074732 0.177486
0 0.355514 0.601463 0.081852 0.192169
0 0.293236 0.417966 0.085413 0.137459
0 0.397151 0.629490 0.045553 0.192169
0 0.648751 0.403889 0.067614 0.213655
0 0.298218 0.308537 0.061207 0.113439
0 0.519214 0.660182 0.027755 0.194838
0 0.375441 0.439318 0.054804 0.180162
0 0.704268 0.561429 0.088969 0.170818
0 0.422773 0.647503 0.044126 0.209520
0 0.397151 0.429311 0.045553 0.194838
0 0.267969 0.534740 0.056227 0.122777
0 0.550886 0.658848 0.049823 0.197507
0 0.446973 0.644834 0.044130 0.193507
0 0.601065 0.634828 0.071888 0.197507
0 0.606402 0.411230 0.076868 0.212324
0 0.473663 0.654845 0.029178 0.197514
0 0.679002 0.392544 0.081139 0.158939
0 0.427755 0.427976 0.029895 0.210858
0 0.739854 0.525395 0.047686 0.101426
0 0.577222 0.653510 0.072598 0.213520
0 0.496795 0.657514 0.027045 0.192176
0 0.587187 0.416564 0.056941 0.220331
0 0.573306 0.443990 0.039146 0.205520
0 0.548751 0.435983 0.031319 0.205520
0 0.518148 0.442655 0.042703 0.208189