0 0.436009 0.658385 0.030598 0.200973
0 0.448710 0.426280 0.032483 0.202304
0 0.713070 0.335544 0.058530 0.132885
0 0.588377 0.627932 0.049373 0.181486
0 0.671526 0.588956 0.089647 0.179047
0 0.372056 0.395230 0.040277 0.201095
0 0.525982 0.428115 0.028649 0.215716
0 0.712128 0.542669 0.076004 0.137635
0 0.687411 0.378179 0.072169 0.223020
0 0.637715 0.408017 0.065023 0.216926
0 0.416847 0.395226 0.035142 0.266872
0 0.282050 0.384267 0.064375 0.198655
0 0.377868 0.623669 0.089712 0.233865
0 0.555214 0.403145 0.039041 0.268088
0 0.501622 0.430551 0.034494 0.230331
0 0.476935 0.643767 0.021503 0.137642
0 0.602312 0.406797 0.051384 0.226676
0 0.634499 0.612706 0.089647 0.177831
0 0.579899 0.429939 0.042941 0.209622
0 0.339899 0.377568 0.063013 0.229108
0 0.511688 0.658385 0.022151 0.164432
0 0.390569 0.401318 0.035726 0.208405
0 0.526631 0.671172 0.020850 0.190007
0 0.495124 0.652902 0.020202 0.155912
0 0.414249 0.643770 0.035142 0.218027
0 0.330773 0.591392 0.076068 0.203405
0 0.543845 0.673608 0.029297 0.209500
0 0.284326 0.560932 0.057229 0.120568
0 0.474986 0.437858 0.026699 0.230324
0 0.565283 0.651074 0.028000 0.191230
0 0.456150 0.673608 0.026699 0.211932