0 0.437090 0.759196 0.045337 0.167622
0 0.311290 0.792122 0.064497 0.147270
0 0.608865 0.630486 0.040231 0.089797
0 0.747114 0.785537 0.056195 0.112547
0 0.531277 0.537693 0.057474 0.136493
0 0.566400 0.550865 0.051085 0.129311
0 0.645901 0.750216 0.070879 0.120932
0 0.456566 0.833429 0.045975 0.124520
0 0.427512 0.863963 0.050447 0.096980
0 0.619400 0.838220 0.045978 0.098182
0 0.396220 0.816071 0.046616 0.092196
0 0.492005 0.790926 0.049171 0.137689
0 0.576937 0.609530 0.041506 0.148466
0 0.463589 0.598155 0.061305 0.123324
0 0.640155 0.608936 0.053002 0.164034
0 0.587153 0.474834 0.061939 0.144872
0 0.476679 0.515541 0.058108 0.135297
0 0.694432 0.809486 0.070883 0.141284
0 0.610461 0.552659 0.044699 0.104169
0 0.604714 0.750814 0.049809 0.100574
0 0.448903 0.531108 0.052364 0.118541
0 0.424955 0.611929 0.053002 0.124520
0 0.492005 0.729861 0.036400 0.140088
0 0.518506 0.618514 0.040868 0.077824
0 0.393348 0.608334 0.051085 0.114939
0 0.360461 0.601149 0.051726 0.155649
0 0.396539 0.537095 0.047254 0.080216
0 0.411546 0.458672 0.072159 0.122128
0 0.585876 0.879527 0.060667 0.113743
0 0.364292 0.502970 0.061939 0.138885
0 0.323742 0.502372 0.071521 0.173608
0 0.285110 0.444902 0.059387 0.130507
0 0.550755 0.831034 0.044061 0.117338
0 0.522020 0.723875 0.037676 0.118534
0 0.257650 0.766980 0.058112 0.116135
0 0.575020 0.755605 0.032569 0.143682
0 0.548519 0.741236 0.028094 0.131703
0 0.471252 0.734652 0.037034 0.142480
0 0.523295 0.801105 0.037676 0.112547
0 0.363014 0.747223 0.064494 0.141284
0 0.400690 0.742436 0.060667 0.112547
0 0.666975 0.529314 0.069604 0.146074
0 0.546286 0.635274 0.031290 0.104169