0 0.569180 0.748517 0.037092 0.120588
0 0.555539 0.590172 0.030595 0.113277
0 0.457447 0.773486 0.040991 0.129108
0 0.509416 0.680307 0.020202 0.157128
0 0.402879 0.726591 0.044886 0.105966
0 0.547744 0.666909 0.029297 0.140074
0 0.481483 0.666909 0.027996 0.161993
0 0.308036 0.679088 0.066977 0.127892
0 0.513314 0.507895 0.039694 0.175520
0 0.566906 0.431159 0.041640 0.129236
0 0.462968 0.663253 0.020854 0.115709
0 0.527281 0.680919 0.028645 0.153473
0 0.574377 0.515811 0.035795 0.101216
0 0.425614 0.528054 0.038393 0.108405
0 0.455173 0.482318 0.037741 0.117054
0 0.665323 0.463436 0.068274 0.123142
0 0.496750 0.675432 0.019553 0.164432
0 0.480508 0.487801 0.027351 0.166993
0 0.595490 0.491453 0.035146 0.110959
0 0.604910 0.737557 0.042288 0.113277
0 0.400930 0.459784 0.053982 0.179176
0 0.601987 0.648030 0.045539 0.112061
0 0.542548 0.509111 0.029297 0.114615
0 0.390537 0.606618 0.047488 0.102318
0 0.436335 0.739382 0.033845 0.119372
0 0.427890 0.420807 0.050735 0.123142
0 0.639989 0.683355 0.059178 0.177831
0 0.693906 0.691878 0.059178 0.102311
0 0.445103 0.587740 0.029297 0.103534
0 0.544495 0.779578 0.039694 0.138858
0 0.324276 0.451257 0.061777 0.118270
0 0.360330 0.723547 0.059831 0.148595
0 0.365858 0.487179 0.065690 0.197466
0 0.627645 0.523730 0.061777 0.156027