0 0.593216 0.475615 0.033193 0.218149
0 0.618227 0.465267 0.035142 0.195007
0 0.706899 0.362341 0.064378 0.140196
0 0.656229 0.455520 0.051384 0.199878
0 0.693580 0.448213 0.055932 0.160899
0 0.745259 0.601743 0.065611 0.153473
0 0.698162 0.640111 0.087049 0.188791
0 0.608514 0.677264 0.055867 0.172959
0 0.573110 0.692486 0.047423 0.191230
0 0.544852 0.695530 0.035081 0.177831
0 0.520168 0.670561 0.029885 0.137635
0 0.498697 0.674828 0.023449 0.151034
0 0.481841 0.677872 0.028584 0.142514
0 0.461153 0.673277 0.040274 0.142514
0 0.435034 0.705889 0.042941 0.149818
0 0.415222 0.682743 0.048786 0.166865
0 0.388263 0.676655 0.052036 0.171743
0 0.342791 0.649858 0.079319 0.174176
0 0.293744 0.642547 0.077369 0.200973
0 0.233980 0.610274 0.086461 0.168088
0 0.287249 0.373304 0.046187 0.159689
0 0.314207 0.454304 0.045539 0.182824
0 0.358056 0.470139 0.047485 0.195007
0 0.391512 0.468311 0.041640 0.201095
0 0.425941 0.434206 0.045539 0.186480
0 0.420744 0.526777 0.048133 0.098784
0 0.452250 0.491453 0.027996 0.205973
0 0.477259 0.492669 0.037741 0.210838
0 0.511690 0.484753 0.024750 0.216926
0 0.535076 0.488405 0.029950 0.199878
0 0.566580 0.463439 0.033196 0.247378