0 0.520459 0.733899 0.033193 0.164432
0 0.574703 0.592551 0.040339 0.086601
0 0.409375 0.665084 0.046187 0.087696
0 0.584121 0.688834 0.046187 0.115709
0 0.420094 0.763743 0.033845 0.124243
0 0.357407 0.685787 0.076068 0.187574
0 0.542546 0.738166 0.031895 0.168088
0 0.546445 0.850223 0.040991 0.163216
0 0.632874 0.696142 0.076004 0.169311
0 0.503894 0.739990 0.032544 0.166872
0 0.691957 0.694314 0.061780 0.129115
0 0.490578 0.733291 0.026699 0.163216
0 0.303164 0.699189 0.068923 0.136419
0 0.598413 0.796020 0.046187 0.137635
0 0.456472 0.699186 0.032548 0.133980
0 0.387288 0.764959 0.046187 0.116932
0 0.567231 0.796628 0.035795 0.136419
0 0.435360 0.685182 0.039694 0.081608
0 0.670521 0.446446 0.070872 0.115716
0 0.642261 0.544436 0.059831 0.151155
0 0.571130 0.521963 0.068277 0.096223
0 0.607834 0.473243 0.058530 0.115716
0 0.395409 0.457348 0.050732 0.132885
0 0.600362 0.570014 0.056580 0.109743
0 0.512665 0.523730 0.042288 0.236419
0 0.562685 0.611426 0.044886 0.063459
0 0.558461 0.440966 0.053333 0.138851
0 0.535400 0.515206 0.042288 0.195007
0 0.441856 0.422024 0.053982 0.157250
0 0.443805 0.563926 0.034494 0.129230
0 0.394110 0.559662 0.054634 0.101216
0 0.464267 0.525557 0.029946 0.235196
0 0.427566 0.582804 0.035795 0.101216
0 0.473362 0.736946 0.026047 0.182703
0 0.414897 0.503632 0.052036 0.101223
0 0.359063 0.485973 0.059762 0.192568
0 0.321351 0.445777 0.062429 0.136541
0 0.487004 0.528601 0.036443 0.224243
0 0.443481 0.822206 0.053333 0.160777