0 0.669957 0.677091 0.093564 0.212453
0 0.652787 0.478243 0.072962 0.223878
0 0.621888 0.548253 0.050645 0.074196
0 0.676822 0.406625 0.069528 0.128912
0 0.575964 0.561132 0.032620 0.090291
0 0.605578 0.566764 0.048930 0.091905
0 0.613305 0.463760 0.060944 0.140182
0 0.715450 0.668240 0.067809 0.152899
0 0.400427 0.691578 0.047211 0.173818
0 0.622317 0.738250 0.037766 0.131973
0 0.537768 0.486291 0.050641 0.227095
0 0.514591 0.497557 0.042061 0.223872
0 0.454077 0.473416 0.046353 0.236750
0 0.478969 0.493534 0.042919 0.209392
0 0.406865 0.455713 0.042919 0.140182
0 0.429184 0.553084 0.022317 0.128912
0 0.369099 0.549865 0.053218 0.077419
0 0.403432 0.566764 0.041200 0.059716
0 0.436481 0.400186 0.040342 0.173980
0 0.565665 0.428351 0.041204 0.159500
0 0.315022 0.400186 0.072105 0.161101
0 0.337768 0.458943 0.057510 0.227115
0 0.373818 0.451689 0.048926 0.161108
0 0.582402 0.462152 0.048926 0.156277
0 0.249784 0.548334 0.061802 0.090128
0 0.281544 0.649730 0.075535 0.157730
0 0.366524 0.685135 0.056652 0.196351
0 0.329184 0.661804 0.088414 0.194743
0 0.745921 0.571672 0.044634 0.107831
0 0.439914 0.726983 0.033477 0.202791
0 0.467380 0.709280 0.033477 0.189912
0 0.513303 0.706061 0.029186 0.193135
0 0.489270 0.693186 0.030901 0.196358
0 0.535622 0.715716 0.029182 0.199568
0 0.583690 0.727787 0.037766 0.117493
0 0.582404 0.651338 0.033477 0.096568
0 0.559656 0.633635 0.029186 0.061162
0 0.555364 0.740662 0.032616 0.162554
0 0.613305 0.648118 0.043777 0.090128