0 0.420486 0.732855 0.054277 0.227493
0 0.389196 0.756801 0.045341 0.158047
0 0.406438 0.656828 0.046613 0.082615
0 0.357268 0.686760 0.077268 0.197561
0 0.310971 0.657422 0.070245 0.172412
0 0.450499 0.523922 0.030014 0.209534
0 0.272337 0.611328 0.056832 0.106561
0 0.402605 0.506564 0.036396 0.186777
0 0.520423 0.729264 0.028097 0.186784
0 0.468380 0.722679 0.031290 0.187980
0 0.676232 0.649642 0.084292 0.159243
0 0.441241 0.725672 0.047254 0.198750
0 0.486578 0.716693 0.026822 0.176007
0 0.500946 0.718486 0.031290 0.189176
0 0.568315 0.734054 0.045978 0.198757
0 0.541177 0.722078 0.032566 0.184385
0 0.600881 0.721483 0.066411 0.187980
0 0.634726 0.684365 0.098339 0.202351
0 0.718699 0.608936 0.047892 0.130507
0 0.566717 0.485611 0.046616 0.223899
0 0.652926 0.420956 0.065773 0.152061
0 0.621636 0.473639 0.065773 0.202345
0 0.601202 0.488601 0.050447 0.210730
0 0.528724 0.540088 0.025542 0.165230
0 0.549477 0.567027 0.036396 0.085014
0 0.545326 0.429338 0.039589 0.195162
0 0.475723 0.524520 0.037038 0.201149
0 0.502223 0.537095 0.035121 0.202351
0 0.323105 0.405389 0.061301 0.154453
0 0.429746 0.434125 0.048530 0.214318
0 0.431022 0.570618 0.029373 0.104169
0 0.346413 0.465855 0.054281 0.208331
0 0.377063 0.490399 0.041506 0.209527