0 0.657081 0.427547 0.110732 0.235135
0 0.625750 0.515264 0.065236 0.101554
0 0.678112 0.347878 0.094422 0.175595
0 0.347638 0.753541 0.063521 0.114270
0 0.374677 0.659385 0.072959 0.115878
0 0.257081 0.646514 0.067813 0.112662
0 0.426180 0.832402 0.078112 0.197966
0 0.465665 0.709280 0.042061 0.173818
0 0.518025 0.708473 0.036908 0.181865
0 0.493562 0.697209 0.029186 0.146459
0 0.542059 0.677895 0.035196 0.127142
0 0.575108 0.662605 0.065236 0.128750
0 0.379398 0.516872 0.036050 0.127311
0 0.641631 0.645706 0.076393 0.091736
0 0.439914 0.690770 0.036908 0.114270
0 0.626178 0.746297 0.066094 0.173824
0 0.571674 0.811480 0.065236 0.185081
0 0.590987 0.527331 0.052360 0.116041
0 0.591416 0.392943 0.037766 0.220655
0 0.578541 0.546645 0.041204 0.119264
0 0.542059 0.466176 0.047211 0.212608
0 0.474249 0.487098 0.043777 0.267331
0 0.438196 0.487902 0.028328 0.236750
0 0.509870 0.486291 0.053218 0.246405
0 0.405578 0.529747 0.033477 0.120872
0 0.621888 0.389726 0.045492 0.188466
0 0.423177 0.368000 0.037769 0.228703
0 0.347209 0.469392 0.045495 0.202946
0 0.323175 0.422720 0.057514 0.251236
0 0.310299 0.667432 0.095279 0.193135
0 0.422317 0.673872 0.051503 0.128757
0 0.293562 0.360757 0.073820 0.149838
0 0.756222 0.638463 0.090987 0.135196
0 0.695277 0.652145 0.108155 0.185088
0 0.652359 0.743078 0.058368 0.125534