0 0.363901 0.680307 0.065676 0.164439
0 0.445753 0.717456 0.025402 0.087696
0 0.423341 0.717456 0.039041 0.092574
0 0.591593 0.428723 0.071524 0.126797
0 0.651032 0.698578 0.059182 0.105966
0 0.599094 0.698578 0.079903 0.169304
0 0.564014 0.706493 0.063013 0.116932
0 0.576002 0.802108 0.046836 0.101095
0 0.542548 0.802720 0.034494 0.097439
0 0.523058 0.848395 0.033193 0.101101
0 0.501946 0.801500 0.029946 0.146162
0 0.493825 0.757652 0.027996 0.114493
0 0.517859 0.732074 0.029297 0.109622
0 0.462643 0.710760 0.021503 0.059682
0 0.477910 0.760699 0.023452 0.130331
0 0.459721 0.778358 0.027348 0.080392
0 0.428541 0.842916 0.039041 0.112061
0 0.419769 0.777139 0.031899 0.077953
0 0.388914 0.771051 0.041640 0.085264
0 0.396708 0.704669 0.050735 0.137635
0 0.316805 0.673000 0.057229 0.115716
0 0.536375 0.724764 0.029946 0.116932
0 0.515261 0.520078 0.024101 0.141412
0 0.498699 0.527382 0.019553 0.151155
0 0.475960 0.540172 0.019553 0.176736
0 0.416196 0.471966 0.032544 0.089041
0 0.446728 0.426287 0.027351 0.151155
0 0.408077 0.562709 0.035795 0.090257
0 0.428214 0.575497 0.029301 0.079291
0 0.457123 0.512770 0.023449 0.126797
0 0.372674 0.413497 0.048137 0.113399
0 0.388263 0.523730 0.049434 0.112176
0 0.525982 0.450649 0.023452 0.119486
0 0.515912 0.604118 0.026699 0.085385
0 0.576002 0.543216 0.062425 0.119486
0 0.552939 0.573061 0.046187 0.093905
0 0.450301 0.601078 0.034497 0.076858
0 0.534751 0.590115 0.035795 0.091473
0 0.541573 0.528601 0.031247 0.070770
0 0.550016 0.471963 0.040342 0.106088