0 0.290557 0.721351 0.074677 0.130365
0 0.477683 0.768828 0.024894 0.154507
0 0.463088 0.729399 0.026609 0.098176
0 0.429184 0.731007 0.048068 0.098176
0 0.588411 0.624703 0.043777 0.095122
0 0.457941 0.887122 0.055795 0.143243
0 0.568240 0.452493 0.051499 0.146622
0 0.573820 0.618264 0.033477 0.101554
0 0.590559 0.547453 0.051503 0.117649
0 0.560514 0.755149 0.030901 0.149676
0 0.503004 0.766412 0.032616 0.194743
0 0.625321 0.626314 0.054079 0.104777
0 0.704721 0.731811 0.077254 0.128757
0 0.435622 0.443639 0.054076 0.170764
0 0.678968 0.448470 0.082404 0.141791
0 0.440342 0.590098 0.037766 0.154669
0 0.315879 0.442030 0.063521 0.141791
0 0.337339 0.532963 0.065236 0.204561
0 0.367382 0.532162 0.056652 0.161108
0 0.624463 0.524115 0.048926 0.112824
0 0.517168 0.773655 0.026609 0.199568
0 0.361373 0.737446 0.106436 0.197959
0 0.463519 0.554693 0.041200 0.190074
0 0.382832 0.819527 0.066955 0.123932
0 0.651501 0.541814 0.089272 0.190074
0 0.623177 0.822747 0.065236 0.120709
0 0.434764 0.817111 0.045492 0.122318
0 0.484978 0.562740 0.032616 0.241574
0 0.532616 0.759172 0.033477 0.160939
0 0.543775 0.537791 0.038627 0.133743
0 0.587551 0.832402 0.066094 0.117493
0 0.553647 0.886318 0.068670 0.135189
0 0.403861 0.567568 0.054079 0.132135
0 0.653218 0.739858 0.099568 0.183473
0 0.513305 0.550669 0.051503 0.233527