0 0.599286 0.455078 0.067049 0.237074
0 0.271059 0.672993 0.067049 0.105365
0 0.320870 0.707115 0.068328 0.216716
0 0.391750 0.704122 0.063218 0.215514
0 0.440921 0.645453 0.042786 0.100581
0 0.438047 0.780149 0.057470 0.195162
0 0.474126 0.765780 0.059387 0.190372
0 0.487218 0.684365 0.031928 0.262216
0 0.509568 0.692747 0.038314 0.259818
0 0.538622 0.694541 0.041510 0.261014
0 0.569272 0.705321 0.055553 0.253831
0 0.537025 0.443105 0.057474 0.239466
0 0.578850 0.444304 0.046616 0.270595
0 0.608865 0.718490 0.065773 0.251439
0 0.636962 0.710703 0.065773 0.219108
0 0.683258 0.707115 0.065132 0.221500
0 0.797881 0.708909 0.083654 0.158047
0 0.664739 0.459865 0.068966 0.222703
0 0.370996 0.453284 0.047254 0.231081
0 0.335876 0.450889 0.049805 0.219115
0 0.683258 0.215615 0.108555 0.172419
0 0.324061 0.245547 0.073434 0.153257
0 0.632811 0.403595 0.042148 0.155649
0 0.393986 0.443703 0.083013 0.240662
0 0.415378 0.442507 0.102807 0.183189
0 0.428150 0.399402 0.133459 0.176007
0 0.507332 0.451486 0.049171 0.256230