0 0.411000 0.632196 0.070223 0.099878
0 0.604910 0.618186 0.046187 0.113277
0 0.316805 0.364780 0.048133 0.159682
0 0.576645 0.619405 0.040353 0.091351
0 0.592890 0.729639 0.039041 0.170520
0 0.554888 0.630980 0.026699 0.116932
0 0.441240 0.329514 0.047423 0.154689
0 0.539299 0.659598 0.026699 0.140074
0 0.516886 0.656554 0.028649 0.163216
0 0.399632 0.712584 0.048786 0.153466
0 0.515587 0.449432 0.044241 0.243730
0 0.502919 0.669956 0.020202 0.151034
0 0.436984 0.748517 0.048137 0.159561
0 0.489928 0.694922 0.034494 0.149818
0 0.422692 0.509723 0.039041 0.098784
0 0.485705 0.444557 0.039041 0.260777
0 0.429189 0.422024 0.049434 0.113399
0 0.273607 0.582868 0.066977 0.113277
0 0.464268 0.657774 0.042937 0.102318
0 0.396708 0.396446 0.061128 0.132892
0 0.470440 0.791760 0.051387 0.177831
0 0.447703 0.637068 0.039694 0.070649
0 0.647459 0.417152 0.063726 0.188912
0 0.614328 0.454912 0.044238 0.128014
0 0.570481 0.325791 0.059182 0.242527
0 0.596139 0.361733 0.040342 0.160899
0 0.664674 0.345291 0.073470 0.137757
0 0.306411 0.688834 0.071524 0.176615
0 0.566258 0.481709 0.027348 0.115838
0 0.590618 0.486578 0.039694 0.113399
0 0.359031 0.673608 0.080620 0.209500
0 0.701378 0.289260 0.065027 0.115831
0 0.740679 0.530490 0.060479 0.115709
0 0.537025 0.437250 0.050735 0.207189
0 0.718623 0.643767 0.077305 0.166872
0 0.353184 0.421416 0.061128 0.202318
0 0.665031 0.638895 0.097441 0.213155
0 0.443804 0.493277 0.037092 0.136541
0 0.389238 0.501804 0.051384 0.109743
0 0.466542 0.432990 0.040991 0.249818
0 0.628944 0.709541 0.048786 0.176608
0 0.559468 0.777747 0.044825 0.186358
0 0.288223 0.310574 0.048137 0.097568