0 0.593218 0.681973 0.049809 0.177203
0 0.443474 0.436517 0.033845 0.263412
0 0.668250 0.669399 0.088760 0.178405
0 0.622593 0.681970 0.047254 0.170020
0 0.700497 0.438912 0.062580 0.165230
0 0.717103 0.361088 0.049809 0.150865
0 0.754137 0.602348 0.068966 0.144872
0 0.452095 0.692145 0.034483 0.185588
0 0.248072 0.581395 0.073434 0.138885
0 0.567038 0.688554 0.031928 0.176000
0 0.542133 0.682568 0.029377 0.171216
0 0.517229 0.678378 0.029377 0.155649
0 0.499668 0.681970 0.024901 0.165236
0 0.477319 0.690351 0.027459 0.179595
0 0.422083 0.678976 0.044699 0.166426
0 0.388557 0.674186 0.056832 0.176007
0 0.347050 0.665807 0.081099 0.190372
0 0.300434 0.625098 0.082375 0.192764
0 0.290218 0.349713 0.063218 0.142480
0 0.354393 0.436520 0.062580 0.215514
0 0.398773 0.447892 0.056832 0.240662
0 0.420805 0.444301 0.038317 0.262209
0 0.710715 0.632878 0.079182 0.174811
0 0.469656 0.441307 0.024905 0.256223
0 0.491049 0.445500 0.025542 0.240662
0 0.574701 0.450885 0.030649 0.237068
0 0.630256 0.473037 0.037038 0.180791
0 0.600881 0.469446 0.034483 0.183189
0 0.518506 0.446696 0.035759 0.240662
0 0.664420 0.464659 0.054281 0.176007
0 0.547560 0.458669 0.028735 0.204743
0 0.316079 0.417361 0.075351 0.193966