0 0.350088 0.703024 0.078670 0.177831
0 0.515912 0.568797 0.044890 0.187703
0 0.475344 0.571233 0.037679 0.177953
0 0.423667 0.599855 0.033193 0.113399
0 0.450333 0.527990 0.039629 0.149939
0 0.292119 0.707713 0.057232 0.109628
0 0.371049 0.786277 0.048786 0.115716
0 0.411649 0.512767 0.050735 0.112182
0 0.328856 0.446997 0.065611 0.151155
0 0.411326 0.794193 0.043589 0.104750
0 0.412948 0.702230 0.048137 0.118149
0 0.441532 0.723544 0.022155 0.168088
0 0.444130 0.823429 0.044238 0.141291
0 0.537998 0.829517 0.040991 0.146169
0 0.463618 0.725983 0.026047 0.148601
0 0.483431 0.732074 0.025398 0.182703
0 0.504868 0.730855 0.034494 0.165655
0 0.525982 0.741818 0.026047 0.148595
0 0.548068 0.719284 0.029946 0.135203
0 0.573728 0.723547 0.040991 0.114500
0 0.576359 0.818554 0.051319 0.124243
0 0.616310 0.792368 0.044173 0.103534
0 0.650739 0.727199 0.083150 0.177831
0 0.712420 0.724155 0.063730 0.110838
0 0.674418 0.486581 0.069571 0.128014
0 0.643886 0.566970 0.066973 0.152372
0 0.593867 0.537736 0.033196 0.125581
0 0.403854 0.594983 0.041640 0.093912
0 0.613029 0.604122 0.040342 0.119486
0 0.378519 0.598639 0.048137 0.098777
0 0.566582 0.610821 0.031895 0.120709
0 0.559112 0.456740 0.046836 0.143845
0 0.540923 0.536517 0.045535 0.123142
0 0.348344 0.532257 0.055218 0.160905
0 0.436333 0.457348 0.045539 0.147507
0 0.386315 0.507287 0.050735 0.115831