0 0.402231 0.461611 0.034494 0.233980
0 0.585420 0.473791 0.043589 0.219365
0 0.376245 0.469530 0.035791 0.213277
0 0.642587 0.459784 0.052685 0.203527
0 0.450301 0.712584 0.033193 0.187574
0 0.560443 0.705885 0.037679 0.188797
0 0.391510 0.704057 0.048137 0.202196
0 0.673768 0.417764 0.056580 0.153595
0 0.531178 0.500588 0.041643 0.202311
0 0.296018 0.643159 0.078018 0.170520
0 0.421717 0.702841 0.035795 0.192453
0 0.709205 0.626105 0.080551 0.165655
0 0.473686 0.716240 0.028000 0.187574
0 0.495775 0.715632 0.022800 0.183926
0 0.516238 0.708932 0.028649 0.182703
0 0.536407 0.705277 0.029881 0.175392
0 0.662108 0.677872 0.078602 0.198541
0 0.590002 0.691878 0.042223 0.190014
0 0.617933 0.689443 0.050022 0.190007
0 0.612380 0.470139 0.041640 0.212061
0 0.479209 0.499368 0.029950 0.214493
0 0.334670 0.461000 0.052685 0.181608
0 0.342791 0.679696 0.080616 0.190014
0 0.561384 0.478662 0.038393 0.202311
0 0.429514 0.439686 0.035791 0.187696
0 0.450982 0.486581 0.035730 0.220581
0 0.509092 0.499980 0.035142 0.218149