0 0.591917 0.336764 0.033196 0.215716
0 0.615953 0.337983 0.037095 0.203534
0 0.650058 0.328236 0.042941 0.205973
0 0.687735 0.314838 0.050735 0.191351
0 0.722868 0.272865 0.059827 0.118270
0 0.728986 0.499429 0.051384 0.121804
0 0.691016 0.507348 0.077953 0.188791
0 0.648791 0.536578 0.087045 0.196101
0 0.599744 0.545105 0.043524 0.203412
0 0.576034 0.551196 0.037676 0.210716
0 0.550993 0.558503 0.031895 0.213155
0 0.527930 0.562159 0.022151 0.191236
0 0.508117 0.559723 0.022800 0.176608
0 0.489928 0.557287 0.024101 0.174182
0 0.472714 0.564595 0.019553 0.188797
0 0.447378 0.567034 0.029950 0.208284
0 0.425292 0.557895 0.031247 0.211939
0 0.399306 0.557895 0.040342 0.216804
0 0.356106 0.551196 0.074771 0.215595
0 0.306086 0.515264 0.081268 0.190014
0 0.445753 0.333720 0.035795 0.248601
0 0.424641 0.334328 0.045535 0.213277
0 0.393786 0.324581 0.035795 0.235203
0 0.354809 0.327017 0.064378 0.213277
0 0.305114 0.313618 0.063726 0.196223
0 0.470764 0.331892 0.028649 0.220581
0 0.491551 0.333716 0.029950 0.209622
0 0.518510 0.333111 0.035795 0.203534
0 0.540923 0.330064 0.033845 0.209628
0 0.567881 0.330672 0.037095 0.237642