0 0.478205 0.697341 0.044173 0.143723
0 0.538649 0.479882 0.034494 0.146291
0 0.513314 0.513375 0.038389 0.196223
0 0.381441 0.588287 0.057881 0.095128
0 0.450133 0.700993 0.044886 0.119365
0 0.460695 0.582804 0.025398 0.057365
0 0.542222 0.584020 0.022151 0.074419
0 0.307386 0.473179 0.066973 0.123142
0 0.503569 0.708321 0.030598 0.188791
0 0.483436 0.704666 0.029286 0.186358
0 0.602960 0.569405 0.052681 0.089041
0 0.670196 0.448213 0.059831 0.121926
0 0.518186 0.730247 0.018252 0.127899
0 0.577951 0.496324 0.040342 0.108527
0 0.430488 0.585848 0.042937 0.097561
0 0.339218 0.533476 0.052685 0.187696
0 0.560085 0.569409 0.031895 0.103655
0 0.537676 0.817946 0.048137 0.144946
0 0.566258 0.378176 0.032544 0.149932
0 0.590942 0.777750 0.059831 0.101095
0 0.394059 0.705929 0.075420 0.130331
0 0.523058 0.656557 0.025402 0.051155
0 0.415548 0.496932 0.052032 0.107311
0 0.481807 0.503024 0.042937 0.202318
0 0.349611 0.715628 0.069571 0.162000
0 0.686436 0.701564 0.063726 0.097561
0 0.555539 0.753389 0.037095 0.076736
0 0.302189 0.736946 0.061777 0.116932
0 0.582823 0.690051 0.050086 0.120588
0 0.557488 0.670564 0.034494 0.096223
0 0.416521 0.591331 0.050086 0.074419
0 0.609456 0.471963 0.047488 0.106088
0 0.543196 0.694314 0.030595 0.155912
0 0.451276 0.484142 0.031243 0.145068
0 0.642912 0.546875 0.067625 0.104872
0 0.424641 0.799064 0.044238 0.107182
0 0.390537 0.806983 0.055279 0.110845
0 0.377868 0.490236 0.041640 0.108527
0 0.457771 0.820378 0.052032 0.144946
0 0.434759 0.694176 0.048501 0.093459
0 0.630569 0.709541 0.065023 0.208284
0 0.419137 0.388882 0.058742 0.161709