0 0.410350 0.714412 0.048137 0.215595
0 0.439941 0.451257 0.040926 0.264432
0 0.231380 0.627324 0.052685 0.116932
0 0.492850 0.694314 0.024750 0.187574
0 0.278153 0.357470 0.066973 0.149939
0 0.297998 0.454304 0.055867 0.180392
0 0.351267 0.457348 0.055867 0.203534
0 0.384074 0.448821 0.046123 0.223020
0 0.412330 0.442122 0.050670 0.260784
0 0.465276 0.479274 0.034429 0.215709
0 0.727362 0.372693 0.067625 0.141412
0 0.782580 0.629149 0.058530 0.118149
0 0.269384 0.653510 0.091013 0.186358
0 0.735514 0.661429 0.101989 0.194885
0 0.682247 0.704669 0.109784 0.208284
0 0.327524 0.679088 0.095560 0.183919
0 0.374297 0.693095 0.069575 0.190014
0 0.493177 0.468311 0.031895 0.244946
0 0.521434 0.471358 0.029946 0.236419
0 0.549692 0.480490 0.033193 0.215709
0 0.576650 0.475618 0.027348 0.252250
0 0.594515 0.462828 0.047488 0.251034
0 0.625697 0.461003 0.040987 0.252250
0 0.698778 0.445166 0.075423 0.223020
0 0.439259 0.710757 0.040991 0.227770
0 0.563009 0.708932 0.045535 0.190014
0 0.658827 0.452476 0.050086 0.242507
0 0.471739 0.702233 0.034497 0.203412
0 0.514613 0.690659 0.033196 0.175399
0 0.538975 0.705277 0.036443 0.194878
0 0.631577 0.715632 0.069510 0.203412
0 0.595847 0.724155 0.047420 0.208284