0 0.400281 0.747909 0.056584 0.158345
0 0.430162 0.695530 0.029297 0.187574
0 0.456798 0.717456 0.027996 0.241169
0 0.480832 0.710757 0.024101 0.218027
0 0.500321 0.697358 0.024101 0.208284
0 0.518187 0.703449 0.019553 0.215588
0 0.528905 0.694314 0.028000 0.190007
0 0.554791 0.728905 0.037741 0.237514
0 0.577303 0.720503 0.031247 0.222899
0 0.597795 0.771051 0.043524 0.138858
0 0.633532 0.712574 0.086400 0.216811
0 0.672177 0.670561 0.074054 0.171743
0 0.718267 0.662037 0.049434 0.108399
0 0.678966 0.359297 0.047488 0.082946
0 0.659151 0.431767 0.052032 0.149939
0 0.634142 0.465875 0.042288 0.215709
0 0.605234 0.494497 0.031247 0.170642
0 0.581231 0.482929 0.031182 0.196223
0 0.562717 0.433595 0.030530 0.209622
0 0.535432 0.464655 0.025337 0.235203
0 0.502270 0.485970 0.040987 0.214493
0 0.481159 0.492669 0.024753 0.201095
0 0.460047 0.426895 0.034494 0.169426
0 0.440881 0.467095 0.045539 0.208405
0 0.416196 0.473182 0.044241 0.205973
0 0.379818 0.459172 0.048133 0.221804
0 0.346721 0.394010 0.048072 0.176736
0 0.318755 0.355034 0.049438 0.091473
0 0.276205 0.670564 0.047488 0.130331
0 0.319404 0.682743 0.061128 0.176608
0 0.372022 0.713804 0.068923 0.224122