0 0.611157 0.744686 0.042919 0.141628
0 0.459227 0.518483 0.041200 0.236750
0 0.430472 0.482267 0.043777 0.215831
0 0.399571 0.511240 0.043777 0.202953
0 0.374249 0.480659 0.041204 0.202953
0 0.336479 0.468588 0.053218 0.223878
0 0.309870 0.396162 0.072101 0.159500
0 0.255793 0.661801 0.066951 0.152899
0 0.313733 0.681115 0.107294 0.214054
0 0.373820 0.663409 0.069528 0.123926
0 0.348067 0.772851 0.064378 0.143243
0 0.395706 0.768024 0.048068 0.165777
0 0.436910 0.789753 0.048068 0.202791
0 0.413303 0.650534 0.038627 0.078865
0 0.439056 0.674676 0.036908 0.078865
0 0.475537 0.727787 0.029186 0.188304
0 0.493132 0.731010 0.028324 0.156115
0 0.684978 0.673068 0.101286 0.207622
0 0.734335 0.658581 0.079827 0.149676
0 0.675535 0.382483 0.087553 0.173980
0 0.660944 0.475027 0.072101 0.185243
0 0.619741 0.430764 0.060086 0.148230
0 0.634762 0.538598 0.047211 0.090291
0 0.599569 0.495142 0.055795 0.177203
0 0.569099 0.479051 0.051503 0.257669
0 0.544205 0.534574 0.053218 0.201338
0 0.523175 0.541818 0.042061 0.225486
0 0.489699 0.530551 0.040342 0.235142
0 0.518454 0.733422 0.034335 0.167385
0 0.541631 0.742274 0.041200 0.162547
0 0.571672 0.756760 0.061802 0.220493
0 0.583690 0.652142 0.041204 0.098176
0 0.648497 0.743882 0.069528 0.136804
0 0.622317 0.642490 0.054933 0.104615